16.883605771
14.107904580
10.444950684
14.498679844
14.568140549
14.191179049
17.059497401
10.047056969
11.603891021
9.786643355
14.583413225
10.173975162
10.049357121
15.410884998
14.054743600
17.591829861
10.730997016
9.809012680
18.218354229
18.118653737
17.604704608
17.972013400
15.009774721
18.251464823
17.810744777
10.772961476
14.221391922
10.441936197
15.601786292
14.476743738
11.104689843
15.850482729
10.958966259
11.147950257
16.637977803
10.807459975
11.214987326
16.464759667
8.111236203
14.471963170
9.893299511
7.342180090
14.521156181
14.668601832
7.402949370
7.299804457
8.227788174
14.889207679
10.327075154
7.388964904
7.450155279
7.891832767
12.499091235
15.195053599
7.569408612
13.769182633
7.740258126
13.837049116
7.382945481
14.142764204
7.530483463
6.462533897
6.939389108
7.734998349
7.530701788
15.589061121
7.535029683
14.046665708
7.723363615
13.582546164
7.784861702
8.079315397
7.509001935
8.133552204
8.012686454
7.961702766
7.630887894
12.118392753
14.826427132
8.155332334
7.744322368
7.554883673
15.716935299
7.870824644
7.831032374
7.997172870
7.732858136
7.678605723
7.774702452
8.225186568
7.724856891
8.187118673
10.927343207
7.894060010
7.748624277
7.823495971
7.862835264
7.725005244
7.850146128
8.346882533
12.109830697
7.978858159
7.754277587
8.204543225
7.835717236
13.231042859
8.059489948
7.871469410
7.964724937
14.228997017
7.994874114
8.348674051
7.940093298
8.318911667
11.602227271
7.939116124
8.033902817
7.685508057
8.066505343
8.410991351
7.923246333
8.429774627
7.782506505
11.113810015
8.260812062
8.091877713
7.998010751
8.466140536
15.591784083
8.521910232
15.455217860
8.120223226
8.126606357
8.033572514
15.735944606
9.585712164
8.441301589
8.074461601
8.349448167
8.247827374
8.697611916
8.363228719
8.146905881
8.789386778
15.780681542
12.044110418
8.663058050
8.651330857
15.569466040
8.263087726
8.164823535
8.612007255
8.259535872
8.752162334
8.341547444
15.756675410
8.105195937
8.719820447
8.189114415
11.518700264
10.441079095
8.773414897
8.789269872
8.569538061
15.254666365
16.224202060
8.563157711
10.286773999
8.648827557
8.559446352
16.139115305
8.890746330
11.344104297
8.788222613
8.835316889
8.666365282
8.470346541
11.065918247
10.561390296
8.813608022
8.731330347
11.349497663
8.849996471
8.143495440
8.469000348
9.117653354
8.681420983
8.500647820
8.999966580
8.774634617
8.640426666
9.259861230
8.855633220
8.727290943
9.145653746
8.865903175
14.021706445
16.484012767
14.146949634
9.508710974
9.081929658
8.779384845
9.408504063
8.914687942
8.829965506
9.287380413
8.998992611
8.820033887
9.411537456
9.134865123
8.926436831
9.495735885
9.281277898
8.958304173
9.593878503
9.191206431
8.509760550
13.400869559
16.585795853
12.733680918
9.762876308
9.375254515
9.466877958
15.824765506
9.439759313
9.336507985
9.618249839
9.279185237
9.608074490
8.687479971
9.832979303
9.456150551
9.936416802
9.824397471
17.279286992
11.652872169
9.417906999
9.661098930
9.697102567
9.998162413
9.623697045
10.565831923
10.344848824
10.478711690
10.105031797
15.087388475
10.011017904
10.022904947
10.258416601
10.442616267
16.684560153
10.924580616
10.633235772
11.112506349
10.781611590
10.879609841
15.169844173
11.063016746
10.503464779
13.900197237
14.874723296
10.375331365
10.992401889
11.138540467
17.098000337
10.927949403
15.985182626
10.840432861
11.026249966
11.123111695
9.358388948
7.765691062
7.416017629
7.309209374
8.590934194
7.361998393
7.816062012
7.390740809
7.804153949
7.402968706
12.486832039
7.387070587
7.438551091
7.832805762
7.413872780
7.446753316
8.287013525
7.388425266
8.027443606
7.403630344
7.914191306
14.038255379
7.867049600
15.086954309
7.523911340
7.644868377
14.947879691
7.945890527
8.041448242
12.644208965
7.774033889
9.446505219
7.700478211
7.640996312
14.386491810
7.962874463
7.584796183
8.032407304
7.681704608
8.045783997
7.679026287
7.976521112
14.856417013
7.740629073
7.655673169
7.758647264
8.177548117
7.705779639
8.050828266
7.908124704
8.164123430
7.705778797
8.105781584
8.940712316
10.489953240
7.704972162
7.956538164
10.246042121
11.361378088
15.425392940
8.035603744
8.365617077
12.210402927
8.076835180
7.814838897
7.860549174
7.998455593
14.425326386
15.488122459
10.988284757
8.098053496
8.028926651
7.770583217
8.388963301
7.823881069
8.352337176
7.818763657
8.351409953
7.838038250
8.478298402
7.977201486
8.482964589
8.012433362
8.434598914
10.412928184
11.426842562
8.211184832
8.383515630
7.758884860
8.192608052
12.924974187
8.094516077
14.501942692
16.493761548
9.872019025
8.356996639
8.062623232
8.046942213
8.492264867
8.061530285
8.391236137
7.939597906
8.655231499
8.237282003
8.669304814
8.336396633
8.203626130
12.211985004
16.072843466
8.346866462
11.438918685
8.257691327
15.917966956
8.309881161
8.317578753
11.283448257
8.792288446
7.499535615
7.841021705
8.659684009
8.197253402
8.754111188
8.245151918
8.275042336
12.353645250
9.499090371
8.635900582
8.741373213
15.892440800
13.835757309
8.949664435
8.654532375
13.022851966
13.687511008
9.065510313
15.629181620
8.793025028
8.739016006
8.629929417
9.004057520
9.023939582
8.601199622
9.022958854
8.800445959
16.085477753
8.530171722
9.113991645
15.712241545
8.725802239
8.538459385
9.163290304
8.757557654
8.635830606
9.734144203
9.049139284
8.511576107
9.494282463
8.904945621
8.672242459
9.289384363
15.221793863
8.829385180
8.882271225
9.559734401
9.123693228
8.740377416
16.789857828
9.056090409
12.394950325
11.431487216
9.211350404
9.042272879
10.045068948
9.230316447
11.899220312
11.399596891
9.049395863
15.032593209
9.233030681
9.213357878
9.264957013
8.885690544
13.065263842
9.461058412
9.154198054
10.157480578
9.065598297
9.398141525
10.007144339
9.583946202
9.704828779
9.465752791
9.451055246
13.311161472
9.936009341
9.815142809
9.720060557
9.682544693
9.798363389
8.536707309
9.576091365
14.318937248
10.108526609
10.048527621
17.295108714
10.451393259
9.987937501
18.384112410
9.802553796
10.126740671
17.690505622
10.526152281
10.411935447
10.515035867
17.490261293
13.110703575
10.452076596
12.148674900
15.347688712
10.586494802
12.640334395
10.736939055
10.285813308
10.918059776
10.745301350
18.219019783
18.415745454
15.522238089
10.753520015
14.190512961
11.078337416
11.154917329
15.147303012
7.874253668
12.310840422
8.636864234
14.318895294
7.935642938
13.082252724
7.342991463
7.379690487
10.773101668
10.670895454
6.594819020
6.546049431
9.351725771
15.102509633
7.617808333
7.640114638
7.475474821
7.529491841
7.454301231
7.443354398
7.580238686
10.816474906
7.980393442
7.730779362
7.590420603
10.008217492
7.606126958
7.442503836
11.727504763
9.993521903
7.663988688
12.976947776
7.827654804
8.165647176
7.681141586
8.127425670
8.577341829
8.183208378
7.634029696
11.971256046
7.142658831
7.915242547
7.887317179
7.614095919
12.097982289
7.802629616
7.907690039
7.821186987
8.150819840
8.719949453
8.207079018
7.773631203
7.699074096
7.734727187
7.820908894
15.366994113
7.880667964
14.147868658
13.064063195
7.873549625
12.396412377
15.722725209
7.943710909
8.919662698
8.170709089
12.158793332
8.028047487
7.995336628
7.821474157
8.347370408
7.913334917
8.270068878
7.884157701
8.362931590
7.800747448
8.092488056
8.019956708
7.973100226
15.385233228
8.103970064
8.014328527
8.468816972
8.009942103
8.028615075
12.459430963
10.360609946
15.192976596
7.960016194
8.354832827
8.623135786
8.187143596
8.902562464
13.114626567
12.507971271
10.684985017
8.420848995
8.170825323
8.142496088
8.539082268
8.042035451
8.465994865
8.098132705
8.727546932
8.138614522
8.741116672
8.210622342
8.630767542
8.278795255
8.198977222
16.046306306
8.566391128
8.499672705
14.244453472
11.306821579
8.529961959
16.110247539
8.632771558
10.945526487
8.452888718
8.384377049
7.734041842
14.017092536
8.812899903
14.809957395
10.499772140
8.910250759
8.520060307
10.043524015
8.755021091
8.595510533
9.117160153
8.690184637
11.104340413
9.137569913
9.066526251
8.658392888
8.711508627
16.560360892
15.180042977
8.627458907
9.191784280
8.756367601
8.730388229
16.504835587
10.445448020
8.869173540
8.912597804
8.671084256
16.177900691
8.520073896
9.158476305
16.282042026
11.146027913
9.257732945
12.109780418
9.099590552
8.981364098
8.870660050
8.637191558
13.214805047
9.054618906
16.506101394
9.110701048
9.543322981
8.943063138
16.549109466
9.202823056
11.842001110
9.063888017
9.225733203
14.215479128
9.155491069
9.545014408
15.885682975
9.261853773
9.349449565
9.174906978
8.908209524
9.597883694
9.318655000
16.441832836
16.367559272
9.354050494
9.890020396
9.257778035
11.018478767
9.330795684
11.705763820
9.407249609
9.456541049
9.475632516
9.598471387
10.227264945
9.631180617
9.721451411
12.968871527
17.079727621
17.058470865
10.536727937
10.216431933
9.994154998
9.904162873
10.018361184
14.020432452
10.244604962
17.335975879
9.808350145
10.282515606
17.319120137
10.120903575
15.814037310
10.595146317
12.145819495
12.130438982
17.882355814
17.909828543
12.421913157
10.644823042
10.673456995
10.576220233
10.615929313
17.917534113
10.389525978
10.170962811
10.617031850
18.691268574
10.892305834
11.374814191
11.184887671
10.878568474
11.963230614
11.047210815
16.200392832
13.233915405
6.166248206
7.480461276
7.733960899
14.802943583
7.399941448
7.471992748
7.451073584
7.354761867
12.372999056
7.369465400
7.348364445
8.783853748
9.835071348
15.020350474
7.674461394
7.516959151
7.369978994
15.268613283
7.898975856
7.412796700
7.918926102
7.591738005
8.140359284
7.611849049
8.013274021
15.255047746
8.511415560
8.081754452
7.725681949
7.688402162
7.735595703
7.570171139
8.041402779
7.770066699
7.877849538
7.646509916
7.998474835
7.597733416
8.130171156
7.536888283
8.135456146
7.675459250
8.241471456
7.632184648
8.250798590
14.938475554
8.115987414
7.751519886
7.693669896
8.128198115
9.564089809
8.173087165
7.843125554
7.769012213
8.164877761
7.773934949
8.177495802
7.765319105
8.259412399
7.965773797
8.387032835
8.037338090
8.104026841
7.741801914
8.407263823
12.541867455
6.983810489
7.933076246
7.927556427
7.902794737
8.377949007
7.925336474
8.414358219
15.214862151
8.118352018
7.784630183
13.082561423
7.986835299
7.844393519
7.957049361
15.959211084
8.079092088
8.138707356
8.187824243
8.558798178
8.000825101
9.266090616
8.123121216
15.417573519
8.178691934
8.059177920
8.373570318
8.519436173
7.990144335
8.035826053
8.544719752
11.866246088
6.961771029
8.116317236
7.971906276
8.104224938
8.203058906
15.142603812
8.306809688
8.488714496
8.208858821
16.174454999
8.184120535
8.712125378
8.263708779
8.758329304
8.369853512
13.041047585
8.107944029
8.278028702
8.679311870
9.269383193
8.241461995
8.793210092
8.631244246
8.220329892
8.754046973
8.764387656
8.513163840
10.150045156
8.832964259
9.050793107
8.855946975
8.544382586
9.116587467
8.704415567
9.655749028
8.898896323
8.694332058
8.571007114
9.411694013
9.557739093
16.028567602
8.749379724
12.816956981
7.882031229
8.915798948
8.902588852
8.679388092
8.779797224
9.120955507
9.534170691
8.667768385
9.609534739
8.448822977
8.829402302
8.693626705
9.416676726
8.905770688
8.684279406
9.199492684
8.979545305
8.814830550
9.274301458
9.082177626
8.803843766
9.446993077
9.035245467
8.996643884
9.310601821
9.067228491
8.636695531
9.449258713
9.037363161
15.837142544
9.823014985
9.253670039
9.181802116
9.136873506
8.945558926
9.550944111
9.023942237
9.033891377
9.811589288
8.927966321
9.407270033
9.232136723
9.833910932
8.728474123
9.625484237
9.144854078
9.684470230
9.457651858
8.745168137
9.275594608
10.136070823
9.749874019
9.740884915
9.850978526
9.405999383
8.726343009
9.589840137
10.076024319
10.126032533
9.991019483
9.970873512
11.086568235
10.063215864
10.172517381
9.981610789
10.111663313
9.931686920
10.187480709
10.074372472
10.818141480
10.478791229
10.661230800
10.376389205
10.293244537
10.951829037
10.999474917
10.654224677
10.952184338
10.731108660
10.791544374
17.168948237
17.513386886
10.503195467
10.516750436
18.892982583
11.020963196
15.843913352
10.958025248
11.231834371
11.127732091
13.178108266
7.499325089
7.378419309
7.855721980
7.458417882
7.860862901
7.367530634
14.911235742
7.538457743
7.393422096
7.428892229
7.362114680
7.444727520
7.388613554
7.633830975
9.764211071
8.014448470
7.454199582
7.390969626
11.235315756
12.650666097
7.434388197
7.503326746
7.744516546
7.778032437
7.606401141
7.608561546
9.930573088
12.200954455
7.460903293
7.579786882
7.591942151
7.629311359
