.466156133
.009044128
.005328753
.005220096
.005418689
.003542486
.005286357
.003515074
.004966246
.005212658
.003502298
.003509947
.005424262
.005654165
.003495647
.006061267
.003628573
.006123061
.005023388
.005436958
.005375268
.003619734
.005425072
.003639612
.003576445
.003576867
.004187016
.005275625
.005042188
.005455506
.003593689
.003617329
.003572946
.003599436
.003538840
.003506570
.006226020
.003617555
.005267852
.004515633
.003498944
.004022066
.003622751
.005310234
.005215523
.003546215
.004516648
.003467408
.003442152
.004486426
.004228513
.004225376
.006235209
.003642414
.005261698
.005654920
.004823608
.003538215
.003548274
.003550966
.003669837
.003805446
.003564547
.003552193
.003568148
.003542343
.003565331
.005204097
.003585996
.004302645
.003520783
.004423388
.003498592
.004070801
.003637673
.003569870
.003683812
.003597368
.003453844
.003594992
.008975049
.003593029
.008167288
.003533262
.003655986
.003590371
.003581044
.003560371
.003538931
.003501395
.003515196
.003608430
.003517459
.003530399
.003491579
.003899819
.003568549
.003539267
.003467344
.003907725
.003509342
.003488084
.003489769
.003481252
.003631037
.003499134
.004074592
.003550302
.003496670
.003641483
.003496851
.003510557
.004518003
.003471013
.004306466
.003511578
.003478322
.004045657
.003481013
.003516984
.003475548
.003487182
.003551634
.003624669
.003556246
.003517192
.003506476
.003548693
.003505276
.003518638
.003511252
.003498589
.003513086
.003472971
.003483257
.003535141
.003479007
.003472837
.003502108
.003608391
.003534262
.003546628
.003658760
.004554719
.003503288
.003459850
.004543387
.003598736
.003611294
.003612827
.003598471
.003596924
.003764719
.003650179
.003543563
.003543980
.003499580
.005024058
.003591507
.003596361
.003562309
.003571418
.003496190
.003514596
.005556571
.003571051
.003626067
.004538719
.003565240
.003550687
.003548370
.003570895
.003558266
.003572709
.004661005
.003604186
.003581634
.003567633
.003576345
.003562732
.003554090
.003568912
.003546047
.003521410
.003508487
.003507552
.004500324
.003467908
.003493742
.003528428
.004298294
.003549079
.003511839
.003626692
.003510816
.004238664
.003494602
.003483591
.003630998
.003574177
.005582811
.004296027
.004596775
.003551024
.004256530
.003469476
.005237069
.004261844
.003544573
.003480832
.003500779
.003523808
.003508761
.004471276
.004777916
.004387906
.003512288
.003500074
.004474029
.003469435
.003505170
.004475875
.004757669
.005358230
.003586292
.004238890
.003497102
.003535038
.003523865
.003602548
.003578612
.007543612
.004231133
.004212261
.004006036
.004315848
.004418900
.003747887
.003593254
.004306768
.003479752
.003528132
.009423343
.008368504
.003492105
.004191321
.004467164
.003592789
.004306481
.003590017
.003579982
.004309412
.004297151
.004037691
.003553986
.003530518
.003602282
.003569818
.004312083
.005529245
.003547480
.003641160
.003588401
.003562245
.004282677
.003562329
.003569851
.003622667
.003592302
.003499605
.004162271
.003507003
.003579364
.003555105
.003546693
.003504542
.003491201
.003562474
.003625254
.003592352
.004207393
.004354037
.003939681
.003573829
.003581692
.003552387
.003574674
.003594426
.003524862
.003534750
.003505789
.003961379
.004538411
.003544709
.003529197
.004113493
.003541966
.003447200
.003521696
.003470106
.003733301
.003483231
.003472538
.003528670
.003523747
.003471959
.003696041
.003626691
.003544209
.003483049
.004490447
.003577149
.003511774
.003807496
.003571768
.003599946
.003511657
.003491526
.003518448
.003514954
.003589135
.004605276
.003757296
.004328114
.004528216
.003656955
.003497266
.003484222
.003466877
.003484042
.003512804
.003609369
.003521736
.003506285
.004482414
.003475702
.003541787
.004571465
.003507646
.003579820
.003506806
.003594197
.004318455
.003516521
.003789502
.003500188
.004485746
.003647408
.004020067
.003611163
.003611024
.003518438
.003540201
.003642662
.004560894
.006994723
.011289697
.004845819
.003542991
.003538854
.003590996
.003520669
.003489047
.003568692
.003813461
.003510664
.003492701
.003485533
.003933049
.003539891
.003488303
.004269888
.003490119
.004530521
.003626654
.004635417
.003581248
.003918628
.004455279
.003805651
.003602711
.003611032
.003618888
.003574771
.004259999
.003575988
.005341910
.004255343
.004291668
.003501786
.003592151
.004409914
.003473237
.003532711
.003493950
.003594136
.004302856
.003478135
.004041956
.003561394
.003536328
.004276186
.006191396
.003486484
.003772287
.003549879
.003704422
.003594080
.003655542
.003958416
.004417178
.004591886
.003551508
.003574085
.003429635
.003308543
.004182713
.003272354
.101225824
.005124266
.003408417
.003408018
.003266429
.003377068
.004015498
.003526022
.003297291
.005040278
.003390638
.003301875
.004154767
.003241133
.003399910
.003248203
.003367528
.003273574
.004656027
.004048330
.003472319
.003263133
.003483900
.003403061
.003393323
.003272989
.003402018
.003267688
.004121463
.003950230
.003373848
.003279019
.003411045
.003273189
.004059820
.003528951
.003421010
.004254811
.004476387
.003301502
.003383438
.004192356
.003387335
.004266388
.004156482
.003410504
.004030575
.003394876
.004217507
.003476529
.003320538
.003485612
.003440348
.003257386
.003434000
.003374955
.004196570
.003950058
.003279015
.004102031
.003264935
.003522658
.004274169
.004122580
.003290626
.004399442
.003375694
.003660682
.003232739
.003367618
.004154643
.004411348
.003592256
.003553649
.003522114
.003534891
.003484943
.003517439
.004182075
.003512788
.003507309
.003672881
.003551198
.003532031
.004282957
.003561339
.003577826
.003521257
.003484317
.003511715
.003510402
.003514084
.003509193
.004492496
.003583042
.004606128
.003549414
.003861906
.003676279
.003593227
.003377200
.003571698
.003587600
.003418315
.003590098
.003528452
.004505625
.003566642
.003389078
.004590719
.004518971
.003544403
.003519821
.003809996
.003609302
.003519759
.003545257
.004547648
.003633787
.004889159
.003629268
.003592575
.003936064
.003563954
.003483810
.003505020
.004528425
.003629577
.003875036
.003572364
.003579707
.003416102
.004392375
.003680510
.003604050
.003554979
.003406666
.003601372
.003532023
.004302688
.003518471
.003530323
.003678076
.003528372
.003522896
.003491373
.005460590
.003570688
.004117786
.004286527
.003893974
.004252501
.003841126
.003542537
.003520115
.004506006
.004241044
.003556846
.004253112
.003534073
.003539980
.003577782
.005161744
.003544681
.003917184
.004121135
.004512875
.003634296
.003519577
.003493238
.003585655
.004504104
.003504223
.003493186
.004256807
.004348374
.004457594
.003593678
.003628469
.003550810
.004264064
.003516277
.003515930
.003509799
.003617957
.004266297
.004293853
.003603544
.004289621
.003487660
.003845888
.003470841
.003796409
.003499485
.003560423
.003474213
.003510038
.003493434
.003500317
.004524172
.003493253
.003517772
.004454720
.003478165
.003777924
.003494917
.003537981
.003582564
.003513912
.004248101
.003499875
.003485191
.004526808
.003589141
.005159034
.003707104
.003762115
.003521308
.003540019
.003541613
.003649774
.004215975
.003591290
.005388133
.004337180
.004197424
.003564664
.003548523
.003994931
.003536962
.003513296
.003540640
.004495795
.003516841
.003512804
.003498432
.004287356
.003525204
.004279503
.003601507
.005246838
.003527100
.003552416
.003524683
.003505070
.003572981
.003546356
.003579457
.004164430
.003633513
.003619571
.003598690
.003597792
.003418120
.004341022
.003619743
.003600399
.003495440
.003527141
.003524507
.004310914
.003674604
.003503444
.003559741
.003509610
.003535383
.003560674
.003498731
.003503007
.003532413
.003497440
.004286712
.003517977
.003513379
.003539481
.003481534
.003480582
.003596892
.003553392
.004664970
.003396833
.003575109
.003372589
.003571317
.004202338
.003561997
.003620949
.003401243
.003610943
.003511523
.003566837
.004185264
.003542474
.004326334
.003541822
.003514371
.003554649
.003524985
.003507216
.003519279
.003519325
.003554756
.003537455
.004538053
.006966160
.003539293
.003490593
.004513751
.003675093
.003958345
.004588105
.003569700
.003594735
.003572477
.003419719
.003646229
.003627712
.003567280
.003562802
.003552103
.004479981
.005556659
.003553479
.003599298
.003613044
.003448379
.004537746
.003550065
.004709301
.003537754
.003514505
.004283270
.003470964
.003821185
.003524886
.003584414
.003503502
.003515948
.003618135
.004665309
.003583569
.005228380
.004251292
.003501373
.004632261
.003502090
.003968902
.003530847
.003512221
.003497723
.003496898
.004273403
.003501466
.004248418
.003504402
.004226814
.004494563
.003515848
.003518606
.004238268
.003590178
.005306141
.003494964
.004313214
.003504993
.003512706
.004316163
.004281451
.003549946
.003485245
.003454625
.003728359
.003617042
.004905503
.004623438
.003392993
.003591445
.003370262
.004311930
.003681471
.003609787
.003558515
.003495766
.003559489
.004493620
.003641884
.003591014
.003553070
.004260095
.003564164
.003659817
.003448049
.003626519
.003948622
.003570021
.004303003
.003402817
.003597220
.003765956
.003635260
.003574043
.003587184
.004346681
.004510671
.003676634
.003495106
.003508043
.003536926
.003527648
.003517312
.003479784
.003486834
.004318748
.003540956
.003485830
.003485943
.003492455
.004303829
.003497623
.004297203
.004485919
.003507806
.003500188
.004097894
.003491386
.003599972
.003539005
.003543354
.004447878
.003605557
.003511533
.003546014
.003534048
.004996876
.004393015
.003402824
.004343484
.003365564
.003590765
.003514828
.003522263
.003538358
.004077925
.004265106
.003864776
.003520537
.004218721
.003507410
.003498044
.003492746
.004255999
.004927795
.003628635
.003447388
.003577082
.004128416
.003710936
.003625359
.003364150
.003547447
.004204479
.003564344
.003604000
.003409069
.003580518
.003570904
.003505550
.003508519
.004129019
.003533252
.003507964
.003509657
.004468198
.003522601
.003533827
.003596236
.004316436
.003500466
.003522361
.003509594
.003510909
.003497400
.003530320
.003500947
.004284629
.003647268
.003555523
.003534232
.003514344
.003669914
.003474274
.003603058
.003652209
.003611044
.003567512
.003381561
.005610878
.003571511
.003569872
.004488820
.003533284
.003718535
.003529711
.003522436
.003510470
.003592284
.003648174
.003573046
.003566230
.003484633
.003610724
.004031526
.003641491
.003562222
.003399685
.004328484
.003594436
.003555037
.006327197
.003578913
.003511455
.003534874
.004059011
.003606898
.003542646
.004278784
.003809929
.003503187
.004273885
.003497347
.004507895
.003595377
.004457604
.003563093
.003563568
.003459569
.003574339
.004105807
.003608048
.004331224
.003555577
.004752018
.003517974
.003613387
.004282349
.004258097
.004327445
.003550427
.004223153
.005240699
.003582058
.003595431
.003639144
.003627778
.003606910
.003508346
.003547235
.003562189
.003540867
.003526996
.003532604
.003551557
.003543425
.003505794
.004704338
.003557494
.004496314
.004511338
.003505049
.004512008
.003657329
.004257897
.003625923
.004519391
.003526053
.003537932
.003604180
.003601924
.004071698
.003547736
.004373829
.003684604
