.079044059
.164837023
.161999552
.151228732
.152638420
.158356923
.155274972
.230848509
.040982568
.102006221
.155579619
.156950458
.154138375
.158621124
.153532162
.101658059
.101540285
.156455495
.101558696
.109200841
.159824480
.098726089
.148556104
.153684414
.109847698
.102749255
.161277878
.102614980
.150188622
.147487111
.104736643
.160574048
.103601399
.114575884
.161474854
.107730144
.097501248
.097501200
.104646320
.105155283
.105941030
.103769738
.106345205
.101576747
.099158326
.172500459
.099989496
.104910851
.107018147
.106581097
.100452131
.151830391
.105661140
.105165406
.106251275
.106542024
.096970311
.099719377
.105821682
.103563220
.102522017
.105880265
.103345797
.096472965
.098163483
.103384110
.111924589
.103062663
.110402039
.106155381
.100742138
.152466507
.106821813
.102687061
.112299548
.105613328
.107443821
.102006473
.108371706
.111062932
.106074760
.102520635
.098507797
.100118696
.108059255
.102830792
.108364432
.109175647
.097929565
.098198128
.104478366
.108806052
.108103947
.105632179
.103703983
.103088230
.098462269
.109582597
.103442905
.102428796
.109108506
.103112447
.099057598
.108226986
.101792468
.104349793
.112549011
.104897967
.104651694
.100215849
.101793462
.106354984
.104990276
.108540208
.099339064
.100154778
.099400399
.106072094
.102773430
.106620563
.110352720
.105681075
.101915845
.101188253
.107000750
.109227712
.106365652
.108418465
.107602193
.101749299
.101267102
.105843545
.101659117
.106728935
.110643588
.103096528
.098024322
.100538831
.104363734
.102153720
.108322930
.108041176
.103559990
.109831240
.098417234
.104931667
.106155362
.105385094
.099472948
.102201840
.109225934
.100182718
.104084926
.105552780
.101878634
.097448100
.102997226
.101462633
.111576282
.107239072
.103708282
.096347262
.098697359
.103805672
.105815856
.105546893
.108212167
.105306531
.100670714
.100714387
.106272283
.100490199
.110820483
.109452593
.105073224
.098411240
.099969289
.105615508
.103404380
.105160836
.106181408
.102595910
.097888245
.100531915
.103532962
.103302408
.108359322
.104455025
.100778007
.101341951
.105222832
.106062761
.099850058
.106211471
.102721389
.096565664
.099324062
.107860715
.107680919
.100528800
.105952734
.100923962
.098347228
.100450774
.103064354
.109568693
.106492119
.104592539
.101601755
.098903382
.102712263
.110146695
.103096556
.108522298
.100032562
.098493089
.097908942
.107873831
.107533270
.102824697
.115586297
.106388268
.107834550
.100571215
.098455124
.100989393
.105456717
.109612492
.109995918
.099113306
.099024782
.105414500
.100729734
.108397947
.106047882
.103189448
.102428766
.100727151
.109410630
.102045745
.107586339
.105017796
.098500173
.097942378
.101930722
.106064200
.104207088
.110235996
.108411360
.098049618
.099733228
.104796132
.103398200
.102537389
.109401660
.104570091
.097749164
.099454139
.107424574
.102381587
.107903600
.105419700
.102529889
.098073821
.106870849
.105545122
.103979763
.026600940
.109637065
.108997849
.105589099
.102383572
.097991258
.103042992
.106397194
.105144181
.098168280
.097897975
.105391146
.107975083
.103187276
.103026064
.106649923
.107128788
.103557801
.104442964
.107423030
.104639392
.098947804
.096861441
.103670990
.106698636
.103024129
.106001265
.102601716
.097497457
.099299614
.104539247
.102371509
.105992172
.106558271
.105458183
.100300420
.101049913
.105361859
.100209570
.108017656
.110911690
.105066355
.100490020
.100130004
.109825014
.104617720
.120128428
.112684023
.103264084
.099385370
.101522332
.108527969
.103396510
.108406696
.103933208
.101176780
.098135115
.104500526
.105123298
.104345162
.105514828
.107885769
.099945805
.102694410
.105266716
.104319173
.103383551
.106748671
.103563586
.101898852
.101357072
.117290513
.101685790
.108077594
.104077909
.102408743
.098148026
.101241736
.103007818
.112421149
.108909725
.102016160
.100281931
.101532023
.105598395
.098969929
.104957834
.114219667
.105169874
.101517852
.107069882
.123103272
.101581439
.121192300
.113211239
.105060939
.098671424
.102404841
.105413885
.100755111
.108303032
.111386356
.103749831
.098008549
.103410816
.103964381
.101027806
.108871945
.100884200
.097500588
.100763858
.106738972
.106496017
.100176884
.103707456
.104554173
.098862816
.103544351
.108597511
.100001813
.108100854
.107735242
.103189945
.097558641
.099598936
.105371721
.104470953
.108344252
.105134374
.096662049
.099137098
.104514329
.108329788
.108318620
.104719379
.100317517
.095672561
.099723199
.108303313
.105104436
.114882586
.111917179
.099797922
.099447595
.098096831
.104453207
.104094797
.100516049
.113326779
.109562905
.102093309
.110003827
.104659708
.104441057
.106933263
.104975454
.105714833
.107110097
.103733184
.099645493
.103108337
.105644106
.098792729
.097806510
.104828370
.109239776
.104456147
.109831238
.103950541
.101072426
.101051237
.109551288
.102047638
.111635539
.103598905
.099386706
.097389606
.101848590
.107469084
.103101722
.109435474
.106427707
.100253470
.101920991
.104471384
.109163578
.103817547
.116114953
.107093610
.097535852
.097981637
.106812177
.112216666
.102726962
.106804876
.105127402
.102814800
.102165520
.104933756
.099641042
.104217014
.107984629
.101629860
.097493289
.106353580
.105912232
.105383010
.108130575
.104838814
.097608724
.098621027
.104118853
.111623015
.103884145
.105730222
.106358511
.097871507
.098613841
.104915896
.101090676
.112302932
.107636325
.102956603
.101938270
.103221347
.105894661
.104840757
.107458697
.111956287
.102566247
.097100354
.107309781
.111104252
.099177294
.111032294
.109307991
.101345979
.098688429
.102808915
.106514854
.105227691
.108947973
.102883443
.101141106
.098181367
.104730938
.104456050
.104289392
.109764530
.104940486
.101939123
.107834612
.104689198
.101951377
.106444319
.106965557
.103121077
.106281902
.107392178
.110582830
.105257263
.109934590
.105828025
.096858575
.098296832
.105002260
.105110465
.104276066
.105827858
.102917470
.099924036
.101842486
.100187640
.106691720
.099805047
.113458875
.104589397
.097575773
.099655156
.114100447
.104956412
.118432353
.111461784
.105220918
.101276362
.100340090
.107107877
.103990908
.107765104
.105140363
.102019351
.101571195
.102726574
.107330726
.102677308
.104761813
.099659217
.100990793
.109706223
.104189014
.107912630
.107667371
.100587742
.101913272
.101111177
.108139808
.107402851
.106174441
.105320443
.102157180
.097069669
.105536931
.108590718
.103643763
.113333160
.106607586
.097123424
.099246469
.105225064
.099840202
.099384319
.108346388
.108085536
.098076505
.106940379
.106339571
.107000922
.104647651
.121709519
.107916319
.098234881
.100547628
.104650318
.098295149
.105354708
.105248361
.103095725
.097542332
.102830725
.111017187
.104271135
.111846061
.099542923
.098291735
.097216185
.104777925
.105212996
.108500299
.106514666
.104694889
.102422605
.103512728
.103584486
.102327672
.106132854
.106312544
.104230698
.098207291
.104449070
.105550364
.107846370
.113942799
.106061866
.098516207
.097905583
.104525405
.106169914
.104282646
.104648454
.103425564
.097074872
.103771131
.102671302
.108045363
.100113608
.115799217
.103232051
.097350841
.099725597
.103737565
.105810578
.104324063
.108865339
.103472018
.099725553
.103372023
.103734220
.102263117
.104217984
.106352059
.102426839
.102794398
.108411874
.111025226
.103512872
.108209226
.099520195
.096089095
.101094637
.108827270
.104645629
.106244413
.104056677
.106121932
.101896604
.097801466
.104220426
.104919757
.103881952
.106575374
.102963945
.100682441
.106981999
.106982487
.103908897
.108383285
.108426518
.111055348
.105159441
.101345875
.108361332
.104935152
.121303099
.112899758
.102629251
.097723709
.101771870
.106078184
.105047246
.108226348
.103014682
.103593985
.098660290
.110081683
.099225822
.100969502
.104410565
.104979864
.100612682
.111928365
.104461187
.111087981
.101923028
.096377301
.097321419
.103173206
.106237722
.106734063
.102682838
.105440130
.098387937
.100814689
.104196375
.099432347
.104641110
.111587846
.102470536
.098720451
.102513601
.103534557
.103187750
.110841923
.105348071
.100850680
.096845681
.103950256
.109460458
.106991784
.107753599
.111824713
.102053552
.099933245
.102045972
.106383895
.103340726
.105360644
.099556705
.095762639
.103641066
.104305883
.104278177
.102105392
.108580507
.104692400
.098286497
.103851653
.111261077
.103534541
.108046682
.105682262
.102658527
.100390695
.102123604
.106766603
.107625540
.107309965
.104190729
.096997458
.098966694
.103746392
.106169340
.105768088
.105036282
.102656491
.101236850
.107177141
.108309068
.107207451
.110544083
.111257609
.102017930
.105025002
.109801851
.111062023
.112276374
.112584295
.119629890
.106952886
.101774432
.109156061
.112951341
.105823125
.112579021
.108446934
.106797924
.106804220
.109400504
.108776430
.111539379
.106682988
.107832007
.105031099
.112452246
.111982740
.110288151
.112057247
.106161290
.104106661
.105740607
.114982014
.108791577
.108666546
.108599927
.106519537
.108322356
.113424480
.107379512
.111483872
.109219002
.107003642
.102886140
.107792238
.112341864
.110454430
.112570982
.106530113
.102309086
.112126692
.114572018
.113420934
.108251847
.113264389
.111884190
.112998038
.107679211
.108463086
.109414588
.108275650
.108879103
.107980086
.110975295
.111279767
.110560894
.102322672
.103887078
.108544301
.110186234
.116390212
.109371568
.104613305
.109390998
.107457143
.110063822
.112665461
.106306908
.101982736
.110257341
.111370282
.104785849
.112963181
.105881043
.107386746
.104791733
.113123100
.110868044
.112260798
.108248517
.105028375
.106734788
.107994727
.107853347
.115274468
.114440887
.102963407
.110717887
.108003569
.122299612
.115233367
.102991627
.101784354
.107670519
.111967708
.107432581
.111738928
.109289275
.108848556
.104989127
.111126128
.106771527
.110308122
.105964330
.102712491
.107579796
.108844015
.105603375
.112559992
.111182704
.105758973
.105164889
.106598969
.113076610
.106916379
.108553053
.108582801
.105476512
.106751416
.111461258
.107517538
.111951635
.110739692
.100172286
.104537683
.107495986
.112445675
.110773640
.106429534
.109582404
.106046194
.106974549
.116496018
.106791789
.130399468
.108543004
.108866744
.112402142
.109743842
.107481224
.110225430
.105760076
.105743884
.112261261
.108531284
.110750896
.113712790
.103049723
.103133182
.109196439
.106866066
.116163005
.112869047
.107692827
.110686257
.107897533
.116018394
.107940285
.112266811
.114393570
.106721067
.106601411
.109135518
.107854336
.110349573
.113865376
.103587677
.107407159
.107500143
.112124012
.107437312
.112169149
.107960933
.106222081
.104007948
.116982962
.107654162
.117003490
.107408580
.116362424
.113787227
.110858970
.113321770
.106103294
.105647517
.102611917
.108009307
.106608678
.117345136
.111099509
.105997936
.103102891
.107354174
.111059774
.110303254
.117904156
.108871780
.108106951
.109309075
.110013207
.113340525
.106042958
.106525337
.106954756
.116272760
.106961290
.108991969
.111517577
.106873052
.108392357
.113066986
.107932580
.116996834
.108580688
.101382510
.103304046
