.006041669
.005221641
.005010382
.005036431
.005051613
.005632334
.005169273
.005304170
.005084038
.003556680
.003966146
.005070488
.004947021
.004564711
.003611207
.005094443
.003616499
.003882097
.005083761
.005144370
.005725767
.005127850
.003573152
.005448580
.003615666
.006189901
.005137158
.003939647
.003600066
.004320832
.003576200
.003557841
.003603795
.003547379
.003531936
.003529627
.003576436
.005328171
.003540061
.003542792
.004179514
.005098325
.003563167
.005071168
.004554215
.004908287
.003596541
.003911306
.003583054
.003581797
.003544367
.003593929
.005374295
.003598644
.005507557
.003543665
.003539818
.003549596
.003520947
.003580193
.003524867
.006342716
.003523779
.003510369
.003557144
.003873141
.003557978
.003556209
.003566157
.005118068
.003624305
.003568361
.003688549
.003554409
.003571886
.003551632
.004553045
.004331572
.003570246
.003817536
.003548948
.003549208
.003592617
.003630779
.003656676
.003991996
.004406744
.003786506
.004572623
.003622225
.003632094
.003659919
.003507646
.003601148
.004119254
.003674715
.003633949
.003450927
.003678939
.004041309
.003613056
.003683704
.004258249
.004333521
.003457863
.005322295
.003610143
.004326376
.003577486
.003568605
.003713729
.004600965
.003630928
.003586435
.004114301
.003566128
.004567736
.003692817
.003784781
.003612397
.004460171
.003613771
.003522972
.003643018
.004499947
.004676694
.003422085
.004601418
.003404048
.003608631
.004179956
.003610278
.003619403
.003516181
.003618863
.003982856
.003624713
.003633380
.003636501
.003404432
.004621394
.003609975
.003576064
.003836679
.004171714
.004421042
.003646580
.004870390
.003663978
.003839219
.003622061
.003588127
.003471198
.003600616
.004148141
.003626688
.003630249
.004176114
.003613256
.004367565
.003624597
.003581130
.003751111
.003631189
.003457276
.004354659
.003651228
.004303917
.003637003
.004399628
.009238245
.012416178
.003566561
.003815294
.004283909
.003873576
.003530424
.003540028
.003571090
.003544744
.004368396
.003579459
.003569623
.003597700
.003541073
.003554236
.003587209
.004052074
.005518984
.003638281
.005172879
.003626518
.003808131
.003608865
.003620936
.003440755
.003599204
.004099172
.004356862
.003803928
.005522239
.003467133
.004322975
.003500117
.003588347
.004051086
.003584036
.003944223
.003655306
.003609660
.003463234
.003593403
.004109641
.003624781
.003577598
.003423497
.003483189
.003622164
.003547020
.003642924
.003878476
.003618553
.003624767
.005635292
.003456351
.003654956
.003661463
.004672709
.003647076
.004880623
.003542262
.003539331
.004557680
.003598512
.003676516
.003611237
.003673431
.004233839
.004385284
.003728717
.003625579
.003565180
.003564511
.004564555
.004418227
.003441007
.003626169
.005473026
.003588788
.003658919
.003617086
.003537226
.003555329
.003551514
.003559278
.003975063
.003559266
.003545443
.003631519
.004361324
.003584353
.004303612
.003540788
.003566978
.003639289
.005353412
.003569266
.003519764
.003872718
.003553832
.003660327
.003538531
.005543495
.003643555
.004296131
.004364212
.005493981
.003583742
.003577726
.003583705
.003590187
.003574371
.003595863
.003644953
.003558256
.004801248
.003605437
.003770261
.003571505
.003548968
.003603303
.004420962
.003628150
.004562462
.003678110
.004427119
.003716668
.003666758
.003673728
.004198987
.003632017
.003595540
.004414642
.003609616
.004389538
.003587055
.003597271
.003593965
.003625482
.003609828
.004498768
.003616546
.003600307
.003586743
.003613467
.004035551
.003624654
.003630544
.003409813
.004452948
.003627547
.004627048
.003625170
.003659528
.003494331
.003583518
.004007831
.003621436
.003584824
.003458002
.003616584
.005116612
.003613379
.004322980
.003695588
.004565727
.004304819
.004260195
.003568585
.003578807
.003579154
.003564300
.003571495
.004339991
.003573281
.003560819
.003631128
.003556711
.003566577
.004365740
.003620142
.003614576
.004088041
.005562553
.003750444
.003697929
.004411315
.003679431
.004637807
.003611096
.003501270
.004389959
.004139814
.003681055
.003457863
.003619244
.003726160
.003638219
.004221594
.004611292
.003622519
.004956301
.003565212
.003576848
.004552031
.004372833
.003594772
.003458511
.003592437
.004269200
.003647823
.004349500
.003596167
.003649216
.003456829
.003693148
.003995721
.003446492
.003618232
.004645307
.007480815
.010982742
.004011039
.003577602
.003573537
.003571799
.003575399
.003981653
.003722664
.003589367
.004181243
.003613073
.004523030
.003636168
.003623284
.003446687
.003662950
.003981362
.003622521
.003601625
.004206163
.003595264
.003637539
.003624135
.004293107
.004380362
.003470593
.003626313
.003631504
.004249082
.003643718
.003615975
.003460711
.003606225
.004005807
.003702733
.004434602
.003657003
.003654116
.003682159
.004365074
.005240861
.003548967
.003807926
.003556655
.003543041
.004321742
.005530685
.003631363
.003603261
.003556628
.003569527
.003558161
.003710808
.004446003
.004348842
.003519830
.003629263
.003625256
.005338170
.003417130
.003601948
.004157156
.003642283
.003611332
.004485209
.003659193
.003596293
.003565012
.003584136
.003685356
.004350944
.003634663
.003613012
.003485348
.003615015
.003991745
.004413617
.004408589
.003621074
.003813114
.003630857
.003646867
.003550499
.003655499
.004674926
.004617366
.003636564
.003569781
.003570727
.003586314
.003674295
.003805861
.003650319
.005553740
.003670735
.003705001
.004136481
.003642449
.003577034
.003394739
.003577668
.004951745
.004357517
.003444602
.003620276
.003908822
.003605803
.003617087
.003458617
.003598488
.004003408
.003644281
.004335649
.004645470
.003595842
.003587541
.003750141
.003451745
.004361669
.003443793
.003668625
.004230823
.003646307
.003614950
.003449460
.003652492
.003685078
.003627608
.003560137
.003623392
.003623956
.003972361
.003561674
.003533301
.004362201
.003540343
.005342194
.003603184
.003555338
.003560537
.003547319
.003584959
.003867597
.003557655
.003587967
.003549453
.003547017
.004980718
.003772616
.007080984
.003558944
.004740865
.003609572
.003595672
.004582141
.003698372
.004310485
.004379803
.003749679
.003672829
.003660996
.004192180
.003694831
.003477369
.004349574
.003423004
.003611606
.003597646
.004164024
.008616469
.006309134
.003430778
.004633458
.003595917
.003595236
.003438677
.003601529
.003817556
.004336987
.003785913
.003782877
.003676470
.003671547
.003614543
.003549496
.003693114
.003568086
.005527092
.003624084
.004469568
.003614565
.003563027
.004357959
.003690601
.003732706
.004045651
.003591481
.003644788
.003478655
.003614754
.004379565
.004422855
.003657155
.003984420
.003726744
.003618988
.003458854
.003625280
.003454578
.003697587
.003696026
.003650027
.003609973
.003428542
.004361968
.004360394
.003647936
.003691026
.003676777
.004027785
.004016096
.003656713
.003483017
.003692343
.004404966
.003646760
.003641992
.003624509
.003427869
.004353147
.003605736
.003701645
.004465745
.003634354
.003570504
.003534059
.003552197
.003846549
.003610751
.003555856
.003553023
.005523757
.003626632
.003628859
.003596077
.003591478
.003584058
.003667971
.003604463
.003603906
.003642824
.003651231
.003955096
.003631234
.004423293
.004283226
.004344194
.003563732
.003570069
.003529253
.003585817
.004318146
.003632625
.003579943
.003572029
.003938016
.004340724
.003590717
.003567983
.003671536
.003550047
.003596052
.003559022
.004417859
.005071393
.003625144
.003552797
.003568152
.004586807
.003674344
.004529208
.004116118
.003775739
.003665651
.003639430
.003471473
.003637695
.003838544
.004474383
.003637602
.004371406
.003679456
.003637059
.003455219
.004316498
.004632219
.005241074
.003561339
.004438868
.003622741
.005514462
.003627127
.004684841
.003456636
.003621747
.004019589
.003624182
.004369682
.004679788
.003614132
.003624318
.003626022
.003495750
.003667272
.003828871
.003624044
.003588432
.003640394
.003623644
.003620789
.003685724
.003643087
.003441065
.003653603
.003670484
.003639611
.003629064
.003397382
.004583491
.004175329
.003632718
.003634147
.003598161
.004049931
.003616768
.003619946
.003421514
.003773495
.003625145
.004402555
.005516797
.004136338
.003622662
.003647683
.003476661
.003618406
.003437106
.003625866
.003764051
.003796756
.003542731
.004478463
.003912506
.004333160
.003732077
.003633932
.003627454
.003482885
.004360785
.003415320
.003687190
.003948604
.003666378
.003632090
.003449912
.003654499
.004733218
.003630149
.003580214
.003556240
.003587926
.004353577
.003624543
.003539976
.003805286
.004520486
.003556948
.004402799
.003609819
.003575334
.003576599
.003595462
.003902448
.003588589
.003596403
.003587543
.005565150
.003718143
.003674819
.003662202
.003596267
.003596092
.004253581
.004376171
.003683981
.003658896
.003674426
.004360401
.004013156
.003640332
.004616177
.003563891
.003543189
.003551957
.003559764
.004615935
.003623447
.003688906
.003595366
.004033011
.003591274
.003588416
.003582123
.003573822
.003790934
.003568048
.003594043
.004330309
.004586038
.003663799
.004371573
.003405687
.003643199
.003596309
.003670570
.004457986
.004690854
.004235049
.004419843
.004347454
.003707076
.003592399
.003636865
.003436241
.003625574
.003763992
.003603962
.003600976
.003424168
.003756686
.004822213
.003689702
.003669070
.003669557
.003692119
.003443344
.003639633
.003674277
.003605337
.003636539
.003384769
.004385459
.003618682
.003648754
.004387926
.003660484
.003628740
.003600861
.004319478
.004308391
.003591324
.003539847
.003615633
.003579889
.003656745
.003629879
.003711530
.003603243
.003622062
.004525445
.003569569
.003569864
.005524185
.003656578
.004536517
.003563385
.003683109
.003593799
.003693189
.003614705
.003628741
.003552187
.004341074
.003594632
.003570048
.004457028
.003574983
.003580844
.003539117
.003623572
.003639923
.003566426
.003601000
.003553903
.003689272
.003680607
.003603907
.003437305
.003637731
.004509367
.004467051
.003457877
.003672221
.003657409
.003661712
.003669908
.003571100
.003576076
.003584979
.004905905
.006588636
.003621802
.003629682
.005522538
.003648537
.004340363
.004370611
.003750989
.003657296
.003573348
.003575519
.003613489
.003597757
.004700134
.003525652
.003644626
.003865727
.003627643
.003612904
.003436526
.003622494
.003739420
.004403584
.003909470
.003622130
.003620757
.003458731
.003625446
.003702873
.003656092
.004384830
.004356503
.003649771
.003607152
.004585431
.003614058
.003654030
.003689124
.003594619
.003665550
.003609438
.003655000
.003582601
.003577936
.005300367
.003577008
.003545937
.003598036
.003634053
.004143231
.003593052
.003573022
.003588200
.003588980
.003579189
.003557532
.003547553
.003584125
.003561700
.003777829
.003550817
.003545279
.003568324
.004394926
.003597408
.003596187
.003740733
.003600851
.005550350
.003669202
.004058101
.003616924
.004622883
.003591416
.004209382
.003605869
.004115960
.003646491
.003601104
.003610908
.003673477
.003665007
.003691816
.003705596
.004474228
.005225201
.003599742
.003896144
.003601803
.004341778
.003659615
.004415219
.003696456
.004475301
.004524905
.004620990
.004824048
.004384454
.003651831
