.590627075
1.003732047
.966308691
1.106115214
.959362819
.595256333
.957111705
.944087883
.595510796
.950785506
.956882397
.948914758
1.011622330
.596912753
.574753171
1.018082207
.584276940
.980289273
.649645628
.947412892
.593609311
1.005300200
.585196364
.945915399
.185669494
.589206990
.589723365
.583618641
.590203750
.947570240
.644245735
.579114632
.588581428
.583374868
.968216608
.570393209
1.118281334
.572377335
.584316546
.586226591
.959280509
.593283362
1.034333163
.571743536
.586615348
.595210407
.595175382
.572942942
.662366409
.584894548
.590038517
.951242043
.582244059
.605571080
1.017332672
.590959995
.957450882
.591972502
.573805648
.956723363
.590556078
.584368748
.586086416
.585412012
.587015821
.580272240
.587380874
.582275720
.584824178
.588132957
.666468822
.585412161
.570499500
.584655395
.570794341
.586830599
.575045950
.660566011
.184853263
.602097808
.583628780
.585144066
.577590471
.588810474
.576314519
.648204903
.654933632
.585626600
.580364601
.595917918
.582039176
.589964983
.575428267
.641981056
.590381520
.601442170
.578245997
.588200723
.576408693
.591231083
.593313181
.593121486
.586594778
.599215871
.597884013
.591614630
.587308018
.589200130
.608245905
.588203310
.629312254
.588327184
.593026140
.181023989
.592214898
.586412640
.605308169
.589992778
.598324691
.648705751
.598084159
.594224334
.579177145
.604545717
.579306862
.593007079
.581409074
.594395464
.583639586
.602838432
.597466532
.579536985
.594787898
.583431015
.595606942
.583923531
.592425698
.590358812
.590219759
.621309625
.590237534
.591186786
.595295115
.586407024
.589591107
.595907703
.588108847
.593389586
.173163407
.580631379
.590824089
.582182991
.600242961
.588731400
.650576550
.592318422
.669507970
.589301220
.592946191
.593027856
.588605547
.588374539
.658694485
.590163431
.592194053
.604254755
.585340398
.601668276
.576894276
.596902765
.585044277
.596203969
.593548499
.596179918
.598425927
.606010236
.583313810
.598305476
.585227300
.597597387
.582869563
.587294296
.595727837
.602691183
.590107092
.599360176
.583140684
.596187996
.585406398
.595895505
.586973812
.599684802
.590128014
.585655406
.601029008
.591710341
.682269323
.574887082
.582371151
.601130300
.611220860
.585317872
.599699869
.640850708
.588090981
.592053367
.591556701
.591162118
.586959013
.610871608
.586004419
.599358128
.586199272
.596286590
.589284710
.593297557
.586199153
.595912114
.602812713
.590514150
.587047066
.596753615
.597852869
.593364097
.589133003
.588827493
.593773281
.608210452
.588742760
.595909825
.586342251
.600952639
.587508334
.597978620
.584307236
.596108621
.548811610
.634587903
.583522081
.593402395
.585269724
.599344177
.659712992
.580452536
.595892279
.180726327
.592473844
.598745062
.583797098
.591741007
.656673817
.586134096
.582810004
.601197984
.588507384
.594304902
.587416128
.593298397
.585513384
.592905037
.588965070
.595034262
.603939733
.589832325
.594386876
.601047625
.586420272
.598161470
.588230592
.596250370
.586138771
.572298089
.635357679
.586009273
.593516148
.587472706
.598187231
.659227123
.584729757
.595461103
.182071384
.602572084
.590049433
.588553443
.587451264
.664179284
.586287010
.601525107
.597898321
.592182252
.594372444
.598185926
.585979129
.602290299
.580414471
.601763401
.583326696
.601444725
.598072593
.591133019
.595327038
.594098444
.603384179
.587964295
.602833637
.583296544
.671456686
.593944500
.598664696
.585235043
.600686906
.583917236
.658888268
.588538089
.597319884
.610579778
.603581822
.587445847
.597232878
.591443660
.598021779
.590266574
.597226039
.592662254
.175373538
.590493239
.598328071
.590428464
.663072276
.523997266
.663899162
.598973818
.602091426
.586276764
.601626792
.587798229
.606091456
.589877627
.658768595
.589503422
.590418882
.600888904
.601063252
.590154026
.596437474
.586168674
.613189557
.588033545
.596841024
.587856294
.178961778
.599230986
.600952270
.587080429
.665089041
.584967180
.593152699
.592730674
.597597407
.603470128
.585208372
.598325715
.586050889
.593356621
.593897341
.593711109
.594428941
.684069467
.587317999
.599529839
.585971989
.601292165
.589557640
.598535259
.655577470
.600630506
.689670182
.594353497
.595244953
.590285902
.598661397
.591417428
.665940650
.588832002
.627902336
.610226529
.610397095
.603100580
.610503619
.604678960
.610871064
.583933494
.625028924
.183964682
.612486211
.694528151
.531546432
.604897613
.685298603
.599468902
.613016244
.615044292
.604218770
.617207997
.606708307
.616770358
.600804328
.610056288
.599819827
.177630422
.597887289
.613712445
.604764181
.612218181
.595287008
.673403744
.604183768
.180238818
.604571807
.610443011
.718757318
.501302802
.600476079
.674862236
.597734848
.179139369
.609270897
.605522042
.615303065
.602310682
.609618148
.660060395
.608184788
.179070585
.609738214
.601807255
.610894552
.603005854
.607033987
.671874122
.596239870
.178704639
.599790853
.611906887
.717619340
.511310978
.605030000
.675836639
.594620353
.182025261
.601956211
.610400897
.599998359
.618650180
.597254662
.672113594
.610731410
.179289502
.606345484
.605891861
.601396207
.606709969
.609899465
.668936885
.610229504
.182697393
.613293574
.597465976
.725428894
.506594305
.611746887
.663032184
.618286877
.183598848
.617549115
.601030229
.609968556
.602104620
.605186980
.676680624
.600057127
.182494388
.604219434
.614007142
.599587992
.611645106
.672693759
.605223139
.607858204
.180469314
.602165601
.613563968
.709872804
.581557334
.604706402
.609748352
.603453041
.180090190
.601672459
.612675144
.604908302
.607760102
.606958948
.665093945
.618360384
.183722125
.614589488
.597394893
.618632413
.602990622
.607928846
.666747116
.608362029
.179786241
.616523221
.606029717
.709873469
.506944763
.609632516
.665385075
.599180050
.176290371
.603248736
.611730900
.613290194
.616983137
.594891699
.686031716
.600525304
.184880440
.608765794
.615278323
.612485104
.609290674
.603271028
.672437145
.607396565
.180388221
.616390696
.606471371
.716229205
.499140513
.604405735
.667018728
.617156223
.179071399
.619007140
.600927801
.610932514
.602927475
.673134753
.603526485
.603280880
.178636794
.608657063
.607382476
.608770967
.604767003
.601622388
.674724253
.599295030
.178338766
.599710273
.615882279
.601649429
.623769741
.682717396
.593607525
.601855815
.182168109
.608216517
.606481973
.600055610
.615162011
.598760068
.680924815
.615518463
.184104545
.605998750
.602137385
.611244163
.601161266
.615202700
.658022764
.615311796
.179043447
.615684966
.598928272
.610718992
.602457611
.674295035
.598633893
.610711153
.180266704
.611605705
.604057251
.609955504
.605688386
.673295739
.612069607
.607431313
.183444456
.601342448
.615072325
.604786011
.611520424
.601681588
.590887498
.602422096
.628351007
.597320106
.609977257
.608881113
.620621388
.605070360
.688874506
.615467794
.620081910
.610734784
.624910755
.606165116
.622967417
.610247279
.624896402
.615611117
.642813541
.604235287
.616295241
.612883909
.619693630
.630234417
.609753884
.624992349
.617720059
.173415356
.612659372
.623065937
.612920866
.624793709
.683910199
.617324554
.615712568
.622845046
.622954751
.607115233
.636576195
.607701432
.618252242
.615406541
.620855773
.616366386
.614453597
.621582516
.619552395
.625575419
.591672080
.634048025
.610561539
.616419519
.627362346
.610750655
.622400597
.616335735
.629024774
.605211587
.652648647
.594610198
.625503168
.611188912
.624465199
.607912979
.628065135
.606439895
.616658097
.178877861
.618054005
.623861351
.619860230
.623116073
.683705157
.617741761
.602432142
.617582635
.623354399
.614557593
.625498943
.607923535
.630956440
.610220773
.624968966
.617510529
.616487695
.625326189
.625105745
.618785712
.620268595
.615821869
.613706661
.617936616
.613442191
.624456714
.613628634
.627983971
.605815804
.620535214
.641462742
.608544840
.621089212
.608629648
.627455071
.614980318
.616030467
.608504509
.633561785
.179127229
.621688069
.614241061
.608802997
.623341224
.686536397
.612798907
.607057668
.630790903
.607176011
.620491334
.615072848
.625034167
.613572462
.611390917
.624115553
.612293716
.630123556
.611313881
.626952923
.604333954
.615577640
.615918285
.649392194
.595656689
.620377167
.621581085
.615329243
.627151821
.616137800
.627212598
.614158531
.182257732
.611015157
.626943049
.611663369
.690283070
.616581011
.614188302
.621150577
.609478677
.628822906
.615769001
.629327139
.605227437
.625292461
.622523383
.623601227
.625618866
.610303347
.620125911
.618485172
.616336126
.615015247
.616474712
.625310743
.612256915
.622267361
.612232428
.625022423
.613217912
.630526761
.619219493
.630789664
.617656349
.628342522
.618155982
.632258594
.630050812
.613504584
.627427574
.610005519
.622961053
.628297290
.619277444
.634041397
.611065671
.638542061
.618456001
.622085682
.625308307
.618166025
.618487488
.620866358
.630339422
.613100387
.626855940
.619532637
.628615026
.616450825
.622361624
.622532551
.615894197
.624276083
.617752811
.627037596
.621271087
.622142496
.613567889
.623176796
.615298440
.621512085
.633934153
.620262180
.628777000
.625529072
.617946088
.630623000
.615219293
.636801245
.611408085
.627607136
.625250446
.619521898
.624562153
.618466291
.630882821
.612280687
.628472581
.612957493
.634944437
.611613976
.628755684
.614298564
.614316216
.618049714
.621150719
.630779178
.614679693
.624328953
.617311776
.624849663
.619739652
.621317862
.615273543
.626873268
.631570404
.613887159
.630394539
.618539204
.627276116
.617000374
.619240183
.624198933
.616281773
.630285651
.611640862
.631944755
.623489579
.625159355
.609637564
.637548026
.625304472
.614378684
.631012098
.616524988
.624427068
.609748412
.627450154
.626075902
.617296397
.633685671
.608751542
.625167640
.621359435
.625848686
.613589567
.623055028
.622794727
.618615189
.632502201
.622518959
.634077669
.613301442
.629395859
.618177620
.619414620
.623212207
.620144343
.630044038
.610224310
.626234988
.623300588
.623749521
.618558163
.619272624
.624297096
.613934139
.630035254
.614353441
.624572559
.613448810
.628561085
.619805118
.618142296
.631816922
.613824152
.625341059
.617324512
.616349469
.617557040
.620343383
.620205913
.621564757
.634976680
.719166698
.573324729
.629098767
.713822924
.532110243
.647193929
.644252359
.635364336
.631586142
.609512899
.639909942
.603677190
.645298573
.571266876
.669083834
.630088786
.615385638
.629311577
.625091568
.714298975
.582756580
.620344444
.665611967
.573841998
.619207863
.687522898
.635411305
.599600876
.647585584
.652141753
.592537915
.632656232
.650341701
.599145161
.631702543
.626253385
.615700140
.586591533
.665853593
.620084765
.623543098
.613898785
.633260808
.597270116
.649162627
.616189250
.623069382
.615403739
.649500739
.611329523
.636193534
.619579157
.652758904
.594521162
.653764863
.650304869
.638704795
.624794755
.640928273
.781545437
.555393471
.686469667
.572915070
.625595174
.633439379
.716602597
.629378003
.617938375
.658483736
.592624728
.679731680
.629452893
.639899285
.625417829
.647033938
.631427830
.631779297
.641308870
.726723969
.597426456
.755327305
