.848245098
1.240060104
1.365422301
1.456982573
1.282022565
1.250616475
1.400046825
1.292462775
1.300503360
1.242720769
.758350670
.808577432
1.354741782
1.177286257
1.261453869
.764150398
.831908657
1.388231444
.860784416
.731922391
1.279785234
.786893385
1.297121586
.828451268
.777923991
1.415111270
.815203243
1.271449008
1.264814835
.768650340
.792882592
.907288155
.708373177
.794811679
.794198882
.759696101
.795293462
.873033984
.735195328
.807951624
.324411180
.881686928
.731968922
.835268095
.772939342
1.312882905
1.422944628
.762395432
.806681738
.911693546
.698437505
.416219767
.778215462
.747973332
.824064321
.783681579
.822357126
.754726050
.777578309
.801792771
.891744245
.819791839
.792208095
.821172734
.738884868
.795532665
.817723182
.769021695
.792878257
.828627487
.829434548
.823982044
.792751458
.797698118
.762209971
.815945844
.779422771
.760392037
.797303732
.905710486
.693992002
.838051997
.892093269
.772453359
.778665210
.824120475
.815047294
.775294878
.797069899
.768396426
.798287509
.817878112
.790841808
1.323065780
.806278949
.743887879
.808965543
.915457366
.683703145
.801362020
.810758748
.752784392
.807107414
1.067069313
.599394161
.795672997
.391182062
.747211649
.824600704
.797829284
.814170785
.783202895
.807898162
.848611626
.784876813
.807413688
.789328541
.752174805
.811671063
.387795981
.816375732
.779771415
.840389060
.827871725
.786489724
.412615608
.720264163
.862082342
.788946864
.729229284
.824524914
.810020394
.788356849
.939294812
.775165417
.822606804
.795543499
.795530454
.779458114
.763052890
.787043623
.788050174
.711714670
.841333550
.831690343
.731237448
.859759958
.792140703
.728670720
.832051306
.893298563
.419827050
.732746338
.792652909
.833943160
.792755905
.787756249
.417875569
.795652936
.741466551
.845053939
.759566242
.844216086
.360993504
.838520476
.801506809
.805536038
.768963532
.756627066
.862070667
.837981968
.795621539
.725889996
.852725426
.751008595
.830928021
.790341118
.774204041
.729149111
.996107958
.759833732
.787317948
.389951563
.808245593
.741270638
.823923285
.823525702
.776648825
.783828854
.789727708
.795179331
.830172724
.773523607
.923888815
.852060976
.785423399
.804116048
.746431224
.993848515
.784869952
.833506849
.810364176
.837980676
.773566986
.915564513
.769500425
.822523108
.848466239
.771103426
.844012931
1.069281496
.775836452
.839443496
.787943550
.984720612
.791203485
.875386942
.827913780
.834029397
.800161286
.807098658
.925918870
.926166724
.834294564
.834123666
.814068341
.806824342
.828708091
.926592218
.742461997
.832522728
.834401006
.842109889
.906074367
.871054609
.828077139
.831258856
.806560536
.796160782
.831891345
.943866393
.741098157
.828975213
.824601083
.902503366
.884747207
.864430588
.830596940
.822230365
.809681366
.805925896
.870781488
.864589669
.823421288
.828781444
.843025626
.790081476
.962548962
.870115517
.832227409
.838355096
.807338083
.798304673
.825827401
.846630461
.857178912
.841136054
.830890431
.853360872
.945965998
.855279391
.838240356
.827078803
.798702963
.798166004
.859837801
.887510596
.760906683
.843740315
.851974113
.789632436
.886221405
.955433167
.844261134
.832067297
.788072817
.872676554
.992827421
.800273991
.795212278
.879419112
.784749379
.818869118
.870038336
.852543004
.810850717
.831893905
.818288296
.791217481
.842043221
.902873580
.774896129
.841044234
.835687183
.964526371
.813966884
.868344446
.806820841
.853005198
.823840611
.828306850
.922801027
.876008387
.829833844
.835756096
.820056589
.790173080
.837498005
1.074184087
.762357682
.833827521
.823899635
.816237156
.781704759
.910310901
.788680427
.822038872
.850805013
.759879852
.887225039
1.003188956
.818921543
.822647178
.812153671
.803911708
.835276463
.904334938
.775707817
.851279308
.828135390
.835553063
.815409505
.902794445
.778278141
.830032717
.841488092
.738125706
.841962758
.938501007
.736692844
.838874118
.849701695
.860165320
.846896439
.910559484
.844803345
.828014902
.781005963
.818349170
.834394703
.909648292
.776641032
.821864069
.870465514
.767601192
.842579260
1.072888961
.763069905
.848040445
.811995996
.790655593
.834869231
.902655754
.776597988
.836348820
.852603233
.871513898
.881241647
.884313357
.827289493
.817884946
.797389497
.834557579
.862808253
.833690666
.809873336
.844676843
.858078297
.827410528
.923463334
.882237192
.822822478
.848884322
.807057985
.798165254
.847727196
1.169054792
.676504639
.832712160
.817003544
.782404442
.821120374
.910685661
.783902152
.831277221
.846135506
.810405631
.830107596
.832925517
.841265078
.828472556
.820934746
.966549617
.804035982
.874109591
.825150685
.831971633
.806270605
.803397084
.934235388
.912385964
.831506284
.843035401
.797144820
.806648963
.831311011
.893718533
.782326364
.845802043
.839587410
.844443164
.910259611
.868268771
.834079007
.834280906
.809603414
.783310062
.840516488
.952805142
.748241767
.880739221
.803816663
.892511811
.875908498
.875197163
.833403955
.830418780
.803600147
.797293605
.840331801
.938854346
.719965392
.861951519
.828778509
.968505637
.812956947
.861554864
.831407049
.823860723
.851287330
.822621896
.870108066
.829662012
.865678989
.803567724
.834113911
.785354853
.848881002
.908137157
.790183884
.831238844
.840253176
.782185881
.847032094
.896680747
.769591303
.748158009
.810217677
.802772563
.836291353
.849650036
.827705110
.833460617
.836059803
.831970542
.834848393
.959559247
.835532406
.840924898
.804550482
.795794525
.831713509
.899646636
.789734418
.840085194
.831454551
.838907888
.913579973
.867589334
.832669258
.849738512
.784668715
.824849477
.905242224
.756830889
.800015598
.886013865
.839794119
.967030586
.865764001
.861457481
.779162623
.834740372
.810380286
.887040777
.749148753
.901417620
.789017392
.832766221
.841497712
.831498433
.904344593
.868462759
.831424595
.844415899
.803624621
.792643631
.832541285
1.121102440
.738819443
.828801742
.810881008
.830753647
.814221250
.833149536
.808243290
.825982703
.827843023
.806583982
.896546088
.964251214
.892941130
.803505411
.808246515
.828356356
.841394144
.908629111
.795564333
.854544854
.857728639
.810963411
.938898634
.932368158
.754328901
.886136241
.839719965
.835747501
.882516193
.845946639
.773348373
.906015536
.834897593
.836182370
.837409104
1.081014607
.785228456
.845465484
.827619589
.841061199
.799967295
.933877850
.785174289
.844804303
.844440637
.978825036
.812048105
.893968527
.832035908
.855204324
.820906952
.854746044
.826839424
.928453234
.779856027
.851820803
.850137730
.975292960
.837641271
.905640762
.816002675
.852201305
.797930220
.872245960
1.128143674
.736293738
.795029553
.878570016
.819748980
.830876443
.834547498
.926521662
.785755344
.856178657
.864021702
.851379603
.924753639
.892264528
.843758686
.841207635
.815054513
.802128927
.870985927
.913258472
.804269795
.842357110
.865109445
.967742569
.867469427
.804228885
.832370923
.913362627
.828781552
.801760084
.875352385
.959729561
.757520183
.867632962
.797959869
.861214529
.916951160
.791095557
.892074063
.805293872
.857006337
.863601696
1.016421531
.846487272
.849288235
.860084498
.830463664
.833015571
.860501465
.923990650
.804200865
.865500944
.861329947
.868665445
.944759519
.900318018
.854838675
.868490209
.847129841
.848996148
.842256933
1.086683653
.778788294
.884605357
.835659850
.951422828
.897894976
.865881861
.769907599
.934828732
.840030315
.917113654
.785222918
1.099994407
.796131606
.857288647
.845032089
.810057290
.848696660
.935641590
.803233763
.863513201
.888847571
.902785766
.771440717
1.176198868
.675831910
.967465740
.857428240
.818797066
.837379715
.857596680
.936508259
.798763711
.867664708
.821290047
.892601809
.985013269
.863388062
.873638485
.828817682
.816380579
.859890235
.926470324
.800836401
.854493699
.868906088
.987933109
.830104843
.845313948
.902331071
.910956998
.892976710
.815460218
.898260767
.844784801
.880985087
.832243468
.849724173
.900830824
.787974115
.966710391
.776452610
.856877606
.847669027
.854227889
.926118772
.936134014
.870430804
.857604811
.799533695
.888824716
.812529045
.935349797
.810651565
.877975399
.857939708
.841905879
1.102215516
.798414195
.791702649
.894811458
.809115639
.832089663
.860862521
.892779042
.852948053
.852127845
.875106533
.994764792
.860829975
.962646339
.834775427
.866372599
.837364117
.832157229
.898293671
.928098553
.830455648
.892660427
.858055881
.895788280
1.007930666
.878235341
.800262198
.924169288
.829614646
.886955988
.901788078
.966048169
.879769030
.867210279
.839245232
.825999792
.882049289
.938612393
.828676807
.896133716
.827685340
.899994531
1.118927345
.799790232
.874096350
.871896946
.829640901
.830909286
.877668016
.936150095
.823393448
.875049835
.886289010
1.022379996
.865759683
.857003445
.856824823
1.020656957
.823763081
.879635687
.909518259
.868814029
.806997145
.951036754
.854682849
.862071405
.886187354
.903281160
.841023149
.868914573
.873561349
.936383299
.895138133
.929111610
.860194629
.879620969
.821839311
.869740969
.937848942
.828100259
.916040816
.835364849
.928428772
.823714825
.925927644
.877479839
.860778147
.376255380
.922736058
.877603387
.895447715
.826715850
.899166378
.865745361
.871500015
.856975222
.880722927
.880769467
.879692600
.880819679
.920223411
.802607954
.932601582
.827526650
.892028522
.886087174
.818169841
.898237704
.936837740
.811599693
.881049509
.877931041
.904603361
.953085445
.830115279
.902593158
.944930260
.809064120
.867496370
.928313415
.835367349
.831474481
.873823605
.864248836
.844169675
.884834383
.970372211
.796393601
.886597232
.872039978
.941512177
.893633592
.952235439
.868155040
.959672518
.878336671
.913560891
.892796099
.898192371
.896205948
1.032228224
.876331833
.845920926
.886525816
.946034296
.874837444
.924307320
.958936134
.914980013
.835118184
.873654229
.953306327
.890641345
.887833495
.901636017
.878640098
.974565868
.835314431
.916678520
.919182745
.976250045
.951015348
.907299632
.914411076
.452938044
.841239366
.891264611
.946747706
.885802833
.946626836
.941840544
.843322769
.851252098
.994018016
.837103409
.900314640
.908251954
.891298418
.877009942
.903399124
.885878449
.992282208
.841044807
.892577782
.936247347
.895259746
.815227695
1.025840256
.978517583
.919046860
.883278240
.891532733
.939389274
.377350303
1.092524934
.898763911
.873989593
.897624410
.897189955
.877177480
.902245444
.862357292
.957883845
.868081185
1.051451231
.926154400
.910338382
.914136049
.869286826
.836272638
.951948197
.885700030
.954102216
.810627068
.962796242
.854242390
1.003920880
.847247415
.896038360
.954907831
.894092457
.921545821
.844309395
.895975220
1.068188106
.823239320
.946286752
.898197100
.412455226
.895279574
.839027620
.937251616
.907175033
.926800182
1.023898300
.920723066
.927805893
.910439458
.966901345
.458019626
.919883777
.935996243
1.037721779
.929023679
1.068472393
.882291339
.923548618
.978735217
.923579900
1.057474794
.426479639
.896217152
.909389795
.971287327
.943720703
.906431535
.928767484
.980054470
.850993449
.939666420
.971609442
.386399230
.984484607
.925370994
.938675115
.899120183
1.037511734
.920784987
.980668392
