.014355605
.028083174
.021335398
.022010898
.023548335
.021415858
.018596187
.017879810
.019902343
.011898350
.013974535
.020823824
.011076159
.020422939
.018617762
.017958384
.018480254
.011344334
.021197885
.011626917
.015057173
.016788750
.015442719
.012738948
.014794262
.013707926
.013817347
.013647456
.021143278
.011075419
.014007465
.020711756
.019978968
.012664483
.020046894
.010707384
.014077225
.014709686
.014209224
.014425799
.014097695
.014050541
.014396708
.021039084
.019539781
.017722073
.011987793
.013464834
.015752466
.023711099
.011384370
.014328369
.014561410
.014748105
.016341209
.012138316
.014475594
.013717182
.015078372
.013666094
.014467470
.015157058
.014481166
.017503573
.013402026
.020358105
.011664790
.020800298
.011640385
.013997287
.014458066
.013038091
.013824946
.014775160
.013990407
.014078558
.014600376
.017744147
.013888777
.013488021
.013732041
.012052070
.015450111
.011974129
.013461676
.013649628
.015106140
.012279738
.013706667
.014247629
.013758661
.013707789
.013559953
.013986402
.014974238
.012136686
.014375256
.013772478
.013745250
.013759888
.012844458
.014617654
.012779148
.013711001
.013384696
.014186365
.014762319
.013812664
.014506735
.012719789
.014715488
.014597799
.013005876
.014759371
.013367116
.014021585
.016817530
.011717034
.013583938
.014894446
.014062474
.013174744
.014879974
.013828218
.013472613
.014983867
.017053683
.015398157
.013747729
.019798614
.024781930
.013889715
.016611201
.014349666
.014817346
.015007774
.013667559
.014339903
.014403029
.014234984
.018113916
.014399902
.014046628
.014125983
.013354375
.014730498
.015062052
.015469381
.013746310
.013744806
.013692002
.014869955
.013654237
.014762973
.013751107
.014728559
.012621557
.014879533
.013721840
.014734726
.016728661
.015779038
.012787638
.014830695
.013344753
.013957642
.014737879
.013765620
.013712239
.018518083
.012965591
.014752555
.012743726
.014743708
.012788060
.013784953
.015432526
.010665957
.014060088
.014178875
.013671595
.013378457
.013693390
.015684632
.014692727
.011866371
.013933485
.013226401
.013661056
.013597553
.014253911
.013708420
.013848865
.013475826
.012664912
.013783231
.013414283
.016062286
.012754725
.014722690
.014021271
.013476408
.014742631
.012861090
.014900285
.013480079
.013714830
.014737136
.014749985
.012756630
.015592204
.013882848
.014715589
.013759587
.014764362
.013738598
.014729139
.014749612
.014478262
.013485641
.014418258
.014565259
.014778296
.013765072
.013651930
.014780778
.013749445
.014787992
.013737597
.013728450
.013232326
.013933731
.014287075
.015509526
.013315531
.014197790
.013762913
.014736624
.015280005
.011207126
.013847099
.014630244
.013907226
.014068556
.013071495
.013343114
.013987612
.014076127
.014634813
.013538013
.018940444
.013583822
.014662488
.013747224
.014703543
.014703153
.013604666
.018652868
.015069191
.014687503
.013703844
.013510558
.014152109
.014332940
.017070062
.014791251
.013733835
.013733836
.013554808
.014906796
.014106914
.013274710
.014789187
.013650006
.014735372
.014696514
.012377092
.014361611
.017418584
.014039392
.013765698
.014653306
.011915988
.014491904
.012839921
.013826215
.014782121
.012712273
.013116686
.014354525
.013729082
.012653523
.013657775
.013890902
.015490167
.013989510
.013764562
.013756204
.013753115
.015711461
.011672164
.013719779
.013678948
.012519582
.015147028
.012736739
.013735905
.014384727
.013309615
.015301959
.012335678
.015040843
.013058302
.014125825
.014056191
.014847940
.013744210
.013574644
.014896423
.013655510
.014926680
.013500010
.015774641
.013727451
.013451973
.015029380
.013727640
.014341870
.014205221
.014586837
.015712102
.012718318
.015175624
.017244124
.015793919
.012124494
.015337290
.013728395
.013008343
.015446477
.012819412
.014641520
.013504025
.013721234
.014734852
.014742629
.015698391
.012314180
.013804782
.014934417
.013976635
.014131116
.013345429
.015697973
.013708921
.013680469
.013965957
.013706748
.014734120
.017664640
.016170691
.011616527
.014337442
.014714413
.014738929
.013693425
.014867902
.013842983
.013937762
.014375856
.014527215
.017709845
.013935200
.014429240
.015052183
.013173268
.013944388
.013732258
.014378353
.014064323
.013702406
.013647044
.013907755
.015512534
.016688340
.015806550
.011481762
.013700776
.013411738
.013971308
.012621709
.014839865
.012689184
.013722887
.013710716
.013696369
.012830243
.014603363
.014722918
.013372793
.014000645
.013673784
.013741771
.013744715
.012904949
.013609344
.014808469
.013695051
.013150985
.013250022
.013734460
.013717747
.013626830
.015728471
.012678830
.014682543
.014738362
.012710524
.014710400
.013718396
.013716856
.013695369
.016726669
.011626702
.014779672
.021708373
.015712819
.012687395
.014387270
.015214286
.013735110
.014025597
.066020789
.022365189
.017410916
.015781926
.015235397
.018060379
.014799421
.013476204
.014664297
.016693601
.012852476
.014788333
.013690502
.013705071
.014694709
.013974155
.015431437
.014700634
.013655532
.014758891
.014752859
.013677742
.013703529
.014725642
.013718150
.013747732
.013400626
.014007373
.014750491
.014129380
.014027072
.014008047
.013700200
.012691876
.013691842
.013655057
.013693676
.013956536
.012705398
.013726165
.013716233
.013688205
.013730904
.013708698
.013747317
.014475935
.013943020
.015730658
.011710567
.013725245
.013662217
.013773320
.013684040
.013698845
.012696180
.013697542
.013228388
.013211684
.014731249
.013628737
.013126898
.014223710
.015655835
.013020890
.014618669
.014684672
.012281552
.015056931
.013131108
.014001765
.013927916
.013921845
.012970515
.014019646
.014846802
.013928932
.013703777
.013684985
.013782362
.015611664
.016706800
.014654783
.013724510
.015025662
.014404071
.014649638
.013702695
.013689311
.014718870
.014716207
.013461043
.015043101
.014544774
.013658126
.017701239
.014673310
.014983646
.012732402
.014691061
.012735298
.014647482
.013702235
.013753072
.014787713
.014459836
.013632367
.013961645
.013668135
.019697610
.011679216
.012707736
.013702130
.013697350
.014709702
.013197726
.013218168
.012707294
.013705861
.013642603
.013618170
.014624418
.011971645
.014738382
.013700000
.015690459
.012699420
.013711807
.013737834
.017763261
.013454485
.012613621
.013827733
.013864978
.013714255
.013011910
.014357635
.013714623
.013318101
.015052214
.014670023
.012404300
.013918975
.014662030
.013936270
.013678990
.014684632
.013663128
.013729906
.013706968
.014658994
.014686441
.013650233
.015021108
.014463412
.013674713
.014697622
.014718647
.013706997
.014665999
.013363306
.014972051
.014725110
.013107796
.014296972
.014662966
.013717601
.014702492
.012706885
.014710263
.014689697
.014728408
.012666233
.013832757
.013307509
.014911809
.013133651
.017244789
.012293517
.014308276
.014713234
.012744662
.014312262
.013674718
.013818912
.014529655
.013692020
.014665820
.014039631
.014444380
.016665041
.015694517
.013684019
.013910710
.015632076
.012678931
.014264425
.016065747
.012525487
.015111167
.013635865
.014133761
.019210988
.013657705
.013662314
.014671453
.012695708
.014682451
.013930720
.013454776
.014507273
.013272951
.015605760
.012430078
.014621612
.016918058
.014439004
.012686057
.014677771
.013702760
.013667583
.012719145
.014655590
.012699867
.013690451
.013663358
.012698244
.014867192
.012695051
.015671436
.014680900
.012651072
.015624419
.011719167
.012664527
.013662316
.014663832
.012705199
.013685198
.013665271
.013635696
.013709873
.013672525
.013901215
.013677132
.014683930
.013685750
.014680925
.014665103
.012665429
.014693275
.012825987
.014763442
.013349335
.014977242
.013699701
.015651292
.017516825
.013937891
.014644456
.013426823
.014947957
.014629512
.014683012
.014618485
.012620264
.015954349
.012672164
.019676869
.012691118
.014634394
.013683912
.013654545
.014658931
.017680008
.013709206
.014669712
.013649692
.013643477
.013695306
.014671073
.015439670
.013923952
.012927238
.013684113
.014623333
.013072723
.015268443
.013671808
.013713243
.013669745
.015066603
.013350457
.016685967
.018676210
.014721634
.017664141
.014686225
.013680511
.014685647
.013667907
.027756558
.024645888
.017871756
.015695142
.016638599
.015663964
.011695585
.014666407
.017678242
.014613325
.014656368
.013696505
.013658984
.013893237
.017689512
.014650843
.010703047
.015650030
.013694102
.013696715
.017666852
.014619343
.013230858
.014355273
.014629749
.013693497
.013677323
.014680627
.013642412
.013628398
.014675229
.013663691
.011887379
.014652353
.014633673
.013667096
.014971188
.013446037
.014625844
.014673754
.013692738
.014668062
.018696377
.013693100
.013685236
.013681767
.014674083
.013096281
.014258104
.014656803
.015644153
.011625582
.014643620
.014662918
.012979106
.015558881
.014042368
.013281671
.014844397
.014634609
.013711778
.013634764
.014664163
.012651409
.011829392
.014522799
.018667068
.012816035
.012633791
.014528967
.012900423
.013650840
.013257730
.014137977
.013676290
.013665762
.012768203
.013496420
.014516314
.013581538
.012961487
.013665015
.015656165
.013640237
.013670749
.013023008
.014359331
.013308629
.013981366
.013626778
.012685408
.013651500
.013688157
.013578600
.013746120
.014630974
.012656160
.014693054
.013979802
.013336627
.013649799
.014637369
.013697384
.014686459
.013638992
.014689190
.012669670
.014660578
.014693350
.013609174
.014627328
.014655767
.016958512
.011589344
.014642093
.013677991
.014627501
.013884326
.014672461
.013713432
.014674063
.014682533
.013654815
.013678265
.013709928
.013660305
.014700442
.014648414
.013621941
.013631846
.013660859
.013676399
.014649315
.013680555
.015689484
.013645186
.013675609
.014622348
.013112535
.014215640
.013687011
.014629375
.013882682
.013651783
.013665935
.015636407
.012672615
.017673463
.014634142
.014624350
.013635589
.013972508
.014323380
.014180758
.015079777
.014873238
.013653212
.013592307
.014722889
.018102557
.014187829
.014607102
.013663803
.013644107
.012839657
.014677104
.013670739
.013653412
.014681171
.013668049
.014680234
.013650185
.017679299
.015652023
.010658828
.014633894
.013655989
.012656727
.013621611
.013660216
.013696189
.013636559
.012874409
.014651770
.012672176
.013324568
.015983088
.014645182
.012626312
.013746606
.013665451
.013622500
.012670484
.013707510
.013618209
.013174071
.014351679
.013451383
.013657321
.013669879
.013387731
.014893281
.014821060
.013657271
.013657725
.013001892
.013990615
.013897949
.014728278
.013649374
.013681406
.013658302
.014625811
.014748526
.014384523
.013857516
.014706119
.014659389
.013650132
.013673874
.014631211
.014651718
.013395304
.014839196
.014643167
.013604288
.014613285
.013886490
.014630899
.012644575
.014646789
.013643685
.014649197
.013646722
.013642983
.016636048
.010602327
.014629675
.014917498
.014609893
.013658509
.013654336
.014643697
.013696885
.013380347
.014911801
.013633279
.013685638
.013287270
.014970222
.013049613
.014303070
.014659149
.017633090
.013610425
.017089564
.015169442
.014524730
.014618402
.013646752
.014622080
.013764187
.015879990
.012591443
.014499292
.014606356
.014603569
.017649064
