.006156088
.012819910
.006811650
.007311867
.005338782
.004089906
.006214991
.006305753
.007055374
.006861214
.006657831
.006771957
.004873088
.006426187
.006186687
.006359170
.007337654
.004455474
.003831943
.006756952
.006171148
.003826382
.003836729
.006621783
.007468149
.004237711
.003771776
.003815094
.003946709
.005083278
.004627257
.004452194
.003785305
.003815333
.004618908
.004847634
.004661047
.004269539
.006339552
.003681823
.006193750
.003944681
.003908334
.003877508
.007151312
.004545794
.003703729
.003884551
.003936658
.005405843
.003866299
.004873040
.003848650
.003887852
.003859019
.004194151
.003854372
.003830592
.003849999
.003800016
.003827465
.006279877
.004622149
.004311975
.003826368
.003832409
.006163113
.004813942
.004352976
.003827598
.003841327
.004822921
.004816076
.003858651
.007832185
.003823252
.004059066
.005838689
.003891021
.005050948
.003719244
.003872805
.004870017
.005656049
.004500642
.003714234
.003885866
.003843194
.004321586
.004558968
.003920834
.004430602
.003823129
.004703013
.003916000
.004829062
.003856118
.004131289
.004832363
.004835049
.003882577
.004859482
.004816245
.004664534
.004500186
.003733081
.003868889
.003850095
.003979906
.003878952
.004633877
.004179571
.003857052
.006502263
.005619650
.004626882
.003908799
.004884763
.003693643
.003877057
.005593972
.003878282
.003896418
.005337267
.003883691
.004930250
.003824290
.004158656
.003901459
.003892695
.003651312
.003875718
.003901782
.003811380
.004104508
.003679022
.003908567
.003861978
.004252372
.003737969
.003886193
.003886501
.004169672
.004444025
.006000988
.003863079
.004155931
.003670347
.003889137
.004611089
.003898401
.003656798
.004029212
.003923646
.004196909
.003740762
.003935566
.003931688
.004232281
.003686704
.003878989
.003901714
.004329404
.003931335
.003830074
.004689331
.003809885
.004816408
.004317371
.003826525
.003850626
.004907523
.003858746
.003844818
.003830648
.004407362
.003871597
.003872027
.003876141
.004077652
.004818639
.003923717
.004111489
.003693773
.003902742
.003870647
.004336257
.003792864
.003916969
.003866739
.004232189
.003641855
.004654948
.004748168
.003942035
.004625943
.004309190
.004584593
.004646488
.004650082
.003849080
.004859030
.003807833
.003819553
.004404363
.003826156
.003859438
.004837971
.004796642
.003892132
.016306066
.003816029
.003948499
.004784674
.004829865
.003845524
.004641049
.003880119
.003837728
.004913047
.003836249
.003843042
.003857125
.004230231
.003828519
.003808521
.004985598
.003760677
.003918509
.003970229
.004078481
.004521343
.003928981
.004561510
.003695292
.003921030
.005239947
.003836399
.003885671
.005622625
.005837578
.004472411
.003900102
.005678309
.003962602
.003934728
.004906316
.004871503
.004515621
.004415064
.003899601
.006214779
.003909860
.004253413
.004603688
.003843815
.008162379
.003854461
.003862086
.004682678
.003848229
.003837574
.003846062
.004891391
.003852093
.003858419
.004333476
.004510396
.004952063
.003692774
.004858967
.005089852
.003941217
.005896087
.003885254
.005033501
.003719212
.004642379
.005204721
.003895904
.005104845
.003666141
.005604363
.003924393
.003884731
.004005843
.004584214
.003669800
.004599301
.004616457
.003711894
.003854926
.004845498
.003751335
.003895675
.004610027
.003729683
.003887627
.003922454
.004653857
.003680941
.004008051
.005190997
.003714293
.003982769
.004788124
.003722672
.003904303
.004934452
.003923076
.003868854
.003840719
.004085301
.003801535
.003844161
.003842419
.004150225
.003804206
.004609045
.003804501
.003888659
.003945502
.004222006
.003846924
.003846585
.003828261
.003836088
.003841358
.003839160
.004461055
.003833791
.003847615
.005003441
.003805594
.003913502
.005100106
.003831241
.003863500
.004773180
.004810375
.003846004
.004149259
.003876657
.003858044
.004983988
.003818166
.003899856
.004761274
.003824470
.003805630
.003865004
.004153666
.004610250
.004536293
.003948568
.003894572
.003855934
.005702469
.003952301
.004838993
.004527036
.003866956
.004383815
.003727926
.003910418
.003907396
.004138884
.004522246
.004699625
.003739443
.003890383
.003972621
.009131820
.003957388
.004772815
.003771316
.004660777
.004238095
.003893796
.003868211
.004458086
.003897783
.004003930
.003880399
.003816667
.004626896
.003844960
.003869125
.004861846
.003816150
.003841918
.004960555
.003837727
.003822979
.005027337
.003848362
.005822863
.003828521
.003839168
.004740228
.003842061
.003857939
.004509662
.004605074
.004536601
.003854046
.003834183
.003828453
.006425731
.004634211
.003694421
.003916797
.003999946
.004234933
.003740841
.003875509
.005028738
.003670702
.003881244
.004805179
.003698639
.003922926
.004977063
.003897206
.004621145
.004120712
.003823205
.003827694
.005409769
.003872994
.003853950
.003995176
.003842678
.004609606
.004871202
.003868139
.004972216
.003870739
.003821222
.004834557
.005546976
.004033684
.004778280
.003816333
.004018729
.003832415
.004877561
.004807699
.004656931
.003984669
.003775564
.003873211
.005623925
.003859261
.005709058
.004572391
.003862541
.003814748
.003850934
.005077338
.003841792
.004602465
.003863253
.003820624
.003887109
.004505759
.003857126
.003882990
.004423125
.003861849
.003817273
.004920313
.003889440
.003876953
.004878031
.003800254
.003823358
.004990746
.004651589
.004870061
.003767855
.004553685
.004239011
.003842756
.003855332
.004504818
.003820019
.003831108
.004906608
.003815610
.003850244
.004951330
.003844813
.004794598
.003882056
.004841991
.003880861
.004646285
.003967774
.003861130
.004800665
.003827503
.003871764
.003842428
.004818743
.003988859
.003952143
.003936747
.004871629
.003876725
.003836121
.003927747
.004702990
.003897862
.005468443
.003875104
.004960361
.003722403
.004898280
.003960234
.003691723
.003895556
.004881125
.003851698
.004906225
.003942906
.004481173
.004731786
.003704280
.003693910
.003912934
.004462907
.003701013
.004675561
.004169500
.003846261
.003957760
.004572625
.003856560
.004650427
.004000965
.003814081
.003943521
.004524141
.003731284
.003868369
.004669100
.003729252
.003901579
.005067900
.003942148
.003840668
.004536561
.005852754
.003892406
.004856703
.003905486
.003925413
.003900704
.004743201
.003735198
.003936671
.005656266
.003842934
.003895560
.004509001
.003919125
.003899621
.004418255
.003807694
.003811531
.004934188
.003834261
.003832488
.004961289
.003813060
.003803457
.003818690
.004656486
.003890396
.003871004
.003832511
.004482735
.003819269
.003834006
.004574039
.003847826
.003876370
.005604286
.003840456
.003868033
.004638502
.004315164
.003874599
.003847839
.005200018
.004638233
.004369271
.003884516
.003825625
.004848382
.003889519
.003834904
.004476796
.003844283
.003836372
.003860874
.004448552
.003886769
.003800404
.005895566
.003869094
.005654385
.003839800
.004892896
.003877751
.005634231
.003854871
.004599442
.004672745
.003875151
.003873457
.004921112
.003891066
.004657267
.004134451
.004561271
.005671280
.003843034
.006062690
.003845018
.005037823
.003817782
.003853369
.005002356
.003838236
.003847766
.004717724
.003849851
.003854802
.004961191
.003833876
.004859159
.004070018
.003846621
.003986474
.009759821
.004577090
.004100521
.003796912
.003866891
.003775836
.004599390
.004666992
.004291559
.004592766
.004902951
.003842150
.004625567
.004215341
.003813286
.003829192
.004753135
.003863301
.003980053
.003888654
.003899175
.003875056
.003872174
.004657580
.003841087
.003812351
.004010123
.003853536
.003804064
.005068916
.003913559
.003848156
.004510705
.003792576
.003833683
.004630789
.003787463
.004944657
.004634121
.003882265
.003853392
.004597757
.003870751
.003854119
.004603090
.003840704
.003960636
.004889682
.003828159
.003852374
.004917731
.004569183
.004923063
.003810098
.003923823
.004926235
.003796140
.003809350
.011564955
.018200735
.004736493
.003819519
.004569146
.003835297
.003826806
.004509470
.005536060
.003908894
.004400837
.003806766
.003799233
.006157215
.003833648
.004091212
.003834864
.003822184
.004704414
.004673719
.005917253
.004749223
.003805306
.003827751
.004924677
.003859692
.003847539
.004944781
.004678888
.003908152
.003837698
.003851084
.004944936
.003787351
.003849797
.004734212
.004622625
.003807319
.003856390
.004628766
.003853291
.003820597
.003895778
.004532761
.003861664
.004628246
.004160232
.003819956
.003838592
.004560838
.003884901
.004840392
.003951973
.003837519
.003855484
.004987171
.003881109
.003824259
.004511128
.004804307
.003814177
.004091648
.003839271
.003859083
.004898598
.003852116
.003840920
.004965073
.003799257
.004617883
.004580350
.004155062
.003832819
.004603420
.003927784
.003856794
.003838833
.004470273
.003836519
.003840307
.005099884
.003831833
.003858244
.004812563
.003877850
.003830458
.005814620
.004580239
.006543973
.003843226
.003829279
.003797138
.003815438
.003867278
.004079968
.003805312
.003843473
.003936403
.003971231
.003823927
.003820207
.003818521
.004080089
.003893682
.003867796
.004945257
.003809171
.004647249
.004996830
.003830706
.003834491
.003990924
.004810606
.004804223
.003830378
.003890333
.005306168
.003837795
.003845380
.004707207
.003872260
.004851529
.003877545
.003842234
.004856036
.003819767
.003802781
.003826124
.003835561
.004693329
.003854045
.003877195
.004878044
.005420158
.004625777
.004789063
.004882307
.003957678
.004160959
.003868444
.003862891
.004943299
.003883459
.003884809
.004908316
.004919695
.004755188
.003876957
.003796568
.004933871
.003794741
.004631098
.004263660
.003797374
.003837147
.004720637
.004554607
.006548443
.004572503
.003838489
.003914039
.003867528
.005437105
.004566505
.004572040
.003805796
.003952965
.004688392
.003843886
.004598066
.004961548
.003848107
.003864783
.004240506
.003804576
.003822889
.005864623
.005630869
.003843504
.003842804
.004805054
.004619136
.003880686
.004477051
.003806544
.003868186
.005000538
.003856495
.003864152
.004871809
.003830061
.003840014
.004848391
.003809128
.005628200
.003802014
.003811209
.003805296
.003996385
.003866306
.003852713
.004596865
.003800151
.003829068
.004617084
.003815670
.004813350
.004795328
.003802533
.003815431
.004179157
.003815426
.003828382
.005013617
.003826225
.003874588
.004548922
.003817689
.003848926
.004982600
.003812975
.004944959
.003897008
.003873307
.003899562
.004757931
.003832939
.003844236
.004506048
.003772214
.003931258
.004930234
.003791543
.003908947
.004559492
.004631725
.004852483
.003835546
.004582845
.004098113
.003923646
.004667812
.003979313
.003861212
.003806157
.004663617
.003873736
.004619369
.004737966
.003792284
.005365243
.003841776
.003871379
.004525577
.003845681
.003951783
.005541455
.004640050
.003871884
.003841446
.003850647
.003902883
.003816299
.005219118
.004624320
.004406032
.003844677
.003838642
.004969643
.003872958
.003854221
.004572501
.003893558
.003880278
.004940400
.003853260
.003813166
.016919683
.003830236
.003826989
.005056451
.003837749
.004644683
.003927140
.003831339
.003838489
.005085996
.004609574
.005185707
.004609814
.004923248
.003893148
.003903413
.004537003
.004803416
.004931769
