.268378581
.720074034
.547221797
.615360966
.648549652
.618128136
.640807679
.639582738
.616773059
.615114732
.439786539
.420099335
.614062906
.430014251
.605422083
.470204767
.569613898
.610690274
.446663524
.404683655
.430049306
.433852336
.644184652
.640783180
.417523806
.456788143
.594162292
.410452824
.517511017
.326026654
.620590703
.418620156
.682339982
.431536674
.410489272
.627387622
.637406847
.397455702
.431524520
.513298890
.340378954
.426306082
.420897098
.506462461
.370456509
.432465194
.444501505
.392786550
.620155836
.515692483
.340406806
.608107698
.421192982
.421626794
.436569102
.408326075
.426446200
.452280061
.389619647
.425486063
.501542985
.338608860
.425113688
.435463377
.434468753
.411446429
.432540643
.413123890
.417437975
.462689892
.567103369
.427216745
.518596164
.520927546
.450928366
.414478579
.443796112
.423277655
.412786510
.464566961
.385320355
.420985487
.515995036
.324122358
.424352316
.517748909
.337793075
.432267748
.420450620
.436172133
.419006750
.412959020
.460260444
.389194883
.415834009
.632398163
.313491164
.431814925
.424941584
.431807584
.417868770
.502193290
.371884936
.409594446
.458367315
.388697374
.423176098
.518569461
.324162255
.434977894
.429566712
.425002639
.428630147
.420057299
.421928007
.418197102
.460187765
.390441282
.634653398
.298116464
.414465695
.229694172
.350410745
.155677839
.260037485
.364560963
.210463526
.292240350
.334522316
.241341734
.293757970
.352651193
.231205674
.280652695
.356428576
.221046615
.291501921
.284997305
.286133374
.333171594
.288781969
.293567917
.277489366
.296205610
.279920191
.291972119
.278484029
.291235949
.307635773
.272923960
.281628634
.346774516
.226307972
.292618850
.341352348
.226185132
.286328961
.307461631
.293239509
.289608086
.284114534
.276159077
.284935104
.387141299
.214673129
.282227253
.283151512
.293776549
.301505833
.369410836
.216221887
.288853706
.356600738
.217057592
.278866781
.281704860
.289135341
.296278480
.280234704
.278602505
.290734082
.277037318
.293429244
.275723429
.283015526
.284266267
.344499409
.232666409
.284681863
.296183978
.290965841
.291524241
.297975154
.282362777
.280611674
.291603835
.282326834
.283263884
.302411779
.272361993
.291390296
.345250250
.218140212
.290700938
.389398814
.189438646
.281340648
.290714668
.289518778
.301049345
.092979901
.300644257
.287720193
.288170759
.403563940
.173310202
.282408863
.365226207
.218470675
.279461079
.287858950
.286837091
.301564735
.287439927
.294985296
.280270535
.307474409
.306440738
.258828981
.281441091
.327993665
.243749346
.283679713
.375787650
.206631385
.290387463
.283516862
.283578366
.295872533
.282131739
.286565865
.288355120
.290683890
.373831987
.096923924
.357543112
.291305238
.283592890
.286621817
.290353349
.290542810
.285726457
.282705869
.290208849
.304503311
.285444567
.297850582
.281606762
.289295135
.286262074
.278493226
.302321967
.288521972
.286742672
.341214814
.260186728
.279801707
.277995547
.284434857
.291058574
.350955444
.210924063
.284601112
.285811645
.293247061
.279758673
.288409751
.291061719
.310714247
.287780386
.308091382
.267251889
.292036079
.340403040
.225588762
.289283990
.343436945
.227428699
.277298829
.288493283
.292432268
.283213659
.285639363
.289441451
.294085116
.282336263
.290126016
.291749391
.283855758
.328845468
.258364367
.290169460
.297476656
.279879934
.281121642
.359162355
.216522746
.282792056
.283487014
.298480549
.287260051
.277244191
.288615751
.298368457
.288536054
.283777228
.340652712
.251173371
.291143541
.314917866
.263230034
.279791975
.292898837
.289786667
.285109506
.275159070
.296546269
.296421912
.281435664
.277154240
.288446162
.295284989
.289703852
.287995982
.287088267
.282959098
.288608720
.376982642
.216864967
.280007247
.353400680
.225180618
.291192961
.362960308
.210370156
.286469342
.290501848
.278660943
.283293366
.097692666
.388604666
.207765898
.279895848
.354437618
.228390657
.282459889
.278678338
.284672705
.296773458
.284855882
.288021561
.285233845
.289019205
.283116098
.283834192
.288499319
.306142423
.285092962
.291407425
.341551746
.263481138
.283024474
.306288409
.258794199
.292755219
.304582925
.258575282
.287174250
.300489978
.279561277
.277401781
.375507755
.206525651
.282124089
.294126791
.290561217
.289186649
.286960733
.288636837
.288359766
.277128792
.287098408
.286895067
.276761936
.292528559
.287323971
.290395207
.275529926
.286839373
.288330317
.290884082
.279319398
.296495233
.275284912
.285624767
.282269404
.295905471
.287341647
.284517900
.289413235
.293275619
.278671278
.284368985
.283837769
.291737218
.284387808
.277526310
.290915567
.292934262
.098932475
.287474073
.292688701
.285601575
.282686685
.291420306
.283801874
.280901944
.288578217
.288888236
.284625104
.280380944
.285247299
.289117149
.290750088
.279740640
.300716459
.290022742
.291299108
.286993080
.279088119
.284181381
.379876929
.215547553
.278109559
.358957438
.222535019
.295510786
.374082791
.188781262
.295806423
.288620754
.273612612
.296018483
.287535265
.285789643
.285044211
.287203676
.282223607
.285801472
.377126677
.221631431
.289651507
.318727349
.250481299
.293221511
.371423783
.196553030
.287883685
.292994708
.284298382
.302721278
.294651921
.385132874
.211319235
.292690858
.282288120
.283136986
.286169242
.294431407
.279355692
.276404702
.294314234
.290248138
.283115851
.278284158
.291621413
.286490427
.286330011
.291034581
.296762044
.275839066
.284060062
.291076434
.289584050
.276795392
.285941943
.288191675
.293973859
.285545408
.292481062
.447817946
.217544756
.283231347
.283886823
.290201146
.315959617
.293621777
.283905780
.289218210
.290287040
.294741868
.375590534
.217095759
.294125826
.289781323
.282203291
.285883528
.290293721
.297263736
.284264890
.287615986
.293005995
.289283026
.289378528
.284813714
.339407928
.261936249
.289812898
.377862640
.217725475
.286423879
.285377035
.302492155
.285857742
.289053140
.291314923
.288166366
.289510760
.292135128
.300590973
.288180247
.299389377
.285591258
.284910494
.285560014
.292357137
.285342880
.290112396
.289043545
.300679217
.282846223
.286885333
.289047989
.297787070
.282576395
.284387077
.293482222
.295495291
.298137004
.287049159
.284385564
.292432993
.293164130
.293435859
.282888983
.435176914
.289295944
.285622383
.286738142
.284346313
.292055042
.282266847
.285527203
.298238594
.288443214
.295121409
.337829746
.253932128
.286227963
.322469938
.274206777
.284895591
.340673154
.229567874
.294210321
.285943554
.283035967
.289275407
.295679731
.286698556
.290765510
.285845692
.286964691
.292389885
.286244817
.291122457
.291517617
.292997342
.287391485
.421345712
.291528030
.291677877
.290489797
.283770247
.294693102
.294346146
.287557397
.301408921
.290808495
.286399834
.293768120
.288303616
.287305033
.289008815
.290676709
.288156466
.284899644
.297037219
.295957592
.286311055
.290045879
.288202955
.291162580
.284623495
.286807428
.285031401
.291612395
.291395811
.296765157
.286184439
.285242733
.286133422
.293623526
.288398583
.282549103
.289541825
.295191739
.290011107
.285464595
.288264125
.295270966
.291439901
.291993546
.286602246
.290239316
.292378352
.289572391
.295006646
.298195793
.286933553
.279480542
.294210001
.292462285
.290702670
.280488388
.282773023
.296624964
.289499722
.279642681
.409850799
.295199046
.292465102
.288896440
.300317973
.286124144
.295419662
.287357726
.290842099
.292369937
.293745876
.288932191
.289125103
.285286850
.292693757
.286430657
.284856003
.325120597
.293804882
.296837557
.285611020
.288854283
.285489566
.291630249
.286883530
.284975393
.294572723
.291563978
.283366008
.284220443
.289984938
.293079186
.290686873
.287213000
.286810085
.291852345
.286812255
.291481088
.284757215
.293694094
.287424047
.293643212
.284142438
.292372683
.290181857
.291407571
.280376319
.290942584
.292418623
.291495662
.284596993
.296084492
.093212776
.299556584
.285169470
.288359519
.290748271
.297054861
.284392006
.287379187
.288302168
.294436715
.284907742
.287714335
.286043966
.299377185
.331271406
.253198059
.310501786
.289804199
.290024669
.290530797
.291479905
.286282643
.284851116
.287948947
.288947269
.288016672
.288297206
.288218366
.290238919
.287605015
.294671765
.287272551
.292985952
.289533186
.288390282
.289750543
.294735410
.297269219
.289576238
.301308566
.295559107
.297581456
.293864002
.293143742
.297082024
.298121859
.292106922
.286346727
.297319126
.295242054
.306670952
.297239163
.295712352
.299769706
.290447639
.295935044
.295532238
.297321132
.292353645
.293390044
.299053276
.295485083
.286829198
.298241358
.299003993
.295049409
.292645443
.297187701
.303459951
.294316311
.290254709
.298527077
.287910632
.291698004
.295336503
.297812376
.290919163
.296427638
.297928801
.295151359
.287639794
.294816682
.296295427
.298305591
.294572400
.290505249
.293171559
.292839192
.294700701
.292296124
.294529501
.296603204
.301944413
.294481747
.293551464
.300730886
.296217018
.291551344
.292846598
.294983844
.294378712
.297558569
.288568294
.295400460
.297481340
.302695778
.287667649
.295698611
.295202036
.296484667
.289948981
.294488449
.295617044
.298733832
.285955273
.293114707
.301530967
.295843850
.306079916
.294789030
.289302728
.294440561
.300610499
.288622969
.290599728
.294082704
.305879008
.291117137
.292495982
.302018151
.296923862
.291868977
.292029712
.298757702
.296524494
.300949231
.292214660
.290730220
.290076829
.300146805
.284201882
.305106092
.294475671
.302679258
.288191055
.296207495
.296929135
.297924144
.289095142
.297756347
.300064615
.299185894
.303166597
.287761761
.293850341
.307497181
.297414248
.287093766
.298966603
.295290672
.304489915
.287461032
.297197299
.288099662
.295312421
.292615413
.293294079
.291859960
.293251501
.312923836
.293222792
.287149463
.304371641
.301948017
.287299938
.297132592
.300831397
.302606470
.293926192
.294359017
.295824145
.300451894
.294947380
.288269824
.290475015
.303972890
.301993191
.293156908
.294372820
.298681266
.298456188
.292580563
.291053070
.298022273
.301887143
.293259089
.296284155
.294979403
.296584461
.291275918
.289986751
.296394820
.296670224
.302397167
.293056214
.295590975
.296152487
.298716061
.288525865
.291920565
.299481223
.298845170
.284422369
.300938241
.295267901
.298504727
.288103651
.297049827
.294566520
.295747169
.303108072
.298023734
.291448388
.296041337
.296916394
.290949620
.286296559
.299527584
.297586321
.290825243
.290393467
.296373473
.298310290
.295037682
.286223780
.292098153
.299257944
.301501711
.292815618
.287734251
.295194557
.302245066
.290949205
.291091171
.295856440
.300422365
.288781271
.285680971
.294666044
.300105665
.290922265
.292782078
.300387823
.305165892
.299581306
.294417851
.289612368
.296278648
.300564072
.291845166
.295863957
.296605217
.296395862
.289446722
.290328484
.295878155
.298236722
.293159259
.295820857
.291977411
.292615808
.298615143
.291058913
.292648325
.294435955
.298583129
.288170996
.295924031
.314783278
.298411124
.290560536
.300326739
.293595161
.295027020
.286636028
.293386916
.300822874
.299712522
.295784178
