22.099249501
13.820289693
14.570216332
14.426170068
13.994389467
14.666922230
14.256273379
14.336928939
12.228864839
13.193572212
14.584188890
12.509300080
14.494415419
14.423547497
14.421051964
14.375410029
12.495341921
14.964329384
14.592061343
14.342164060
14.588204257
14.030466475
14.720926754
12.764535030
14.649852678
7.940872644
13.212868820
14.835944953
14.990175110
14.682183512
14.599935743
12.161322373
12.447846867
14.610460472
14.776522079
14.664220669
14.902393190
14.325095851
14.447820710
12.393652174
14.691101060
14.759991978
14.667041830
14.739331808
13.970351599
14.590724462
13.506915783
14.841835698
14.885557973
14.552262312
14.760324606
11.842696079
11.648729114
14.852241379
14.898994919
11.555222736
12.918631536
14.920656130
14.650867621
15.169524582
14.535601598
11.628496661
12.349553711
15.052015507
14.980385661
14.907401117
15.099864083
11.430602347
8.509044314
14.897770712
14.805783011
14.839329556
15.016644919
11.881439330
13.593805636
7.976825208
15.124457095
12.503356522
15.000363463
15.040497996
15.289776267
15.072612488
12.275641856
7.757234213
10.695797173
15.254036330
14.914966425
8.126550710
15.276702427
14.775732340
15.025264395
15.363044709
8.265427390
10.248300153
15.355043342
15.156180453
14.992135493
14.923564073
8.355071485
12.966777376
15.085381297
15.191350377
14.980746751
15.518253768
8.347826540
8.360998811
15.442175670
14.930913653
15.741366651
15.415119023
15.249946635
15.301129370
15.083620147
12.315771816
15.427474235
13.121951577
15.375679201
15.262164401
15.375739607
16.199509901
15.804484899
15.528326247
15.667265626
15.405184235
15.834255090
15.614284981
15.444922243
15.566055968
8.846798996
16.036434274
11.998016219
8.792568862
16.068135348
15.665632264
15.502968871
15.854922571
15.758439193
15.588187686
8.916255903
15.664151881
12.262092072
14.362417067
15.488491740
15.658991735
15.445270255
15.968118528
15.648556125
15.708772602
15.396228396
15.529289431
15.695893141
8.723522734
12.486803602
14.762873366
11.569116825
13.235720768
16.028504264
15.818816466
16.205537964
15.773518575
15.692968360
16.196417139
15.705608685
16.140522223
15.987041441
15.975921075
16.021653329
15.854156331
15.909330632
15.828378532
16.050171076
16.278223111
16.211269345
16.422860260
15.930281156
16.013384373
16.175858437
16.029271043
16.142096645
15.930280500
16.162912760
16.097382429
16.306806103
16.580427855
16.928060730
16.695513054
16.150930655
11.856677369
16.842561831
16.499042055
16.462965154
16.404143251
16.435393878
16.608882512
16.508946697
17.167781261
16.879044823
16.826837859
16.840840715
17.300639428
16.408095065
10.097288658
14.268509408
10.075014721
16.639214783
13.707298538
18.176750916
16.737191599
16.917657163
16.740270931
10.087249549
17.667655581
14.271437235
17.340981154
10.801075717
17.208749607
17.582013091
10.843715320
17.707777803
17.411207933
17.740526491
17.526855554
13.201210005
17.622732474
17.544133818
17.637344863
17.505933474
17.681087032
18.017789941
17.765311482
18.169298924
17.562256889
18.013721127
11.096728438
16.346431377
14.212830185
14.428801726
12.459255544
14.129117875
14.534672448
12.405158842
14.379409018
11.415532835
12.916684833
7.558223117
14.540195890
13.125285860
7.588547499
14.807232137
12.993189077
14.618955957
14.405453980
14.577626003
12.370536073
12.810326665
14.699282409
14.496506282
6.414677367
14.520361643
14.502024435
12.557715794
14.761847181
14.883372761
14.686209314
14.740879967
11.451411366
12.594819755
14.292607217
14.755259122
14.182718342
14.509168906
14.076455436
14.907562894
11.607071776
13.760232293
14.699190064
13.648471796
14.683782196
12.811086329
14.573939315
14.842873678
7.949446904
14.576864068
14.923116963
15.134052342
14.649391303
14.677639314
14.495213779
12.300286776
12.725110108
14.405268923
14.615372381
14.563493294
12.524242088
14.959691971
14.932152488
14.788833741
14.787852953
11.734913234
13.236117071
14.763086424
15.040584468
14.665067313
8.272286462
15.202304191
11.585100981
15.253324727
11.939850709
14.915032492
7.910343884
13.115692540
15.174270756
12.714064564
15.122236535
15.374154800
12.729620767
15.645708922
14.792237555
14.839152472
14.907092299
15.110513585
15.346847826
14.777871866
15.138110297
8.196736646
14.919686388
13.222484538
15.458367747
14.854378056
15.308527092
14.900312455
14.940875854
14.932876676
14.967571256
14.888920083
12.855766807
14.071164037
14.936567979
15.184866343
15.555862402
14.548344573
13.751573420
11.700367809
12.495532071
13.549750067
13.161964440
13.262383589
15.814115054
16.525197274
15.219110789
15.303148603
15.289080068
15.186528741
15.019869110
8.376093997
13.351303806
11.795074241
15.872238100
15.846595817
15.838746920
13.383922549
16.055103628
15.803495140
15.431037498
16.167843851
15.439668565
15.597205720
15.463880039
15.904018122
15.618131361
15.760870613
15.485182119
