.005626596
.005565025
.005715229
.005615058
.005728679
.005619185
.006722800
.006679923
.005741519
.005635327
.005762442
.005667666
.005776742
.005613354
.005684567
.005601006
.005685024
.005651123
.005663571
.005625338
.005714652
.005630586
.006766179
.005605960
.005662317
.005604017
.005790617
.005611726
.005787983
.005630920
.005750205
.006710363
.005718006
.005601346
.005644375
.005610645
.005701136
.005598495
.005691183
.005713553
.005691541
.005603109
.005786483
.005521446
.005708534
.006562624
.005689627
.006561354
.005716257
.005567513
.005716072
.005576024
.005775781
.005603960
.005653714
.005575801
.005829816
.005610544
.006704626
.006617006
.005731178
.005661763
.005638126
.005592243
.005779019
.005565463
.005753478
.005560686
.006501189
.005596112
.005706656
.005587126
.005962006
.005686927
.005778506
.005703111
.005792454
.005684826
.005808043
.005611411
.005768517
.005525036
.005746654
.005668595
.005739003
.005598130
.005828078
.005584127
.005848408
.005660040
.005723869
.005601935
.007551657
.005673353
.005735725
.005810590
.005680406
.005742830
.005621039
.005844978
.005671334
.005862267
.005673031
.005711730
.005652239
.005693463
.005626099
.005730310
.005564066
.005728965
.005632402
.005710732
.005616822
.005723769
.006682536
.005736821
.005592528
.005867906
.005603299
.005751653
.005664600
.005734678
.005603985
.005759560
.005690325
.006699467
.005588352
.005731865
.005697691
.005610126
.006573599
.005759286
.005583288
.005702293
.005589637
.005712695
.005692644
.005677826
.006621188
.006677825
.005556036
.005672383
.005623794
.006691934
.005676519
.005769725
.006567578
.005709223
.005576296
.006633421
.005527218
.005754661
.005566543
.005685034
.005675505
.005770441
.005588545
.005619524
.005623907
.005699017
.005575585
.005749557
.005625145
.005625761
.005625407
.005781437
.005558193
.005799235
.005581745
.005690276
.005612644
.005645791
.005555165
.006745885
.005681755
.020813876
.005653379
.005770748
.005609154
.005800379
.005632044
.005740258
.006693073
.005667924
.005596056
.005692311
.005548233
.005830269
.006619457
.005695797
.005643203
.006796388
.005628096
.005645055
.005603398
.005796847
.005580049
.005725657
.006670208
.005698565
.005572445
.005665969
.005659272
.006814085
.007495119
.005661065
.005746225
.005562841
.005701895
.005581625
.005807025
.006604561
.005783473
.005638408
.005692058
.005616600
.005796664
.005610686
.005733404
.005563895
.005693515
.005636820
.005745005
.006578350
.005745124
.005549358
.005806173
.005711304
.005691291
.005573050
.005665882
.005567138
.005711121
.005584592
.005724654
.005691908
.005852306
.005635358
.005777819
.005639345
.005765644
.005587621
.005649167
.005599193
.005747387
.006663987
.005713309
.005605251
.006650553
.005561135
.005841896
.005583167
.005689909
.005616294
.006726590
.005522248
.005730991
.005679943
.005653027
.005620022
.005798013
.005512979
.005659803
.006588512
.005736952
.005588053
.005725241
.005561813
.006641961
.005593475
.005722004
.005553157
.005770350
.005592212
.005698364
.005547214
.005820231
.005604007
.005696326
.005597256
.005749147
.005586723
.005648398
.006690125
.005795125
.005606437
.005738879
.005589016
.005790860
.005576370
.005706352
.005710238
.005796565
.005572554
.005747447
.005632240
.005672566
.005672240
.005648897
.005589221
.005728395
.005573599
.005676854
.005580225
.005739396
.005564224
.005682968
.005675402
.005717664
.005591258
.005697064
.006492583
.005683370
.005587076
.005734061
.005561926
.005762799
.006589792
.005662193
.008488684
.005740789
.005636333
.005616221
.005704309
.005585482
.005810657
.005585274
.005717086
.005594669
.005682246
.005580525
.005716018
.005737560
.005655128
.005670371
.005744980
.005613567
.005724132
.005718216
.005691637
.005607275
.005751193
.005637192
.005757439
.006687928
.005727217
.005555395
.005735150
.005722127
.005712280
.005628894
.006673924
.005663924
.005717802
.005628592
.005747603
.005713108
.005778202
.005730561
.005724845
.005634139
.005719980
.005629924
.005692743
.005645267
.005727045
.005718958
.005808617
.005596809
.005749113
.005595710
.006708439
.005695926
.005760188
.005681498
.005769366
.005659536
.005759552
.005782871
.005774540
.005625266
.005679268
.005726532
.005686392
.005601998
.005774170
.005719224
.005804788
.005641197
.006752842
.005700709
.005698562
.005648466
.005759712
.005795028
.005769021
.005713906
.005799230
.005590870
.005778676
.006636434
.005696807
.005668081
.005701829
.005609578
.005743655
.005791580
.005852434
.005602001
.005759420
.005617013
.006708878
.005557263
.005776875
.005742962
.005832123
.005640903
.005771477
.005613289
.005765278
.005595906
.005699124
.005667462
.005728292
.005654412
.005695390
.005602927
.005789549
.005599207
.005754281
.005683558
.005719395
.005666538
.007655813
.005755057
.005566993
.005690586
.005679233
.005766550
.005737758
.005699316
.005709883
.005789188
.005682748
.005749916
.005637831
.005808353
.005685831
.005805482
.005667204
.005761035
.005726797
.005713679
.005625679
.005884920
.005550026
.005701628
.005650147
.005800444
.005581617
.005724855
.005706024
.005696810
.005644982
.005753185
.006653419
.005764578
.005665172
.005860732
.005643409
.005764022
.005609317
.005731612
.005596067
.005728516
.006592424
.005707593
.006681831
.005768223
.005620850
.005675001
.006628512
.005776400
.005595590
.005792116
.005573650
.005758933
.005643522
.005838709
.005629809
.006600923
.005601129
.005801582
.005599142
.005751035
.005598048
.005736946
.005612512
.005747137
.005641459
.005782559
.005613492
.005731346
.005599285
.005761401
.005579494
.005757976
.005582180
.005727812
.005617066
.005834448
.005631006
.005760516
.005645260
.005799236
.005605801
.005704404
.005602703
.005741884
.005632107
.005757221
.005615855
.005831416
.005595557
.005679138
.005602268
.006797187
.005567900
.005745823
.006510292
.005737069
.005606374
.005713915
.005598735
.005749932
.005679172
.005760779
.005585469
.005798856
.005623860
.005843121
.005633720
.005788531
.005636720
.005748499
.005719706
.005809677
.005634457
.007541317
.005740624
.005597309
.005723724
.005644074
.005818707
.005647749
.005711973
.005647390
.005716947
.005655587
.005800634
.005667001
.005701528
.005671148
.006719423
.005674278
.005696349
.005635441
.005816874
.006720769
.005716419
.005597255
.005728528
.005700980
.005820658
.005695497
.005793976
.005654744
.005824408
.005629377
.005750741
.005618414
.005681319
.005560141
.005779219
.006538937
.005705563
.005788006
.005754448
.005647639
.005706196
.006598914
.005700773
.005671809
.005829194
.006608107
.005891356
.005565176
.005803481
.005594753
.005815299
.005652993
.005756910
.005612245
.005870115
.005664135
.005716039
.005662532
.005745248
.005735998
.005759647
.005628873
.005814059
.006623174
.005766419
.005671369
.005706896
.005607435
.005798342
.006536243
.005697363
.005596015
.005716313
.005684140
.005722008
.005746620
.005655871
.005546795
.005781397
.005636259
.005799612
.005644471
.005736863
.005587122
.005694307
.005748316
.005707634
.005608440
.005757147
.005758127
.005736696
.005654895
.005724352
.005618552
.005737934
.005688438
.005756759
.005736469
.005851161
.005642191
.005709892
.005761981
.006688903
.005645158
.005793743
.005607727
.005732212
.005760096
.005788946
.005598688
.005708362
.005649798
.005824802
.008645988
.005673636
.005780905
.005714495
.005776946
.005631177
.005876810
.005683959
.005681995
.005579596
.005830474
.005590516
.005682086
.005644020
.005786516
.005701001
.005743809
.006606464
.005725190
.005616318
.005769407
.005605888
.005694135
.005650693
.005717019
.005583025
.005818277
.005754875
.005700121
.005618458
.005784162
.005604604
.005751735
.005644606
.005795053
.005627067
.005753192
.005712247
.005769459
.005638034
.005767129
.005629389
.005718281
.005713759
.005751428
.005612160
.005782622
.005604072
.005797720
.005616919
.005757121
.005557252
.005808352
.005630782
.005724337
.005666789
.005835759
.005705988
.005734147
.005716705
.006751813
.005743290
.005773267
.005633404
.005703391
.005565568
.005724339
.005670665
.005700106
.005644857
.005764379
.005648153
.005715443
.006583227
.005743601
.005609771
.005718372
.005704402
.005752432
.005666524
.016776243
.005621015
.005754888
.005588868
.005707181
.005730947
.005673807
.006607832
.005802409
.005580826
.005725645
.005673942
.005773603
.005605086
.005799903
.005729400
.006715538
.005738303
.005766181
.005666313
.005704626
.005643921
.005709866
.005700157
.005852642
.005620831
.005769165
.005700280
.005715738
.005638518
.005707526
.005605997
.005716842
.007512131
.005604584
.006712014
.005652131
.005686936
.005708819
.005795102
.005556221
.005733869
.005644014
.005674085
.005640367
.005749753
.005606109
.005715487
.006629361
.005724511
.005602127
.005802097
.005747432
.005721530
.005656486
.005815929
.005709529
.005745134
.005623271
.005724827
.006644200
.005673680
.005623178
.005773781
.005572560
.005739082
.005826488
.005749802
.005582821
.005836334
.006601914
.005737953
.005623974
.006665118
.005607905
.005718065
.005689790
.005725729
.005591518
.005870179
.006574213
.005720198
.005578784
.006718553
.005564845
.005811425
.005668753
.005799449
.005577521
.005759083
.005721737
.005774116
.005671565
.005755936
.005604495
.005681222
.005757963
.005775696
.005698520
.005731808
.005606600
.005718429
.005600760
.005767814
.005641688
.005811197
.005689936
.005720718
.006614144
.005771779
.005637286
.005761289
.005622087
.005755687
.005631636
.005724243
.005605102
.005859717
.005663330
.006740018
.005666118
.005778085
.005618893
.005789153
.005603484
.005756148
.005659833
.005798286
.005614443
.005732156
.005631507
.005682923
.005644405
.005846603
.005559296
.005783161
.005695011
.005766446
.005600158
.005873867
.005639229
.005764113
.005585026
.005754404
.005630552
.005701782
.005654735
.007534359
.005698442
.005634239
.005842823
.005699012
.005736041
.005630237
.005782677
.005686816
.005690599
.005646654
.005761806
.005599280
.005811426
.005713213
.005712430
.005576502
.006702466
.005699623
.005778357
.005610715
.005864024
.005605313
.005677458
.005627381
.005822585
.005652391
.005768167
.006648773
.005688976
.005656838
.005759406
.005637525
.005747579
.005684242
.005736871
.005570095
.005703370
.005722607
.005731238
.005597310
.005752371
.005615214
.005702905
.005601400
.005774009
.005572966
.005839006
.006613843
.005715341
.005581969
.005720435
.005600998
.005779087
.005680232
.005781597
.005575941
.005760536
.005642528
.005775356
.005612699
.005838946
.005622566
.005727692
.005602259
.005717211
.005602319
.005709877
.005637982
.005696888
.005615591
.005715993
.005658989
.005708459
.005633247
.005778217
.005621464
.005742391
.006625903
.005717934
.005642798
.005722454
.005666782
.005844673
.005721571
.005744453
.005664040
.005749124
.005628758
.006854094
.006608592
.005798042
.005578150
.005742551
.005641578
.005775748
.005758240
.005734549
.005683309
.005706731
.005606900
.005773283
.005628899
.005729804
.005601075
.005734787
.005701205
.005700393
.005653911
.005860834
.005626794
