.885504600
.861543800
.831855300
.816610800
.847587701
.870129400
.834960400
.905187500
.946283399
.839812301
.857374699
.865185300
.868521000
.892326900
.821990900
.839049999
.813831801
.874469500
.824518000
.915988800
.858654099
.832923401
.809437899
.838284101
.838388600
.862198800
.826070800
.932668199
.813996500
.860072001
.861104800
.816303900
.907971400
.854487000
.842952300
.860205900
.813046400
.831929400
.912322200
.901697800
1.149218100
1.249023899
1.281944801
1.221625700
1.370768100
1.206327699
1.094794601
.820094500
.890583899
.873301100
.832228901
.916670100
.813988300
.840919900
.942223800
.829312600
.864989200
.840182599
.929932500
.807922700
.844267200
.836307400
.829872999
.951403500
.875590400
.797005101
.808541400
.915976200
.857421700
.844036800
.847065400
.837343500
.808821999
.840350200
.861015700
.852040900
.843364800
.861976300
.882802200
.849927801
.840434800
.830281800
.845042500
.849086300
.836372700
.849484599
.824005301
.870426200
.868844300
.855665700
.846532800
.886473800
.866599900
.863957600
.888974400
.835774500
.900718400
.863972999
.807472501
.863601400
.965438900
.907483800
.963014599
.833351300
.856160800
.880675801
.814716200
.847373700
.840131100
.819760900
.862105300
.841865100
.832324699
.860481000
.835659100
.842159200
.862566601
.813042799
.823787799
.851674300
.824146800
.807523100
.852049800
.820029199
.792603500
.852253701
.811561900
.830093600
.852465400
.823176200
.811793099
.863590200
.824329800
.815367601
.818524200
.813677100
.876866900
.851851499
.831794300
.841809101
.862800600
.856727600
.839987000
.859810100
1.003630200
.807630700
.832540200
.881942100
.842126500
.833362900
.829389100
.860152900
.847817200
.832284700
.841531100
.854698100
.826685899
.887759800
.864384400
.831869100
.873811701
.826629000
.842206600
.843592100
.844082400
.856367500
.865775600
.798577900
.866550500
.935431399
.811668300
.861068500
.806932100
.878325500
.833069000
.967187300
.842862900
.835962101
.823239600
.846589700
.822908200
.855180799
.848149401
.821386500
.846562699
.850497701
.804698799
.851486001
.871051100
.891913600
.839086400
.974112499
.890418800
.855699601
.903764300
.877136900
.810987800
.842204100
.860893700
.815188600
.856123500
.869012000
.863581100
.883577000
.843716400
.898203399
.927939500
.853707701
.814602999
.814161900
.840206400
.864003600
.859853801
.814303700
.848026700
.818030700
.862190700
.851915400
.875860800
.858370799
.794230100
.822016601
.836247000
.820266000
.831722600
.838826000
.832035300
.837734600
.838738600
.871849000
.823714800
.858495000
.904429100
.831679299
.833795600
.871831501
.800532300
.813773399
.866326000
.820339700
.972983500
.831633800
.907710700
.857508900
.853476100
.886534800
.845639600
.855738900
.931481400
.846396400
.824269300
.901449800
.824017899
.814902900
.903810401
.858439700
.818243300
.797958500
.830040300
1.042225700
.850937600
.867049100
.830350100
.823140900
.879517600
1.030276800
.836275799
.834059701
.872848600
.857665400
.826975800
.850794500
.829050401
.860024799
.841419300
.859363700
.905910900
.830958900
.866747200
.929673899
.837423200
.874485400
.859042400
.836062399
.866294101
.805338499
.832757301
.840592599
.857550801
.880149899
.854201801
.847092600
.892430200
.895194600
.817636300
.842514800
.808971700
1.086387200
.820228200
.863852700
.855392000
.824231800
.830445100
.829446400
.831148700
.883028700
.852372601
.822077400
.900884000
.861015800
.856559400
.912794599
.829017201
.812339800
.846554300
.831193700
1.009860000
.849982200
.868434000
.844110200
.870397200
.845679000
.876270200
.832414600
.838019800
.810594600
.850595700
.883507200
.832696700
.843175300
.911534000
.854391800
.858386300
.831609500
.814413700
1.028492599
.870699301
.810941300
.962304500
.821204300
.808379699
.891884900
.858252101
.840604900
.842576700
.833551300
.856703600
.846942600
.846000601
.940588299
.859388701
.870483000
.846487999
.828434900
1.061741100
.848666801
.834163500
.859143600
.840798100
.833219099
.883246301
.806122001
.815864200
.839806700
.858837099
.881656400
.840262200
.848178300
.844391001
.857611200
.835326000
.852990299
.867381000
.896422701
.793758600
.860538499
.847661801
.846847100
.824317000
.859241100
.835921199
.875676200
.882737401
.860610300
.840050100
.859677799
.931080200
.950108001
1.389390000
1.145038300
1.339933100
.839717700
.925639400
.841957600
.876927900
.887696300
.852304700
.818888699
.818208800
.844177200
.837063000
.856161700
.847753701
.845743900
.814852900
.842023200
.882541500
.847651400
.868328499
.816795301
.860196600
.932545400
.876907000
.853926200
.831109800
.852381099
.868214701
.826044900
.835868299
.827994600
.804354601
.805375900
.787139100
.838761300
.855113200
.926523200
.876473900
.810917299
.875059400
1.037990901
.835425300
.852080700
.892205099
.847138800
.820462100
.860832801
.853889700
.875957400
1.067968300
1.290708099
1.383444201
.974152500
.854977600
.944703500
.966802200
1.009086900
1.064418299
.827308900
.842186500
.856818900
.866296300
.932526100
.932111301
.950082500
.848886199
.820058400
.813429301
.876944300
.825602300
.839697600
.883969300
.839210699
.924049200
.911091201
.852761400
.843281500
.822203599
.837361400
.803743201
.865695199
.829622501
.829780700
.851817100
.868751200
.846978199
.871620101
.847641500
.853907400
.802572400
.864127100
.811080000
.851955200
.911679799
.864458301
1.021787200
.849281000
.858322000
.848211099
.839878100
.864404100
.876479901
.833545700
.903566899
.959746600
.884305400
.818123401
.848888300
.813529399
.815335300
.841025900
.858208500
.869507701
.916815600
.813235800
.857719199
.860275300
.891903301
.850497200
.818624800
.866021600
.819562500
.851846100
.892002300
.850384900
.830326700
.822929399
.847667701
.875236900
.875879000
.834342700
.841158300
.812965700
.950727400
.855348100
.832128700
.886465899
.830532800
.908595501
.889898100
.906804800
.860024900
.838542000
.837275000
.840576700
.851904500
.829125401
.858756100
.812952899
.857146800
.829443401
.839453800
1.014047199
.824079301
.842493800
.874280799
.865920800
.845262701
.853366900
.814133100
.829413300
.844637500
.797881599
.812807100
.889152899
.811944200
.854587300
.846407000
.901545800
.843086399
.816880600
.835875701
.862652400
.871648300
.807977000
.838691700
.884570400
.844282100
.858733900
.840792100
.848394200
.866347800
.803597400
.848271500
.815199500
.827616799
.809377900
.837611500
.876920001
.852893900
.842234299
.845057400
.812245401
.844494400
.846012100
.824318400
.846480800
.835680900
.805527600
1.062207899
.868630401
.819341800
.859122200
.829238200
.824123099
.911145900
.825192601
.863557500
.905553600
.888127800
.869916200
.845526800
.867188900
.908037600
.823391100
.830507700
.845952400
.807644400
.851039600
.824118300
.819520200
.867344500
.821353200
.847082600
.862805500
.820292100
.858605100
.926144100
.847819800
.911094900
.854127399
.820436000
1.032447500
.845404001
.897521900
.831133900
.870691000
.847163000
.823023600
.797033299
.894902199
.933895600
.818625400
.867373000
.833435500
.859761501
.847985400
.847177800
.989812700
.854819499
.823143900
.878944201
.901308199
.902538300
.880057101
.857662200
.821117000
.841203500
.863217700
.872994400
.868972100
.832076700
.893243900
.827998500
.815215500
1.025991400
.802346400
.921735100
.839157500
.863221100
.839512700
.808006600
.813759300
.802377899
.816025800
.888058300
.856615201
.841885200
.849612500
.846431500
.855875599
.983065200
.853008801
.881154500
.839830800
.850853500
.970972900
.834933199
.896558101
.812503300
.837170800
.840958800
.870439599
.877189100
.828357501
.840125899
.872575500
.837368400
.802577000
.834205801
.838027100
.858102799
.824412101
.811811300
.865692000
1.125451000
.874386100
.824158200
.860529800
.785566899
.878447500
.815949701
.854200500
.860167199
.836789300
.862659500
.886910901
.876306800
.855549900
.912420000
.848505600
.849297399
.903873500
.805060901
1.065620499
.908374701
.863141300
.893330600
.876123400
.844655800
.945448999
.873501801
.848027700
.908045199
.902189700
.904593101
.814335700
.815580300
.814699500
.878542500
1.030224301
1.021129800
1.456097299
1.086197500
.832764601
.814502300
.849996800
.836337800
.970008900
.881306300
.830432600
.939883199
.856383701
.850741900
.891775900
.801607699
.811567201
.799439800
.804291199
.830056301
.833918900
.856178700
.847621900
.833795899
.835232300
.816114201
.839849600
.975547100
.810874799
.852591301
.819656399
.802411100
.934590900
.881957701
.857658200
.853572000
.840121300
.853523599
.874419000
.860463101
.969217500
.824728400
.852018599
.885639400
.842848001
.854599000
.835064300
.835684000
.876763300
.801888900
.833730900
.888853099
.874339401
.827476900
.856073900
.866081400
.866488500
.826631800
.863852300
.983211599
.891986500
.841701200
.893559400
.844606700
.827458801
.820809400
.825810899
.858872300
.846855100
.848805501
.857252200
.831834900
.844064200
.807667099
.869219100
.814254801
.819870400
.812914299
.830033900
.834980701
.847753200
.915035200
.877559099
.828856200
.838922800
.871683800
.821340900
.850476700
.891549900
.824869400
.838418700
.890729499
.811973001
.867659901
.857001500
.852065800
.850130799
.862614400
.819644900
.828468000
.817866401
.839964700
.850185900
.822803899
.871580000
.823782501
.930289301
.852109899
.854199701
.830034300
.856200700
.821311600
.887040600
.837477300
.858652800
.819207400
.850611200
1.055693200
.871908900
.829864100
.878780399
.870512500
.819149700
.859638500
.838467201
.872134100
.822384700
.819586100
.846724400
.855977099
.861925700
.852156401
.862381200
.805523400
.843736800
.853008000
1.015326999
.842122200
.862414201
.895178100
.810718100
.887668900
.852276500
.850507600
.826770600
.859089701
.831673700
.868322100
.831067800
.854360900
.842645500
.835883600
.863639200
.856863300
.828362200
.986144899
.828169400
.862293601
.806006500
.870817400
.832008400
.831003200
.823555399
.854692900
.803674701
.849666200
.814433900
.858607700
.872298700
.803301500
.837900500
.844081399
.844112100
.827248501
.839576400
.878618700
.900701199
.888273000
.876005000
.931258001
.838173400
.819001899
.967947500
.829887601
.891801600
.839598600
.835366500
.842704600
.855854700
.832981000
.856208500
.811534000
.842717899
.830787600
.847358500
.857697899
.864768900
.855536301
.819709701
.830561700
.883226900
.841382800
.836278099
.844793500
.793605501
.866352899
.867968700
.825749401
.844119500
.859599899
.847528200
1.078574701
.833836800
.886715600
.898830499
.942877000
.840063800
.891423801
.826072700
.822825799
.876195100
.827009601
.850704101
.845343499
.860644501
.878133500
.823513400
.824208400
.818565600
.846110600
.855856400
.866819799
.953508500
.883406000
.866501300
.860107901
.884405099
.879783600
.852045201
.847073800
.869496799
.870065600
.846348100
.835871000
.853627300
.851290001
.848091500
.874512900
.840569200
.847908599
.856321501
.838343300
.901702199
.851740700
.859238201
.835536599
.856502600
.903433101
.830581100
.853800000
.882772700
.863863600
.852233700
.823255200
.821395499
.909788600
.808356100
.855768600
.880884401
.850757400
.871417800
