.322967300
.279528000
.242387100
.229154400
.223502500
.231625600
.228806900
.223439899
.219660700
.258372900
.226890800
.227916600
.227653200
.232368801
.226578500
.232798900
.223848300
.223024900
.230167000
.221459200
.254845600
.246234600
.222676700
.219866800
.220739800
.229710500
.218241299
.236818400
.225626200
.230750100
.235845000
.226424300
.230924400
.232822100
.226337300
.225299400
.226884500
.226383500
.224221800
.226726600
.230660900
.228900800
.220851100
.260447900
.224235500
.231049400
.272790200
.228587000
.222320000
.224550100
.229750500
.228924501
.230324500
.220886400
.232141800
.228492400
.224034000
.221006700
.225359399
.228115700
.219855500
.228397500
.228907300
.222714000
.227991401
.252992100
.249429200
.228087000
.226892700
.223498600
.226156400
.226016200
.216639000
.217462800
.221595400
.244646600
.226163200
.225156400
.223108100
.222246700
.239427900
.226136300
.226472100
.217097700
.229356600
.273208600
.227285000
.244120600
.238172200
.230416400
.224232199
.234371000
.226951400
.224380900
.221390300
.229393800
.227527002
.271017800
.226030100
.224704800
.224624600
.225662000
.225878200
.245739000
.271030600
.233194200
.226500100
.231460000
.235397200
.223170000
.219857400
.248091600
.263272100
.233141000
.224219800
.235950600
.229264900
.228186500
.228171500
.223712600
.301833300
.236477500
.272639700
.222028000
.223701500
.228692700
.228686400
.228285500
.229126900
.285369000
.227491100
.221511500
.218772900
.228951900
.233471700
.222892800
.255925200
.226545000
.231328200
.233604300
.225476300
.216867200
.243574300
.224875000
.234899400
.229692500
.229776700
.216024399
.224224500
.260681100
.224706900
.222820500
.225138900
.222594000
.215434900
.282106400
.222219900
.240358900
.229780300
.221494200
.267006200
.222885800
.229558300
.226000400
.231640000
.231256801
.223887900
.265424700
.237342700
.225158000
.232437400
.232561800
.233843499
.222048500
.227533500
.225243000
.228041500
.227543500
.235728601
.269816100
.223155700
.253570200
.226525500
.228704200
.282520700
.232777600
.229661200
.226104300
.229224500
.231561000
.223850900
.222139300
.229071500
.232251600
.243311200
.228721400
.232525700
.232668599
.226185400
.277148200
.242518800
.229162600
.231033101
.228812000
.228657100
.241796500
.224686500
.215143700
.230225600
.242591300
.221958700
.232105300
.225834300
.232703800
.236330800
.227177800
.236634499
.221981300
.265641300
.227837500
.227011700
.224543000
.223203401
.228046100
.231068400
.222947500
.221930400
.225193200
.226400200
.272453599
.235042600
.235033900
.227864000
.226914700
.232834301
.235416300
.232782801
.241895300
.223830399
.241801701
.227477100
.261772400
.227473200
.225789800
.224344500
.221427700
.232512800
.228165199
.240000100
.237973000
.228077899
.230759100
.221979100
.223936700
.228782901
.283067600
.231484300
.242399200
.248319400
.244424700
.226103799
.234698900
.225614400
.225376000
.227891400
.228631301
.271760400
.275011500
.230066600
.233063799
.232779200
.232439100
.220643500
.232388600
.232413900
.226779000
.228851100
.230548500
.235053500
.233575400
.228891201
.243204800
.223071000
.234049700
.232528900
.232815699
.228352300
.225182000
.231676800
.240297200
.225627900
.228642901
.232860499
.269566800
.234118400
.237865101
.239481800
.226604999
.230933600
.276292300
.229602200
.253399100
.236453400
.235933700
.227209700
.229760500
.225552100
.229204700
.236735500
.226857600
.229472899
.225179600
.269815600
.230088300
.235239900
.223826400
.231458301
.232964400
.269323100
.228367400
.229533600
.227654800
.247473700
.225863900
.227562900
.228201400
.223028800
.248329100
.230911199
.214700399
.230510200
.228440800
.252795300
.227928100
.227318800
.226692401
.263068300
.226552500
.232312900
.236900000
.227583400
.297355600
.231882800
.238927100
.221788000
.239378400
.224549800
.226794300
.264686200
.228514300
.230259200
.233409100
.229858700
.227996600
.234157701
.234514700
.233324800
.230896900
.220897400
.226258900
.232474099
.259276600
.228411900
.225593000
.229038900
.260748400
.242164000
.246955500
.230538700
.233653400
.251055800
.232586400
.285452500
.230920100
.261408700
.232205600
.224779500
.235130300
.267303801
.226339300
.225813300
.230570700
.226667100
.231774600
.233974700
.226107900
.254753800
.258807600
.254091400
.224650700
.227973600
.293221099
.248430000
.231383800
.232241400
.236387800
.239812101
.228576000
.314146100
.251708700
.238419200
.218374900
.254871200
.226230100
.229233000
.225162900
.225394100
.226004500
.229071700
.226804599
.218162900
.226892100
.226881200
.224219600
.226808700
.252314600
.228906500
.233202500
.230236200
.220562400
.235362901
.235813300
.225289300
.230080900
.239868100
.223150700
.239270500
.235793100
.288951900
.265667501
.247790600
1.009486499
.344597300
.243110500
.238780200
.230927700
.273646700
.235685000
.251776500
.235970900
.227168100
.233886600
.231628699
.255213500
.233641600
.227579100
.237065300
.229295400
.239976302
.245091199
.236705400
.236263899
.234762700
.227106300
.256055102
.238606098
.226067500
.230273600
.231239100
.226518801
.232466200
.222454600
.258814000
.241916500
.227186099
.233675600
.221338700
.293425001
.233241400
.224740900
.245908501
.243907901
.223669099
.250100500
.248589600
.232013500
.238735400
.237889900
.238319900
.224118600
.226763800
.227918000
.225505300
.228714000
.217006300
.226245900
.222772499
.223155200
.249602700
.229320900
.228894701
.242930699
.237378900
.223432600
.237758000
.224558100
.234306700
.233034100
.228040200
.238751001
.227785000
.222060400
.226679200
.229974000
.238725000
.283922199
.229436500
.257409800
.226414000
.239618500
.237575900
.217613300
.227312400
.262939800
.234201400
.233883800
.229340901
.229457000
.234618500
.224606400
.240648600
.230303999
.237689000
.234395401
.280028799
.226892000
.226992400
.234127200
.225898400
.222419400
.315579801
.240195400
.223828900
.227186100
.229817400
.231362700
.226965199
.226433800
.290803900
.236949400
.220580400
.225285200
.238405600
.233987600
.227481300
.225427700
.243941300
.226321800
.224637801
.230316200
.219516200
.253494400
.225704200
.224674800
.224389500
.226583499
.260272300
.225038300
.225619800
.237720900
.230580500
.233349801
.232726400
.227831500
.228554600
.232244900
.226934100
.227353999
.238439100
.225571400
.217549200
.219991600
.235071700
.244551600
.246923601
.220153400
.228059100
.231258800
.222051601
.220474601
.262363499
.229398600
.223257400
.228618400
.226846500
.218890100
.223167000
.222390301
.228366700
.235310700
.225053200
.233519400
.232759100
.233360800
.279939700
.245235200
.223263400
.243336600
.233608600
.232408198
.269734900
.228915700
.245700802
.236607399
.237923600
.230748300
.246324399
.226510100
.228361900
.239155101
.234315700
.265518400
.233435000
.224568100
.222786499
.220717000
.241892000
.247114102
.230218899
.225067000
.220585300
.226574800
.215281901
.237577000
.289004199
.227301300
.224594300
.224721000
.230792800
.228172900
.226783000
.228813700
.263902600
.228994100
.222899600
.224327102
.226552699
.222704099
.254563300
.223847800
.223750301
.236022700
.220163900
.275177599
.215299700
.277008501
.223871400
.219579400
.228453500
.228870999
.221540700
.261704900
.222067400
.229066300
.223904000
.224758001
.227892400
.237294800
.235965700
.231328000
.238446100
.224676600
.232611000
.228194300
.230170600
.235418299
.233922000
.219980500
.218426100
.229719200
.240945200
.228871300
.223712500
.223522200
.232281100
.229263100
.221534400
.219765800
.227861700
.221304800
.225405300
.235635999
.241551500
.231080300
.232872200
.224849000
.228637400
.232199701
.228506500
.229863100
.228379000
.223616200
.224332300
.216389900
.230939500
.226233800
.228616300
.227715000
.233519700
.225204800
.233421500
.263484500
.233384100
.262382900
.233400100
.224142500
.223304001
.241320000
.229547100
.227616500
.234099100
.244321501
.221415199
.245048800
.231071600
.227380900
.235469700
.230815300
.225168799
.237070000
.270320601
.233822600
.217299400
.229369800
.245686200
.275778399
.235884200
.217090300
.228461400
.227777400
.222724900
.234797401
.233007600
.279938300
.237363800
.222302000
.239466899
.229858400
.223430001
.236262200
.232100500
.219837100
.235240099
.227820100
.221682000
.284208600
.242680200
.225769800
.227515000
.226458400
.226977500
.226260700
.266632200
.228905700
.221325100
.231626501
.226244101
.230688399
.235085700
.227720100
.235601000
.225745000
.227282999
.284335800
.228987900
.225530900
.227921200
.228802300
.224350300
.232811601
.264128700
.239231900
.228161800
.228335000
.231420800
.226482500
.225942700
.227024900
.256528200
.222463900
.219298900
.234266400
.222458799
.268221900
.228647100
.230519300
.229802100
.221779700
.299624501
.239706200
.228835400
.227244800
.230439299
.223247000
.222983500
.222163900
.232983500
.228505000
.233835300
.224400100
.238661701
.231789799
.231815700
.227449400
.219274300
.239521400
.222194199
.221361900
.226330500
.275030900
.253880300
.232394501
.228701299
.228679000
.219819000
.221500800
.224476400
.228614200
.224097700
.222509500
.227241700
.228508800
.231096000
.227369900
.228690400
.226388400
.258669701
.226865200
.268198400
.230974800
.230259500
.227174400
.236773899
.266947600
.222045800
.233393900
.233410200
.222170200
.227883201
.235444800
.228034000
.222677900
.227891800
.225076900
.224422100
.216450500
.225594200
.230444100
.225439300
.230904100
.222525800
.222322500
.230625700
.223473900
.250361000
.225881900
.224037900
.228790000
.287089700
.243194300
.228268100
.230971500
.228816300
.234238800
.231316700
.239022400
.222362300
.222301300
.223317100
.233502300
.226414100
.229573100
.284660100
.227706900
.227670400
.246034600
.229618000
.235740600
.228962600
.234924400
.226363600
.223216000
.224342200
.273661899
.242253300
.260764601
.229539700
.225627600
.213951300
.226041399
.229045000
.225011500
.223839100
.231552100
.230655000
.216220500
.235271800
.239977000
.243624800
.226417800
.228546601
.228868500
.225389700
.272950300
.227936700
.228441000
.223548600
.227532200
.230566999
.260490700
.225126100
.226821200
.221843400
.226791200
.223216300
.215740100
.286469200
.218476700
.221320600
.243415000
.225949202
.231369299
.234981600
.221432600
.230397200
.227307100
.235357700
.228083899
.224730300
.226222700
.226722900
.233993400
.224815000
.227114801
.230063498
.239396500
.223694100
.230786700
.223925000
.220025000
.297027201
.236739300
.227572100
.223394900
.234811300
.231383600
.236251599
.261301800
.234894700
.234154600
.228959800
.218777700
.239364500
.226565400
.224264400
.236518700
.231136900
.220056300
.232598800
.242139601
.228603800
.229666600
.231335000
.236787700
.233951300
.278256800
.239180900
.232738200
.230474400
.242211900
.222928200
.289938900
.235258800
.230402600
.227706600
.226212200
.226122100
.226058699
.259965400
.269636800
.248126300
.218432900
.230211700
.226721201
.242472700
.283834200
.232256200
.227422800
.228695300
.228274200
.244626700
.405901599
.238755201
.226581001
.226553999
.228422200
.236469000
.227653400
.230034300
.234233200
