.005596640
.005626844
.005700427
.005629734
.005629978
.005682006
.005718680
.005612331
.005709651
.005510751
.005694701
.005614278
.005685857
.005536330
.005705077
.005575532
.005658137
.005574275
.005725990
.005628920
.005670509
.005680982
.005654898
.005563712
.006741426
.005598657
.006683284
.005595604
.005722145
.006540368
.005732521
.006660611
.005683101
.005561865
.005620069
.005577704
.005664604
.005538915
.005666974
.005557968
.005636881
.005551062
.005701959
.005595133
.006717239
.005543335
.005741555
.005571829
.005777229
.005681964
.005656431
.005684231
.005651904
.005615267
.005644986
.005661420
.005709065
.005588182
.005667520
.005711841
.005700501
.005609248
.005677360
.005628221
.006759468
.005564164
.005650476
.005619183
.005719436
.005724898
.005671914
.005550169
.005763897
.005610260
.005693420
.005592693
.007615668
.005853518
.005728631
.005641623
.005654911
.005679816
.005643429
.005742837
.005660014
.005722805
.005600944
.005737281
.005609769
.005644013
.005587032
.005748263
.005639817
.005709767
.016041756
.005657364
.005587566
.005697238
.005641038
.006735498
.005644866
.005686039
.005612386
.005726254
.005653797
.005668246
.006535145
.005739578
.005602311
.005690088
.005630137
.005759152
.005618043
.005747661
.005634200
.005732461
.005537029
.005718223
.006631883
.005694042
.006590991
.005701153
.005642814
.005751024
.005723497
.005673134
.005606396
.005796953
.006568893
.005739251
.005646056
.005718214
.005674552
.005798189
.005725305
.005678603
.005553722
.005707748
.005584651
.005711180
.005703879
.005738896
.005539532
.005719138
.005631477
.005702972
.005612371
.005717570
.006600586
.005696478
.005664315
.005750358
.006679807
.005675824
.005550521
.005735977
.005646601
.005729629
.006634861
.005682515
.005683572
.005769133
.006681623
.005688252
.006621141
.005794661
.005553906
.005704228
.005664956
.005654574
.005598699
.005768568
.005610152
.005720023
.005612167
.005707103
.006605963
.005736241
.005616622
.005671363
.005716574
.005644108
.005675858
.005775265
.005596299
.005727236
.005593275
.005702161
.005604570
.005786023
.007520194
.005598393
.005739606
.005733576
.005741362
.005629962
.006790000
.005624835
.005713125
.005619969
.005798601
.006566548
.005712635
.005635443
.005679519
.005619501
.006679406
.005682326
.005716760
.005638106
.005777938
.005703381
.005833373
.006771955
.005717408
.005581706
.005742586
.006728113
.005678400
.005765342
.005710853
.005651677
.005706849
.005556606
.005791753
.005789417
.005700467
.005611896
.005731829
.005641175
.005721292
.006582617
.005676649
.005583835
.005701793
.005673934
.006682411
.005569077
.006715741
.005632970
.005756673
.006589172
.005679589
.005641798
.005853571
.005548285
.006695472
.005580160
.005758511
.005560462
.005726112
.006708130
.005677432
.005618154
.005777919
.005654915
.005745829
.005624553
.005678845
.005575251
.005644439
.005556107
.005730400
.005719031
.005684114
.005595066
.005688704
.005579265
.005695253
.005585869
.005669695
.006611073
.005684945
.005613674
.005786102
.005614567
.005768732
.005742809
.005812111
.005618791
.005693169
.005611002
.006731924
.005637480
.006701033
.005669337
.005588852
.005723274
.005704805
.005573280
.005722830
.005568488
.005751995
.005641433
.006758956
.005593289
.005760602
.005640547
.005799070
.005610597
.005712980
.005577659
.005754284
.005593515
.005768860
.007574578
.005519063
.005805355
.005647942
.005805474
.005613516
.005715034
.005607331
.005647559
.005745696
.006738894
.005564252
.005838400
.005719877
.005690782
.005654154
.005719782
.005606559
.005739512
.005586280
.005675609
.005605959
.005792425
.005579048
.005699562
.005614076
.006678461
.005727174
.005702443
.005686822
.005740796
.005639172
.005761179
.005568948
.006707153
.005586636
.006667172
.005564659
.006684999
.005525662
.005788731
.005548695
.005656383
.005660480
.005686804
.005655076
.005689094
.005590184
.005792534
.005691395
.005717102
.005678870
.005772937
.005743093
.005791854
.005687348
.005726866
.005669384
.005744573
.005638623
.005763057
.005770641
.006698001
.005676023
.005798612
.005716416
.005665331
.005633387
.005778565
.005653204
.005759600
.005647783
.005751697
.005735362
.005703423
.005659737
.005759262
.005786676
.005782947
.005700485
.005717970
.005705720
.005707174
.005635723
.005848415
.005687987
.005728059
.005722118
.005814354
.005703799
.006725993
.005691856
.005718165
.005658359
.005782773
.005636745
.005763084
.005696503
.005785124
.005711494
.005765764
.005704354
.006720516
.005645551
.005796931
.006686415
.005680038
.005648999
.005808791
.005620141
.005797040
.005685159
.005777204
.005695563
.005907017
.008655819
.005637438
.005744565
.005735530
.006745915
.005590817
.005725773
.005695978
.006846725
.005627467
.005823251
.005670829
.005814024
.005791470
.005782980
.005642919
.005727988
.005698172
.005833867
.005597867
.005831249
.005652327
.005779881
.005652206
.005763474
.005622984
.005764596
.006645170
.005787070
.005629831
.005868091
.005837076
.005774870
.005685012
.007138716
.005718973
.005749979
.005743938
.005735174
.005675328
.005758628
.006699568
.005728599
.005718641
.005791933
.005665273
.005822315
.005654629
.005769630
.006579536
.005732588
.006574600
.005705535
.005746994
.005761961
.005677688
.005720741
.005838805
.005714842
.005667504
.005761279
.005699043
.005696432
.005628629
.005823808
.006698218
.005762354
.005740367
.005790563
.005639362
.005690389
.005655567
.005740973
.005698864
.005773368
.005638236
.005704506
.005744816
.005780294
.005657441
.006751382
.005641856
.005754956
.005784612
.005762172
.005710787
.005691568
.005764435
.005769902
.005625961
.005712971
.005625334
.005902706
.005669950
.005718943
.005660160
.005714906
.005721750
.005752519
.005662206
.005837591
.005668933
.005734370
.005673255
.005699522
.005708074
.005753334
.005689495
.005762667
.005672856
.005804794
.005693830
.005774173
.005674937
.007573031
.005789673
.005639244
.005789336
.005694290
.005810186
.005617693
.005719551
.005640467
.005728507
.006736459
.005849968
.005675087
.005811506
.005725727
.005715034
.005648731
.005850193
.005703996
.005751626
.005642051
.005730757
.005637362
.005864846
.005661305
.005708007
.005728753
.006805117
.005715652
.005881944
.005738805
.006788550
.005617406
.005852569
.005919242
.005748454
.005714991
.005793455
.005650867
.005784808
.005638188
.005713261
.005700333
.005731252
.005801520
.005699744
.005635895
.005740436
.005790970
.005739901
.005646885
.005805212
.005712749
.005802099
.005850258
.005729791
.005650952
.005802985
.005726821
.006765790
.005599798
.005744432
.006602827
.005728913
.005642504
.006749551
.005708346
.005735257
.005673112
.005773914
.005684795
.005730044
.005576228
.005779304
.005633503
.005726056
.005696430
.006794893
.005717234
.005760380
.005734265
.005830860
.005640592
.005804886
.005745033
.005680047
.005681558
.005815643
.005597215
.005763269
.006683898
.005800095
.005697662
.005781311
.005673648
.005693757
.005673945
.005747361
.005679241
.005849486
.005690365
.005731228
.005773064
.005748797
.005626680
.005758887
.005682174
.005834792
.005659759
.005722891
.006668635
.005715379
.005719623
.005766275
.007567461
.005711458
.005739868
.005711521
.005785486
.005679548
.005788724
.005696119
.006768825
.006768253
.005714719
.005678959
.005759842
.016565738
.005781640
.005702198
.005819792
.005749114
.005773730
.005733025
.005783106
.006616975
.005681902
.005629570
.005831190
.005760098
.005726129
.005672647
.005801586
.005598282
.005771104
.005701031
.005700566
.005746035
.005802463
.005660153
.005700679
.005714403
.005789490
.005618256
.005749811
.005654140
.005728966
.005660697
.006709681
.005700985
.005818259
.006614232
.005750624
.005742178
.005741553
.005646810
.005763154
.005674040
.005798038
.005638093
.005837925
.005666290
.006875549
.005689165
.005716794
.006758868
.005795632
.005657305
.005785249
.005651389
.005760869
.006643220
.005750256
.005630733
.005728122
.005745040
.005754535
.005799710
.006821208
.005670819
.005712334
.005721347
.005751475
.005626020
.005861621
.005568906
.005718981
.006604200
.005748942
.005648212
.005805618
.005638137
.005788949
.005617216
.005673781
.005621242
.005844469
.005624768
.005776986
.005536504
.005656914
.006644614
.005770408
.005524666
.005656248
.005544398
.005820431
.005621586
.005630763
.005621640
.006646658
.005712517
.005769272
.005590611
.005668219
.005655874
.005704475
.007507879
.005665804
.005634605
.005609532
.005810813
.005590632
.005744363
.005591597
.005749210
.005667299
.005737342
.005653855
.005724028
.005661442
.005716848
.005757496
.005681611
.005595411
.005623227
.005708024
.005717084
.005645748
.005708150
.005690543
.005685359
.006669790
.005684913
.005677596
.005648304
.005589376
.005709536
.006671637
.005763945
.005527299
.005694133
.005560150
.005642557
.005701643
.006715753
.006650638
.005812776
.005561855
.005652367
.005594654
.005684301
.005705871
.005796208
.005663967
.005756488
.006747269
.005751114
.005591818
.005634503
.005584983
.005716731
.005570591
.005616110
.006645810
.005627379
.005520080
.005687353
.005581664
.005624719
.005677547
.005821087
.005641402
.005704411
.005628831
.005761515
.005639395
.005749740
.005627380
.006628499
.005678143
.005704026
.005574645
.005742980
.005632289
.005737042
.005694037
.005722615
.005666984
.005690086
.005705395
.005735785
.005596977
.005689321
.005718701
.005621290
.006718284
.006673192
.005589251
.005659342
.005761760
.006627067
.005704756
.005664493
.005604728
.005681027
.005750631
.005717414
.005620536
.005712710
.005633623
.005668934
.005646075
.005616909
.005607660
.005694982
.005640910
.005675997
.005632320
.005696361
.005632958
.005652952
.007554780
.005627368
.005766100
.006524734
.005830590
.006526434
.005694726
.005565844
.005794457
.005551709
.005744706
.005607522
.005683485
.005599903
.005757931
.005695697
.005716317
.005718411
.005696272
.005605370
.005652828
.005791795
.005672375
.005649792
.005716383
.006622497
.005729108
.005660509
.005719799
.005553016
.006677841
.005580939
.005783633
.006625634
.005734660
.005650534
.005782961
.005590972
.005734509
.005692268
.005745841
.005625889
.005659061
.005623511
.005798408
.006537529
.005803313
.005615091
.005725663
.005591173
.005853636
.005653190
.005696864
.005678529
.005708816
.005541171
.006697579
.005713441
.005851594
.005626741
.005735053
.005616258
.005806293
.005671388
.005740663
.005732629
.005675627
.005632071
.005802543
.006621948
.005631429
.005637941
.005672992
.005654049
.005742716
.005570683
.006605704
.006626635
.005813021
.005643841
.005742992
.005699546
.005739799
.005750993
.005691249
.005615394
.005680652
.005606926
.006694648
.005615908
.005730605
.005622638
.005726292
.006582752
.005753941
.005597120
.005773691
.005635064
.005821068
.005673578
.005732018
.005578378
.005705839
.005533037
.005734206
.005634789
.005655041
.006506292
.005751833
.005585024
.005737606
.005601147
.005856820
.005566545
.005700920
.008414881
.005588543
.005779414
.005566012
.005737279
.005708710
.005679318
.005626975
.005694771
