1.823347000
.992484900
1.275859500
.707458200
1.116960900
.844290900
1.067691600
.995324600
.950272200
.998702001
1.024117900
1.213613499
1.009120300
1.107385501
1.109968900
1.051177100
.694233199
1.077599301
1.285828000
.834191200
.870309500
.760507800
1.039735799
1.332456601
.937369300
1.233029600
.805137900
1.026183500
1.411782200
.839874200
.974567700
1.534978200
.722493900
.710740799
1.309310001
1.087981000
.824388800
.975855200
.680982000
1.333286300
1.271525000
1.357758899
.771277700
1.296571301
1.344229800
.988110800
.885585300
1.157001300
1.074857100
.994253200
1.748456900
.833168700
1.163481899
.918711400
1.324805100
1.093775100
.832449600
1.026699199
1.673923800
1.257245701
.976237799
1.050115000
1.508463601
1.069957200
.971695100
.753512899
1.100689001
1.735866300
.904635700
1.084838400
.757715900
1.488566199
.956315100
.950872200
1.018011400
1.528903100
1.309869800
1.395199901
.653897100
1.324530600
.746150599
.701230901
.734292300
1.296485200
.956960800
1.060286600
1.416039600
1.219970000
.838572500
1.104758800
1.520689700
1.389690099
1.185179101
1.421753700
1.206578500
1.113340199
1.187289499
1.312920599
1.318426400
1.447641900
1.715669200
.632552500
.939711100
1.182094400
1.322218100
1.233718501
1.787607100
.603843400
.872012000
1.504171700
1.056472201
1.228971400
.778058600
1.064161200
.699260700
.923442200
1.173185500
.661502500
1.071353899
1.411318701
1.691659300
.764548900
1.399871699
1.452075501
.880222700
1.825355400
1.697825900
1.019697900
1.492527600
.629818500
.787289300
2.189171600
.905485299
1.476211501
1.689296399
.838744800
1.688143701
.664270100
1.405097800
1.345124900
.696484299
1.836520201
2.888895600
1.687653700
1.468750099
1.390074201
.848269300
1.790261299
.829604900
1.037730801
.826988299
.877247200
1.779909001
1.297535300
1.501774200
1.349766500
1.739539000
.782410300
.775123200
1.438574800
1.257657300
1.367397900
1.377291500
1.216067200
1.715432899
.633198000
1.652403800
1.352695200
1.204966600
1.505924300
1.823989500
1.747806400
.822880000
1.680776400
1.413204000
1.158653400
1.138957900
1.533912600
1.065644901
1.010128000
1.093492500
.713017100
1.306644500
1.066044200
2.346076301
.632753200
1.442459300
1.582754500
1.622252900
.690868900
1.687667500
1.313293700
1.552451300
1.508157200
1.306691700
1.314754099
1.175824200
1.421449800
1.346220000
1.436724601
1.551675000
1.302303400
1.407799100
.757450600
1.229461900
.857032499
1.762760601
1.323299100
1.467743299
2.285413701
1.659969099
1.535501401
2.281731500
1.016069300
.997922600
1.229044099
1.711940701
.841997100
1.140030800
1.417191600
1.313202600
1.326154400
.991056599
3.493941301
.798547400
.910475600
.872577700
1.108882000
.607991700
.729419700
.806716300
1.010853800
1.255253900
1.063919200
1.139780500
1.489020000
1.607604600
.912023700
.914854599
1.528418401
.822533700
1.150948200
1.315612000
.738953300
1.028680200
1.921461100
.932537900
.846912400
1.314180100
1.094175300
1.109287900
1.581363900
1.649667800
1.720977600
1.494349999
1.212823001
2.138511800
1.159203700
1.519345300
1.187782100
.792418599
1.430216301
.786180800
1.109615300
.715443800
1.056035700
.756624200
1.550873600
1.233528500
.909029200
.830857300
1.887799700
1.326836199
1.484938901
.867201800
1.228056300
1.030693500
1.758917099
1.572359401
1.590272600
.960115000
1.252584700
1.814664900
1.054228799
1.280291300
.950727900
1.838426401
1.554722899
.920990601
1.911900499
1.745248801
1.069339300
1.496412100
1.340267199
2.017589900
.637626000
1.225684601
1.762396299
1.211055601
1.405372600
1.100823900
1.343558000
1.089426000
1.409564700
1.342577500
1.097194000
1.598094600
.950249699
3.726500900
1.046370400
2.362847201
1.499915000
1.692018400
1.991071700
1.037437500
1.257676900
.821697500
1.094262499
1.156929001
1.250409400
1.957964099
.725914200
1.295922200
1.382193800
1.705756499
1.749829701
1.321782500
1.879663700
.898776200
.877736799
1.283663301
1.817310799
.977984701
1.615860699
2.091595001
1.482206700
.855153200
1.790522199
.672430901
1.097836599
1.447743700
.907661400
1.652338800
.748073100
2.245182200
1.272472300
1.457437900
1.518627900
1.544012801
1.367766499
1.570765501
1.023307600
1.650906799
1.740620401
1.886053900
1.222580600
3.286603100
1.274467599
1.265884901
1.577190200
1.651131100
1.659675900
1.064186900
1.640932400
1.190290700
.931099400
1.195876399
1.519629200
1.724351201
1.078489300
1.722354400
.873488400
1.090073800
1.194385100
.948460400
1.283290700
.888650000
.917592800
1.412612300
1.168671600
1.588908900
1.010414700
1.161725200
1.373519500
.806301000
.770492199
1.972638601
.887393000
2.216991000
.822799200
.574761200
3.066890500
2.142081499
1.308412600
.989597500
1.578418001
1.643395099
1.044100901
1.052472000
1.365830100
1.063048500
1.223530000
1.163125000
1.044915200
1.536932800
1.235428200
1.130589500
.889308900
.937935700
.826474400
.802251800
1.724154100
1.091271200
1.281151800
1.340650300
1.644121500
1.385694499
1.303198501
1.483142500
1.055854199
1.661340601
1.731969700
.989468299
1.429946201
1.415765800
1.143594899
1.377015500
1.230236101
.897235800
1.434597200
1.656207100
.924689500
1.176934700
1.529614200
.568477100
.869501700
1.978130100
1.458204700
1.392457100
1.657352000
1.146907200
1.246238800
1.006694500
1.221515500
.828032000
1.554284400
1.150149100
.826980900
1.042103000
1.154935501
1.157501000
.541367100
1.771556100
.921828200
1.446776199
1.516607201
1.389114699
.869126502
1.223146200
.626332199
1.234159901
1.548306100
1.346390800
1.161810299
2.845894101
1.989703700
1.222765400
.768040499
1.478989201
.864839699
.693331200
1.036123800
.523585700
1.335010000
1.665783201
.928831199
1.196747701
1.151236900
1.311472200
1.407897700
2.010764399
1.297030101
.837555000
1.059685000
1.176535900
1.044014901
1.003607200
1.013413400
2.228213600
1.515532500
1.484324100
1.807259800
2.068760099
.743589001
1.551239300
1.150046800
1.483217400
1.513249400
2.025540300
1.474839700
.671213300
1.364557200
.876125000
1.562314900
1.515747600
1.591569300
.981950200
1.812353300
.639688700
.748474300
1.099135400
1.338629700
1.693213300
1.578318800
1.544824200
.831320200
1.189206901
1.999190500
.692430700
1.140297799
1.422717501
1.358458600
1.731012599
1.249175800
.811990100
1.285456400
.969806400
1.351238600
1.165755499
1.916528701
1.170024900
1.701699700
1.134813800
.865714600
1.274117700
1.589335499
1.369015701
1.631429100
1.798211200
1.902534099
1.913834901
1.688248800
1.903192000
1.598619700
1.836945199
.835182300
2.085856001
.887398200
.914007200
3.025399500
1.603595099
.899153600
1.636539400
1.329018801
.526525200
1.384103400
1.344868600
.816483700
.490116500
1.541832000
1.710045799
1.359521201
1.286984700
.876910600
1.008907200
.912948500
1.702679900
1.008130400
1.442973500
.769933501
1.460639300
.747897000
1.235887800
.701725800
1.659215500
1.675566100
3.823964900
1.185526499
1.488795101
1.817287000
1.654822700
1.941514499
1.405018101
.940206900
.865698999
.829094202
.799295900
2.141880999
1.041420400
1.929469900
1.198677900
1.214918300
1.504871300
2.186802800
.647146800
1.718598700
1.001905899
1.106683301
.634853100
1.453692999
.756144300
1.295428799
.692443100
1.119194201
1.610716199
.909152100
1.950084301
.941574900
2.629996900
1.102108700
1.599518000
2.032846900
1.294398399
1.042066201
.965968700
1.240022500
1.508729100
1.044878400
1.862232799
.764466701
1.413488500
1.914566299
1.128993301
1.110335700
1.168455501
2.052708900
1.463684800
.914685800
1.130533200
1.276592499
2.142031801
.764520700
1.645115299
1.610648501
1.940790500
2.033464900
1.294515899
1.771050501
.954702800
1.108301800
2.544061600
1.693060500
1.324280799
1.203154800
1.506723801
.699797200
2.269190100
1.366575699
1.209993901
1.887183200
.940152900
1.848447999
.654167899
2.187307400
.772263701
1.167086100
1.390114600
1.382908000
.803753400
1.240336199
1.022471401
1.051542200
.901525900
1.614407799
2.012684101
1.163958600
1.355935100
1.050002800
1.689563900
1.211714399
.986178600
.919003200
1.979604400
1.594336301
2.313286399
.919328800
1.616016300
.839233701
.932478599
1.548891201
.961394600
2.657412500
1.114339400
1.672788500
.869090100
.928798200
1.681510400
1.507683700
1.223095600
.639696300
1.701123100
.774108800
.583409900
.786792600
1.933310300
.887813699
1.489436501
1.931346899
.634088001
1.540669900
1.787188500
1.839759100
1.572269900
1.118492700
.821091800
1.739033200
1.253601100
1.938960600
1.529303900
1.194660999
1.138839600
1.752820000
.665080000
1.813620201
1.018947800
2.089736100
.929234300
1.889869600
.891857800
2.079703799
.920757500
1.041979200
1.102868501
1.206358500
1.254690300
1.727397500
1.514133500
.887142500
1.376354100
.924948999
1.592574600
1.327662901
1.391715299
1.573937800
1.375920801
1.215954100
1.212059000
.931526000
1.798929700
.530174400
.819665399
.970960500
1.382302201
.997587700
1.403041599
1.496818701
.983375900
.800750200
1.219268299
1.525925800
2.142787401
1.759346300
2.038532000
.750611300
2.486745800
1.765656400
1.981565000
2.212651899
.708742801
1.743302800
1.615892400
1.310059000
1.283438000
1.102137500
1.106290100
1.590541100
.683521200
1.966415200
1.001660000
1.094431400
1.137300500
1.443170100
1.432873200
1.815889900
1.060786699
.968082700
.797968600
1.137542102
1.036464500
1.431467800
2.022017600
1.521711300
1.324853700
1.136430699
1.838210000
.630326800
3.129077400
1.133376000
2.884546000
.583706500
.891508200
1.751733000
1.052014300
2.087470800
1.247952600
1.043158400
.885742000
.854009500
2.083343100
1.118837700
1.549681900
1.495283200
.563817400
2.171748900
1.648814000
1.076879300
1.703921200
2.564455800
1.342117300
3.299780600
.874652500
2.128256400
2.394298200
.632996900
.846936800
1.982793800
.905866000
1.857863499
1.221500101
1.956770600
.870136700
.877569800
1.785641700
2.245001200
1.160533200
1.801551299
1.644271301
.636490500
1.619337300
1.172072300
.789698400
.837525200
1.245546100
1.171261100
1.113259100
1.471096700
1.285633500
1.352069400
.924573000
1.173298900
1.778096401
1.233231700
.796392300
1.760016200
1.571782100
1.140187900
1.756095400
1.448060500
1.661582800
1.309219300
1.394990600
1.028763400
.966695599
1.343416401
1.430870700
2.196399400
1.204898800
1.560558100
1.306000899
.768582501
1.840969700
1.777214500
.894453900
2.190481600
1.662887500
.950289300
1.295476100
1.931976699
1.133724401
1.590963600
.516270100
1.071018900
1.695139700
1.328087400
1.317713400
1.803460199
1.349796200
1.932070501
1.037980100
1.366476300
.919418300
1.859069199
.731360601
2.915806800
1.940486600
1.436129199
.875814201
1.113961599
2.693019800
.754047901
1.416127900
1.353907000
1.023880100
1.857631500
1.626798700
.799262900
1.442847400
2.250835000
1.230279100
.958160700
1.971674099
.843914600
1.646543401
1.829727300
.866774799
.657906600
1.128432901
1.167842100
.937070800
1.432954500
.780558000
1.441479400
1.242448000
1.308388800
1.358580300
.981402100
1.582299300
1.732698000
1.018613900
1.822787400
1.168627700
1.486751300
1.676219600
1.225017400
1.486718200
1.185395500
1.123577899
1.864391701
1.212921300
1.725820500
.902660400
1.530906299
1.404171201
1.898481900
1.150328200
1.173755200
1.135156700
1.521858099
1.769847401
1.591576500
.726199500
1.552517800
1.142807399
.624663801
1.808334000
2.159287700
1.265073600
.742332000
1.372501900
1.662600100
1.045510899
.864127701
1.976682400
.989628100
1.118427400
.780432500
1.067218600
1.152584300
.880750700
1.306960800
1.517150400
1.104078800
.888649000
1.692408299
1.969733300
1.171332500
.540476600
1.346560600
1.724545199
1.047068700
.812590200
1.773267900
1.193465900
.867560500
1.260689200
.802585500
.919845500
.883085400
1.663444199
1.488006701
.901775000
1.690670300
1.082306799
.732269601
.771380999
1.515561101
1.749154500
1.389341999
1.919911001
.541131900
1.595175599
1.997658401
1.622971600
1.014083899
1.217502701
1.153069100
3.626041500
1.436537800
1.613991600
1.305512300
