2.010852350
2.091145862
1.452706972
2.323276106
2.373943447
2.319481283
2.642602217
2.379237505
1.414825689
2.335876076
2.339452165
2.437505398
2.996476573
1.464428784
2.691003556
1.446329939
1.112005127
2.354769735
1.574382188
1.095127639
2.387511034
2.301715756
1.421639325
1.449712600
1.470644106
2.348320745
2.370022532
2.358634474
1.411341399
2.519057251
2.359971507
2.459609785
2.418255553
1.502875403
2.535361342
2.453756369
2.397645492
2.520925620
1.128453735
1.449225251
1.550429694
2.140056631
1.456895052
2.373646302
2.391070105
1.629020888
2.049757804
1.438412528
1.447204858
2.386889162
1.448219168
2.439974907
1.454236474
1.443381398
1.452433505
2.488979652
1.458623762
2.387570140
1.460915134
1.453221433
1.541002803
2.495303798
1.473666094
2.108119821
1.458407744
2.356541503
2.391513004
1.807931679
1.304381398
1.439742741
2.543014944
1.118444984
2.412707524
1.486784438
1.447265920
1.462083187
1.616792446
1.128453098
1.450951721
1.475024177
2.048789087
1.432892951
1.437361468
1.129343695
1.426333013
1.438840530
1.391024995
1.455054624
1.439660419
2.385211318
1.451657847
1.449841417
1.611334256
2.234223040
1.461753333
2.375762173
1.459140945
1.531944664
2.365572394
1.439423796
1.460181837
1.504983805
1.446455615
1.426293002
1.571923488
1.124278256
1.438808209
1.444351155
1.462699349
1.442834307
2.380046264
1.449377158
1.455780053
1.443402872
1.611376521
1.131983070
1.434730491
1.423141983
1.631806955
1.455632318
1.473885315
2.394085436
1.486811129
1.464593731
1.505756258
1.474027644
1.496099483
1.838846515
1.307994061
1.474536149
1.456904384
1.488077034
1.449761914
1.474665120
1.621001528
1.133838435
1.456099646
1.474169740
1.138486146
1.473933171
1.466074610
1.494984188
1.460071682
1.468409171
1.610463005
1.123391610
1.454110079
1.465742123
1.144130339
1.485962934
1.472384453
1.480321360
1.472533304
1.478696807
1.595663228
1.127592698
1.480792196
1.448310625
1.136456045
1.495001782
1.432144006
1.463879296
1.457742230
2.452799518
2.387541622
1.477651763
1.477935712
1.528281667
1.474536169
1.488219297
1.644161860
1.495686406
1.456010799
1.468252727
1.460573503
1.473579927
1.462229838
1.613595649
1.142734495
1.458816169
1.453460895
1.124282907
1.467176293
1.441236536
1.468696186
1.464530305
1.483039705
1.676702401
1.497870751
1.471937064
1.479252701
1.158703383
1.467649498
1.467991963
1.478385748
1.465446994
1.475205934
1.608671213
1.142909097
1.469644197
1.465365025
1.144413188
1.475503717
1.480518836
1.460098448
1.470007513
1.489525423
1.604569028
1.136672466
1.468172879
1.456775012
1.134630203
1.489438541
1.469727834
1.484838755
1.480809988
1.479277556
1.672510253
1.493557219
1.483173101
1.454745485
1.149804838
1.490427514
1.460795944
1.474444097
1.446131195
1.501521928
1.621638473
1.163367663
2.435526039
1.471308018
1.473970138
1.471012752
1.634100598
1.162042108
1.499071446
1.494914276
1.159776441
1.509060233
1.499110444
1.487883683
1.524331784
1.504084752
1.653154371
1.155239440
1.488360115
1.578465939
1.155598347
1.478214837
1.496966257
1.597490812
1.112531529
1.525805544
1.637542003
1.171728590
1.502569291
1.632255300
1.166487313
1.511986163
1.563576913
1.165889371
1.503844382
1.488142469
1.681084234
1.519316552
1.487221495
1.641565036
1.162222307
1.507371927
1.671871207
1.171581346
1.507597340
1.486077349
1.158111664
1.512209789
1.488017343
1.525770655
1.502181453
1.530330389
1.644178183
1.152096724
1.507159767
1.646928696
1.169141100
1.508428141
1.506522765
1.172022063
1.508275709
1.497227543
1.630232321
1.510288030
1.493118079
1.647372574
1.147240984
1.508623927
1.844377002
1.337914565
1.497758937
1.511908986
1.570819312
1.514028653
1.517059799
1.654876711
1.157081621
1.508915911
1.623477038
1.175428921
1.515098853
1.507675473
1.185798152
1.513073435
1.514022151
1.495260616
1.511220392
1.535075844
1.639471235
1.171422199
1.514123633
1.506731220
1.174424653
1.510070653
1.501381308
1.164750047
1.506627634
1.513503284
1.507491886
1.497796800
1.545160030
1.673536367
1.190752509
1.533445782
1.801733581
1.357574252
1.539790845
1.516105984
1.699562223
1.533081965
1.519009979
1.657611975
1.166897649
1.524009780
1.682654844
1.181494558
1.513144856
1.668890727
1.186041475
1.521148207
1.530658324
1.185177546
1.526134425
1.535172883
1.517389881
1.546377289
1.527663376
1.555521928
1.191432489
1.518057095
1.670017024
1.552875121
1.501135124
1.536956881
1.168181079
1.528027346
1.534138091
1.516813768
1.524185626
1.539508114
1.677903969
1.176836737
1.534155835
1.664437015
1.189081634
1.435938780
1.563290487
1.188372525
1.534386309
1.522613853
1.195496072
1.541220696
1.522422080
1.552539614
1.521711298
1.565326928
1.664713345
1.204692255
1.544180703
1.670132196
1.194631008
1.547388370
1.617839035
1.164913232
1.557711269
1.505992541
1.187258016
1.533019601
1.530214594
1.536490375
1.516973625
1.557063703
1.688414068
1.167913139
1.539791985
1.665047486
1.174392535
1.544724533
1.648270747
1.171878608
1.531554578
1.522479518
1.169017123
1.549238660
1.511639144
1.572242857
1.536225725
1.548376369
1.723273544
1.182825115
1.520799000
1.674670724
1.163202263
1.524854429
1.673453777
1.171685136
1.528854314
1.616659577
1.185023510
1.536225131
1.541485663
1.190019954
1.545734285
1.496930594
1.542635178
1.529189123
1.555494231
1.707442182
1.179121623
1.536620106
1.700193869
1.169609569
1.523564245
1.706799691
1.186884110
1.554788769
1.626213432
1.174554824
1.546238561
1.515746186
1.171538563
1.557814388
1.561536545
1.679060794
1.562875139
1.557531020
1.582939704
1.570346991
1.581032087
1.721940437
1.188367884
1.552328266
1.692813585
1.214707874
1.561693027
1.657952201
1.195516858
1.560410966
1.545834339
1.203731492
1.575399263
1.536506413
1.595006971
1.560803329
1.602384084
1.604766129
1.591468090
1.598445005
1.721717523
1.216525603
1.553741106
1.704925182
1.214523774
1.568689807
1.705053882
1.213988800
1.581283161
1.701877115
1.189953030
1.439153912
1.567089808
1.189276912
1.560187015
1.561119394
1.206245259
1.579200477
1.565970933
1.567120323
1.572613526
1.569013558
1.605531693
1.580996782
1.580004901
1.701760721
1.201746060
1.567590400
1.693876806
1.207335443
1.520322915
1.690490694
1.203127914
1.577561425
1.648301040
1.199412779
1.573934658
1.575322111
1.204839984
1.566187432
1.564869285
1.209963903
1.583345524
1.568162448
1.575764198
1.595464889
1.564669410
1.600203326
1.580333028
1.567852029
1.714279489
1.597458437
1.575356554
1.683041147
1.223853943
1.581717256
1.707681935
1.191061278
1.575058488
1.473596717
1.093330679
1.410989357
1.407553534
1.414172620
1.394987245
1.422207403
1.850529025
1.178938317
1.410916151
1.298638140
1.388425433
1.413247198
1.421385295
1.463647458
1.111579448
1.411447167
1.384693197
1.415948402
1.406657423
1.413021752
1.847672677
1.166500931
1.408703232
1.404278739
1.416141580
1.390759760
1.398789302
1.412448908
1.106335904
1.397335135
1.438218277
1.367080337
1.417647318
1.406032263
1.417579133
1.095847221
1.395609939
1.391734811
1.441316011
1.392547706
1.401184595
1.844450892
1.172454762
1.389642002
1.392699699
1.412146940
1.402872571
1.390095036
1.418205401
1.096630167
1.396718598
1.430338871
1.358302750
1.401529624
1.393750955
1.420700184
1.101343556
1.387750025
1.413829999
1.408902570
1.405769411
1.407690484
1.410397998
1.092621902
1.406638834
1.397176311
1.409651998
1.399444799
1.427781314
1.422622186
1.096918947
1.418519150
1.417669575
1.389313741
1.413714647
1.431946713
1.778171105
1.259611904
1.411915792
1.425063550
1.430795255
1.427206296
1.421913234
1.571734800
1.122248939
1.415807164
1.432355294
1.499210105
1.424371326
1.410356982
1.544554704
1.101505880
1.409193563
1.425050717
1.417290779
1.421409392
1.431535616
1.564644273
1.100071984
1.427533461
1.411926700
1.448764039
1.411057516
1.431165015
1.566643633
1.106045083
1.403038447
1.418973843
1.445847374
1.415549265
1.443537029
1.556864280
1.098733776
1.415108899
1.449868699
1.398037025
1.421919357
1.423442725
1.771198802
1.263041196
1.422236957
1.423711844
1.413408521
1.425679997
1.452628416
1.576302832
1.128298278
1.446457246
1.454756333
1.603078353
1.443749989
1.436962190
1.437912651
1.429481618
1.460417273
1.486329265
1.111349919
1.437746373
1.454748841
1.451180710
1.446634432
1.471931537
1.597176621
1.131293741
1.455861246
1.465352699
1.133396655
1.441994012
1.455174819
1.462439627
1.451603449
1.465231283
1.482789652
1.122626470
1.442405801
1.447715598
1.434114290
1.438713064
1.453671008
1.464295714
1.110228001
1.464903944
1.434425926
1.615767769
1.435677118
1.438930391
1.583321156
1.138889307
1.448016790
1.444606571
1.465541160
1.451461889
1.457085627
1.602408515
1.136034350
1.439979043
1.442150004
1.649265984
1.432894110
1.303711662
1.500070041
1.136791957
1.447489356
1.438287863
1.466764122
1.449095046
1.457263138
1.590882413
1.119623865
1.454969089
1.461006615
1.676419099
1.444754049
1.444733039
1.445789142
1.430657765
1.453345739
1.732302683
1.375656850
1.439136317
1.444951835
1.462578314
1.433109901
1.451872760
1.598074515
1.109390739
1.448080285
1.454813598
1.459876215
1.437958636
1.464502127
1.608047486
1.125062361
1.461243926
1.469449707
1.137833976
1.458919136
1.460410335
1.484349428
1.468315661
1.487239965
1.597322549
1.142622383
1.389467751
1.454307685
1.126709119
1.470258463
1.466599906
1.462039453
1.472397478
1.497718101
1.638396842
1.479944912
1.462875092
1.448614469
1.584036625
1.463786187
1.466039912
1.590297134
1.142457636
1.466177048
1.605156653
1.152652735
1.475217463
1.450828982
1.480607625
1.479625316
1.456032318
1.633540326
1.148758619
1.471346374
1.926811787
1.225223888
1.466737096
1.472862089
1.480827283
1.465480132
1.462607312
1.612747039
1.140839972
1.476979744
1.465978180
1.136775563
1.487664036
1.429685281
1.479741866
1.461772439
1.479522525
1.614617431
1.155317490
1.457974013
1.468068849
1.150629213
1.470814711
1.461314269
1.488995210
1.465708351
1.495764264
1.624371068
1.158560787
1.462031929
1.475560952
1.146733532
1.487462954
1.458634487
1.486486047
1.477899276
1.490332774
1.614699533
1.122018149
1.469485825
1.991251375
1.144793193
1.484285208
1.478293594
1.465900910
1.479916892
1.472240024
1.626718973
1.145464358
1.519085021
1.542851611
1.149357308
1.488391202
1.465220747
1.474865166
1.480366475
1.495323133
1.612111420
1.161078311
1.477849565
1.572517268
1.145142238
1.486226960
1.495084459
1.527723767
1.465930208
1.493824104
1.633058201
1.151797983
1.465105344
1.568698210
1.152682260
1.509666591
1.490589846
1.518812338
1.513017002
1.532792147
1.635600938
1.159697790
1.510192578
1.654816211
1.171875175
1.518371891
1.505885832
1.171306949
1.508325820
1.510022931
1.508741155
1.504542384
1.516322774
1.653633609
1.164445989
1.501540945
1.644052385
1.159092250
1.506328173
1.509271260
1.183156016
1.517815247
1.500356271
1.520251156
1.501019551
1.507114385
1.656607311
1.174951040
1.507929643
1.650205888
1.187692790
1.487880809
1.490994736
1.167143749
1.498079661
1.503629760
1.524051563
1.556388427
1.463406710
1.649590564
1.178004706
1.493081706
1.626818645
1.169766006
1.495707091
1.516216297
1.169519167
1.506901921
1.508486400
1.492754832
1.517642010
1.525369101
1.644146449
1.155794876
1.514790485
1.655233840
1.166909791
1.492593909
1.503150184
1.148637659
1.512380598
1.491673153
1.511601357
1.529249314
1.539461093
1.632182800
1.163234664
1.522360861
1.628247256
1.173610641
1.498705078
1.507578526
1.170562577
1.504445829
1.499885800
1.553640662
1.516369558
1.482464885
1.673035793
1.503986821
1.516979532
1.482765793
1.146623387
1.504740786
1.479991303
1.512614325
1.519531301
1.545242707
1.662366587
1.194906310
1.514795724
1.671541815
1.188989326
1.513229426
1.613661350
1.191310382
1.548184960
1.537487366
1.192918732
1.535483312
1.528289628
1.551858705
1.541592598
1.547538479
1.673136905
1.186447654
1.534418083
1.658634704
1.169592981
1.531447989
1.660879713
1.177419018
1.517948399
1.961825490
1.269921366
1.524063353
1.524912748
1.545208559
1.550429792
1.529948998
1.691836510
1.194323194
1.533534927
1.652928201
1.192083626
1.536761881
1.661104455
1.192201040
1.541507378
1.525642847
1.189187533
1.528793312
1.525375672
1.576966139
1.525940644
1.509337108
1.650730365
