.271493000
.289995600
.390396600
.339582500
.328209600
.272095600
.342404300
.321250000
.343755700
.332663700
.336714899
.305355601
.260807100
.331337100
.325887400
.315474301
.309468000
.332823700
.334155200
.260532300
.307168200
.326946000
.336306000
.264685400
.344331100
.282676900
.308098200
.258774100
.314761200
.334270400
.308018900
.305626700
.301792400
.310511300
.322259500
.332416800
.326814000
.254365400
.259525100
.284715000
.309828400
.376429900
.286767400
.314026800
.289614199
.327467100
.322895000
.254939900
.296733500
.317540901
.311016200
.346920300
.329467300
.255774900
.354052099
.295194300
.296365600
.257967000
.281409500
.306993201
.308218799
.291392200
.304487600
.291041900
.311127501
.339017300
.297299600
.253532300
.270728000
.264077500
.324803400
.316316600
.321640299
.320375600
.302557800
.280299600
.253411700
.277637500
.312172900
.342895600
.320110700
.281954500
.350810000
1.635562500
.460529300
.327368200
.326118900
.347875400
.337148100
.348936200
.258064300
.304283300
.264062600
.335654600
.320963600
.266546600
.307659800
.260272400
.303762000
.316320300
.300377900
.261410100
.386488700
.348059400
.310189600
.262193300
.261298100
.299994001
.333858200
.326466200
.263231000
.283034700
.272620600
.301951200
.305650500
.300084000
.340381000
.337629500
.303574800
.303274900
.271147200
.253871300
.327661499
.312181600
.285181200
.304046400
.260670200
.330710501
.318239800
.309373400
.272779800
.300072000
.311065799
.316479900
.260234000
.288284800
.267154400
.331191700
.300481900
.296846500
.280898100
.291262700
.293646001
.302222600
.272060000
.265406200
.306620200
.335843800
.310392900
.289951500
.278559000
.333748200
.349558300
.324166500
.319527400
.254101200
.267655900
.309713800
.336019800
.312203800
.270827500
.295933200
.319213300
.323265900
.307430000
.262845000
.268989100
.312134601
.302486700
.298119500
.316884900
.325932900
.310460800
.271364500
.257759500
.286579900
.262628601
.305941100
.299761900
.306035400
.313020700
.260370200
.308384300
.292401100
.287083700
.259905300
.315035701
.332836800
.345263600
.259483500
.275295900
.266662300
.323658200
.302907899
.266445700
.246460800
.260224000
.318562000
.317222400
.296424400
.326152900
.285422901
.305077799
.300829100
.268253200
.268749800
.297795400
.312638600
.264943000
.254692200
.263798000
.306754000
.320358000
.309138400
.275248400
.259329000
.313731800
.271831901
.333225200
.304181900
.290111500
.278725700
.326374199
.323616800
.257071200
.301028900
.282673900
.301163501
.317061200
.267658100
.262744000
.272865300
.306263600
.314263400
.302539700
.305223200
.298454100
.317950699
.313866800
.296746900
.259740700
.258120700
.309701301
.261748500
.268561400
.261229900
.299647200
.316671500
.308526900
.302034500
.264185000
.289976600
.273936599
.411362700
.433973000
.295798100
.269304602
.320107300
.316662100
.266349300
.295956100
.271570100
.316678700
.306033299
.266604800
.295401100
.260318701
.322316499
.292272500
.264592400
.266652700
.256536800
.328515300
.301929800
.315663400
.263858100
.275460400
.296731899
.336385200
.284930400
.270774100
.254949700
.296733401
.304644400
.305894800
.311087700
.308368800
.336672300
.267093700
.297000300
.293913000
.249834000
.322341200
.304548500
.300991600
.300663500
.275754600
.312651800
.265633200
.255921800
.272291200
.315933800
.312270600
.322656400
.259050300
.305457300
.282225500
.306157800
.267124100
.308982600
.273888000
.256517700
.319915500
.310534600
.301453200
.269286000
.252521900
.325736699
.308814600
.301475700
.257941300
.272387200
.305732801
.332009300
.256827500
.290249800
.305629100
.338980000
.255898100
.314102900
.303100900
.292756400
.389852600
.330377000
.304651000
.280647100
.270008100
.315723499
.333036000
.263337200
.315731800
.304522700
.262595001
.314115100
.270293400
.280060300
.262718099
.290375699
.300231700
.296510200
.318044100
.266688700
.307126899
.308717900
.294852000
.259618900
.261027400
.338657100
.316559100
.263532800
.304576700
.265635700
.303244000
.320828100
.263544000
.318414400
.258473402
.307004500
.267736700
.316270300
.315977399
.260366201
.290584899
.304381100
.309783300
.292146100
.277282200
.324249501
.251928100
.303947500
.261284600
.309132700
.316546200
.312710400
.312457900
.290258900
.259334900
.323364200
.275365300
.285461800
.309675500
.301415600
.294635000
.300367199
.281026100
.269145700
.259409702
.317119700
.318451600
.309301000
.296372300
.261086200
.323786699
.256149301
.333404500
.290426000
.273652199
.275471501
.296468600
.330845600
.251253100
.262162200
.255950100
.301846400
.294930200
.250664600
.272061600
.309120700
.323574200
.312697500
.265670100
.295744000
.301068400
.313688500
.283520600
.264908300
.239879200
.265510901
.310021500
.320130900
.306812100
.278577200
.244363500
.329292799
.329651800
.308645200
.290029200
.257741501
.346987299
.300324600
.260476600
.295739400
.291526700
.292093600
.304919900
.299017000
.258618100
.270882200
.314676800
.301294900
.256157000
.330189500
.261296600
.312935000
.312516400
.291968800
.262094500
.305255900
.310175200
.324481900
.283394800
.300045500
.264674600
.301632200
.341289800
.270660200
.271667299
.306188702
.313675000
.350657200
.276860900
.265289100
.265455200
.304990000
.268224600
.282456800
.290114300
.278967700
.297218100
.312294800
.267753700
.298399900
.265740400
.299353700
.310064100
.308425800
.261591700
.303013500
.305994600
.294581000
.308602000
.302144700
.260288100
.348925800
.311684500
.253733800
.306365100
.298034400
.269279800
.317305200
.264527300
.303853500
.300570900
.289746400
.312397700
.302726900
.260960000
.255902500
.341356399
.358492200
.276905000
.259158200
.286069900
.332576001
.298718800
.293812300
.306404900
.291943300
.264042600
.289591500
.296757500
.314015400
.249797400
.319394700
.298216600
.308266800
.262495100
.283463000
.301924299
.291531700
.307196600
.261008600
.264827000
.309784701
.291940000
.305353800
.249628600
.293943800
.313669600
.302920900
.304756500
.285575200
.251097400
.297500000
.350955000
.321638200
.320267600
.277349600
.274092099
.326304300
.300454200
.265372700
.283806401
.416115200
.387943300
.259515000
.308808000
.251090401
.321710800
.373586699
.332526800
.303792900
.312653201
.279433600
.309078600
.263863300
.261331400
.305688799
.324806500
.259569600
.248109200
.251991500
.296819700
.316987400
.291392900
.335920700
.307052100
.350107800
.320901800
.300948800
.307197000
.251377200
.302314900
.300806400
.309736800
.312287700
.296785700
.293270100
.304196100
.294623300
.282398800
.263385800
.300623400
.328915700
.326733199
.270950800
.295723800
.299809201
.346537500
.277832900
.269690900
.262072300
.304986000
.297619100
.311104200
.256576600
.262998900
.307867401
.319744100
.309630500
.271001700
.259079400
.299599700
.264414400
.300589700
.306909400
.294867700
.306550000
.265329400
.315786300
.261155600
.251332100
.268296399
.268001500
.305498600
.331536500
.282550300
.263197400
.294838599
.275246800
.295802901
.270491699
.298421799
.307205900
.252871400
.276681500
.314477900
.265312100
.285548000
.261857200
.330989500
.256001000
.255025100
.302294300
.320909800
.257465900
.267628300
.292791600
.300489600
.321518700
.301956200
.260676300
.265202800
.311094500
.258550800
.328901900
.355039300
.260651699
.262153101
.319208999
.309443700
.298282400
.261347900
.317810601
.434912300
.307222800
.260767700
.260174100
.329215400
.272700000
.267227700
.324756800
.368936200
.344209400
.309732000
.307749100
.281008200
.265466300
.247513800
.301388700
.303378000
.308366800
.244821300
.320690600
.257374700
.260781800
.246047000
.278554000
.315401799
.276943400
.262416700
.250786900
.264204700
.247531801
.251534200
.289008500
.285184200
.282069800
.264121000
.274135199
.300271000
.313944000
.264126200
.322742200
.304618101
.305296500
.281186000
.307293000
.267378800
.311568300
.308695900
.360475300
.317031000
.268172600
.253725100
.314077600
.288443600
.263938100
.268697300
.433598099
.328253300
.261716200
.269559000
.259947800
.319165300
.308474700
.256028700
.255628800
.264031600
.309913601
.320234900
.296450600
.258508200
.291860900
.316135500
.275166800
.285375500
.250476000
.316313600
.304130400
.289902700
.264300100
.265377500
.254376100
.266393000
.309586500
.357977200
.259545500
.268081900
.264032200
.303655700
.324893600
.260058400
.283414300
.254501600
.301812600
.289434800
.312788200
.298553200
.272950000
.312408500
.305473200
.300520300
.255647900
.309873201
.297535300
.310573800
.266121900
.288512800
.271158300
.312420900
.306486900
.310105100
.254213400
.268084699
.410203801
.309794400
.274358700
.260740600
.274723899
.316604701
.302780400
.280353800
.268681100
.252556100
.330568700
.334696900
.296907900
.290911499
.305421102
.328812500
.269075100
.264143300
.256218600
.271875600
.324206200
.314632800
.292511401
.270301499
.264910001
.305190100
.305295000
.327435800
.336752500
.285841300
.334992899
.328643600
.297917100
.271594900
.256201900
.257958600
.290124099
.279429500
.267461200
.259650500
.302595701
.260995800
.307290000
.284914700
.291501800
.309393799
.316774800
.256815700
.258829000
.253328600
.271575902
.319596000
.300048100
.290317000
.291560300
.268528500
.253028000
.330673000
.308251100
.283424200
.290049100
.257786100
.323951800
.274925000
.275973199
.256227900
.311872401
.263922600
.304387700
.262453200
.300918000
.320605899
.305491500
.256520300
.267013400
.252325200
.315877600
.296367400
.304416500
.261606000
.263691901
.297937700
.306415300
.295226800
.263693700
.256567300
.307909900
.308644900
.258490400
.301979100
.301412600
.267746100
.260287100
.299406200
.299847000
.255713200
.264028900
.318745899
.343037000
.315682700
.269991700
.264628400
.321329100
.321017100
.304127800
.283169900
.306562800
.319547900
.266858700
.259717400
.316902100
.260244501
.398908900
.316777500
.303355700
.266384100
.262298100
.310899700
.319130300
.306267300
.267941900
.258241700
.310757700
.320183700
.268957900
.259159700
.260886401
.289347500
.316523800
.265712700
.300512900
.258282400
.320665600
.332224400
.300266600
.269431200
.289105100
.314999200
.298922300
.295854700
.262989300
.269458600
.309265600
.295147700
.314385800
.272761700
.314811200
.312058299
.298059000
.274096201
.308939300
.261067099
.298467100
.344776600
.296536900
.293043901
.304703399
.259115999
.323788700
.260953200
.263920099
.307522501
.347089300
.271598300
.305881200
.264974700
.280484100
.415641500
.302201300
.262358200
.332994700
.263580500
.332838500
.275542300
.307181500
.267368100
.252477100
.330975600
.306698700
.253596099
.311856000
.255675902
.308351000
.278765600
.269599900
.260068600
.299306500
.304003399
.318707600
.252673400
.347190700
.254914800
.288203400
.313714401
.311109400
.296131500
.250851000
.301019799
.297867500
.315141300
.280615800
.275580101
.299649700
.300430000
.259481699
.290481400
.292481200
.291339500
.312843600
.288353900
.263833200
.270637000
.302040801
.294568500
.308767500
.267943600
.317690500
.265178699
.322541500
.273247400
.254261000
.257758800
.258173000
.291608600
.265233600
