.247519100
.236688200
.274044600
.248305400
.297496500
.269847500
.252406300
.256112400
.264619600
.240086400
.271284200
.231804800
.244530100
.245705200
.279920799
.280460200
.237560600
.239766000
.244889801
.226628800
.288459400
.235432300
.241283500
.232765000
.251791599
.269127500
.299403400
.235790900
.232259800
.236366400
.262570101
.273629100
.269391600
.269332600
.239474800
.225275300
.259383300
.231204700
.238167200
.249134000
.234547000
.234826600
.226320700
.234519600
.261616300
.246657400
.235172700
.246049000
.276937900
.266440000
.235677600
.234357200
.231390200
.233419800
.232811400
.248267200
.232425600
.227065000
.231747200
.242105000
.232962900
.275705000
.281337800
.226785300
.234663100
.261293500
.274027000
.229040100
.239741800
.240373100
.240094800
.234261500
.341394999
.251985000
.234252000
.233786100
.233274300
.228301600
.233786100
.268138400
.234602400
.237040400
.250760700
.237515100
.235533600
.298760500
.245898900
.224139500
.234989000
.236178400
.278484101
.259109700
.234096400
.236763800
.236223400
.235856500
.278240299
.226274400
.234204100
.239256300
.228127500
.229959400
.227805501
.233991600
.265185200
.221454300
.304962900
.236393500
.228131399
.275498600
.235567200
.228545300
.238754500
.231007400
.234393401
.262882500
.233309200
.230309300
.232974300
.234218700
.276857200
.264254200
.242290800
.264110800
.265333800
.229323400
.256926099
.230894600
.279303700
.232392100
.246343900
.229363600
.284207601
.227913800
.237745200
.226757200
.229887400
.238079600
.267946499
.246051700
.232624400
.232337900
.228629300
.229251300
.280882801
.244052700
.284664600
.286979000
.242337100
.229081200
.235059200
.275954200
.250716100
.225840000
.236860000
.233985500
.231334300
.230416200
.230624000
.222550400
.230636700
.234504600
.267124599
.228743400
.272567600
.229446500
.228612000
.265717102
.298842998
.274783200
.237122800
.239601700
.237172000
.230332200
.241127500
.267083500
.242228400
.232073800
.253876300
.243151400
.240256200
.235477200
.224962200
.233447000
.229286200
.239168800
.227700800
.237394100
.254500700
.256922900
.228439200
.232625100
.286085901
.231670400
.239154900
.237093200
.221471700
.234600000
.222760899
.262344600
.233818300
.229790500
.234952300
.231186400
.227280800
.225582401
.304966900
.240068500
.226205100
.273763699
.230585800
.243096500
.234606600
.234375300
.239062500
.239889799
.241221201
.274088899
.234706300
.226713500
.243494700
.223357101
.241096901
.271805698
.234250500
.230840500
.229691500
.242093200
.233312600
.272244700
.257202400
.233975000
.235614000
.237646700
.230608700
.228817500
.227737500
.241868800
.230701200
.235927000
.233424800
.235766200
.277363300
.232197100
.238170800
.232707700
.233628000
.263642300
.231629200
.227087800
.238195700
.265361100
.247265100
.266424301
.243380400
.232120700
.257475500
.233501000
.235241000
.235705199
.271465200
.231008400
.227220700
.233835300
.230460800
.237095202
.240568200
.282467900
.234277700
.237212000
.232293200
.231794300
.319414300
.279952700
.246118600
.245251000
.248739700
.230207499
.239264700
.241476200
.232767600
.239265800
.232346500
.233305301
.240192200
.242098300
.240766800
.225542900
.233626900
.239142499
.259525301
.236845801
.224416600
.247835500
.239926800
.240649601
.268584600
.232944300
.274318300
.237589000
.241157100
.245501799
.284662000
.238704000
.224401700
.239400500
.238609200
.229140601
.228531701
.260899900
.236143800
.231102200
.238311300
.238613400
.268737000
.267042300
.237549100
.236065300
.240498000
.230978700
.236369499
.238396500
.234078400
.250575600
.245082900
.245806100
.241475801
.229790100
.267498200
.244035900
.235464600
.239992000
.229880299
.271694400
.247116900
.240347200
.249278700
.232974500
.239754600
.253412300
.244273500
.228369300
.228134100
.255276100
.237678600
.235270000
.237055100
.231431600
.231443300
.231156700
.236872100
.233220700
.235495100
.243214500
.234348700
.244644200
.288742801
.248920000
.239228800
.238526600
.236342200
.236392900
.293313799
.237268900
.241867800
.232340500
.230551700
.250155000
.266036500
.231292300
.240293000
.265538600
.239220300
.245921200
.237399201
.234895000
.248857700
.243045800
.234641600
.236165600
.234474300
.245999400
.238789100
.234115100
.241340400
.236833700
.272188900
.288352000
.236136500
.231389200
.241753600
.231603800
.272647801
.240806800
.283647099
.250309000
.252556799
.248621899
.274326401
.282268200
.240242599
.227711100
.240583701
.230632500
.272802699
.386630300
.236805900
.231003900
.266199000
.269229301
.275228700
.264368700
.241602500
.232144700
.238597200
.290363600
.298409900
.235064300
.230221000
.256479800
.236272500
.228585400
.231903700
.230414100
.231235400
.236541400
.237448200
.259562600
.236577900
.234720600
.230126900
.230125000
.231032299
.265416100
.237931300
.237763000
.254852200
.239316001
.235618000
.232242400
.235610700
.229035900
.241163200
.236468600
.240827300
.232781700
.229893700
.235119500
.226675500
.230268700
.251191200
.226820200
.239643600
.237282300
.224448600
.245899800
.230938500
.246411599
.231511100
.258491300
.278952100
.236976800
.230007300
.234702000
.230428600
.269550200
.232709700
.232286900
.243492700
.232898301
.241991399
.235867400
.268294500
.241027300
.226671600
.236490600
.222759900
.232728400
.252849600
.228260300
.235287000
.234308100
.269558300
.235010600
.234251100
.232063700
.222582200
.231694500
.239600200
.231818499
.282285300
.238171100
.241971700
.222755500
.234199300
.266821200
.274827000
.231964900
.236126800
.246857300
.263275401
.240406000
.233938900
.234169900
.267395600
.235417100
.223924200
.270720800
.241157100
.293773700
.243259100
.223398800
.233463800
.233432500
.229444000
.236222500
.227023800
.232964800
.237086200
.232297800
.285613300
.254962600
.235247200
.224229200
.232862500
.281165400
.235754000
.234104300
.228021900
.239584200
.241474200
.262858800
.258225700
.232796900
.222351100
.237706100
.248795600
.269033299
.230830200
.241633500
.232158900
.233214000
.237606300
.234168901
.237059600
.243566100
.224992200
.222767400
.244116700
.264355600
.230778499
.227679000
.238579300
.233113600
.234560000
.230458901
.229429800
.244357100
.234001000
.230311700
.228835400
.297011000
.250356600
.234399100
.231695900
.220818800
.239868800
.228289200
.286622600
.266227600
.237513400
.228578300
.233383500
.235281501
.263677299
.264246700
.232817300
.243080500
.235826400
.233709500
.233388000
.264995100
.227881800
.261032200
.232633901
.234641201
.264768999
.237871900
.233266100
.230783000
.229029500
.232042700
.224205301
.225132900
.228114500
.236030900
.234591500
.226848600
.223841400
.225292700
.243076100
.228863100
.236408600
.235367800
.276258000
.283700100
.238319800
.233260400
.234391900
.226822000
.246901101
.285831500
.241202700
.240022500
.242020900
.234516800
.244694101
.232321000
.271901800
.235636800
.242116200
.239934300
.222269199
.231981500
.305692700
.253090500
.241137200
.234270200
.280401100
.224338700
.227382700
.232362600
.241376200
.232400200
.239129601
.274344000
.227217000
.234194599
.245779301
.226335700
.226365900
.266457499
.272419500
.258198100
.229370500
.252685100
.234335901
.231074200
.273893900
.244106500
.237363700
.234507700
.237274299
.245431901
.295978900
.239292300
.230785300
.231346600
.225485900
.267830801
.237862500
.254020700
.350547600
.257553300
.307327800
.362258400
.277708400
.666064600
.767480100
.297019600
.253247200
.251404800
.293795300
.311422800
.251227700
.263977400
.429954199
.261864100
.228968500
.226187800
.259336400
.227653800
.273672900
.229725500
.234211900
.230875500
.246208400
.235046900
.285326701
.264228300
.242725400
.233149700
.238262200
.227724400
.234450700
.233201400
.237997500
.236169700
.243203300
.231590700
.267453500
.240962300
.236228300
.224117900
.240528200
.231786900
.236681999
.236200100
.249312200
.284683500
.238462000
.234798600
.225216801
.259772300
.282317000
.234109300
.235355400
.233860500
.272965900
.279838000
.232700600
.269112400
.255520500
.269154500
.238156500
.231289100
.261154200
.261039300
.252412100
.236691100
.257487900
.237503000
.254126200
.238714300
.233899100
.232618900
.287480699
.236895100
.233503600
.231284500
.238740300
.269159601
.249649399
.234539600
.229351900
.231471200
.236313301
.237291700
.272940400
.229134400
.235101500
.236957800
.239519900
.240018500
.271593999
.245244300
.231093400
.241957900
.232122300
.226560400
.238252800
.232635800
.273032400
.220086000
.236999700
.235511301
.267957400
.242223100
.233242900
.233196400
.292325600
.228938300
.243823800
.230996300
.233792200
.236316100
.236291500
.236672600
.290206300
.270961700
.234099700
.232808000
.260135600
.252621400
.272190399
.279559600
.234761000
.262518400
.225756400
.234419800
.233495200
.231134700
.224900700
.228253600
.232282400
.221503200
.232714000
.235383800
.228327600
.239107600
.232201700
.249677000
.278171501
.288623400
.269766000
.239917100
.240056300
.228341200
.237197199
.246291300
.245351800
.237098900
.235498600
.242672900
.275253901
.239510300
.244328600
.245871700
.226979300
.235881800
.235229599
.229926000
.229724500
.230495200
.244393600
.238342100
.268316101
.287289700
.233200000
.229068200
.278867700
.233382900
.274266299
.239379900
.243404800
.233074900
.236945400
.238342700
.240661701
.266251600
.237252500
.231841700
.225374900
.232602600
.286423300
.297412400
.234386300
.254112400
.236496900
.240986300
.234344600
.275855900
.268883200
.269773600
.238317600
.243129300
.239235599
.239716100
.266149600
.234985100
.232575400
.237205300
.269581800
.235299600
.239317800
.237664100
.239086600
.241429600
.276442600
.241108100
.227680700
.242773400
.241455400
.236624000
.295661601
.241420200
.239514700
.242772400
.234190900
.234700800
.273745500
.242335700
.231470100
.236870100
.240640100
.236199200
.277581099
.235381500
.229079500
.230415700
.228799600
.247511500
.268333301
.272232800
.252723900
.272141000
.234970900
.238949900
.287939200
.412957800
.240285900
.237521900
.242114800
.273687000
.257658800
.241796800
.229752100
.242359100
.250885900
.273605600
.233218600
.269932500
.254828900
.237044300
.250636400
.272114300
.224571900
.273847200
.233620900
.251570000
.227963500
.263202000
.224763000
.275914500
.252980400
.229385500
.225547301
.241755500
.237950900
.223304200
.233128100
.256474100
.271214200
.282388800
.230461100
.236703700
.241314500
.227344700
.243773000
.238025300
.284354300
.252276500
.237987200
.237044600
.279982700
.283457600
.241450200
.234022800
.222106400
.225679400
.237652600
.266352900
.233462700
.225024000
.230752900
.235185400
.227065900
.280434800
.220545800
.238227200
.224668000
.224440500
.247324600
.280208799
.264918900
.303660600
.234116600
.230039900
.275337501
.266286000
.230243700
.231583200
.233323400
.231599200
.280888399
.229732200
.262050900
.235852100
.277614600
.232501900
.269061800
.281685100
.257570100
.236264600
.230463600
.253710600
.280042401
.247447600
.229722300
.228555500
.232477200
.224513400
.276936400
.261088100
.234720900
.229912100
.243112000
.235194100
.280109699
.275106100
