.330296300
.308591400
.303932400
.317014501
.334539000
.340018500
.296748800
.301603800
.330385900
.304484600
.308198000
.292553100
.320379900
.321781600
.308992200
.303782100
.311602700
.308824700
.401365000
.337847400
.333872200
.293512600
.310262300
.327409500
.294465500
.299845500
.314621200
.343898900
.292929900
.287624200
.296975300
.375627700
.294416200
.308469200
.294979500
.304765399
.353350800
.302593300
.294021100
.295165800
.330032901
.310510499
.315927100
.328606600
.304681300
.357869901
.308624600
.307772200
.299231699
.292579301
.307499700
.302909600
.390571600
.310926000
.340497500
.312759800
.301351900
.310509300
.296366200
.311730100
.313718100
.333266300
.323553600
.296596200
.311650400
.302976200
.329825100
.287325900
.341278699
.335452300
.309157500
.323101401
.301507300
.306609899
.340308200
.283386000
.301150500
.250602100
.335193701
.332368800
.307202400
.303574000
.321685799
.326600600
.337203301
.316406300
.307390300
.391493499
.314083100
.350395500
.300879400
.299432701
.320718600
.310506200
.321612100
.326554500
.319729400
.354255299
.292825501
.345264000
.337484199
.328762200
.310300000
.300842800
.307116900
.315825500
.294845900
.253594700
.308554400
.296852200
.311776300
.314576600
.315095200
.296745200
.292322000
.310093000
.320811800
.314252800
.298738300
.347191501
.381118999
.311532300
.344457900
.326247500
.280114300
.298347500
.346649900
.292317000
.300234800
.316397400
.304726100
.345809700
.321101300
.293142701
.305046500
.307958500
.307341200
.304602000
.288759000
.343864800
.294312700
.280909300
.302558200
.352561400
.312341700
.299317300
.296941400
.288154400
.337820700
.340018300
.305352700
.321965700
.415156100
.308709800
.335598400
.304981600
.295556600
.309000199
.312840600
.296981000
.299192200
.311405200
.318487700
.295311200
.318287800
.313851700
.312407900
.324398000
.310080300
.293255300
.316089300
.341037801
.317254000
.306275400
.311312500
.292850300
.316571999
.307765400
.271309400
.287054500
.309958400
.309059901
.299872900
.296963700
.299343500
.310448900
.329215999
.334550000
.309178000
.291291900
.292730501
.308249500
.365069700
.308321500
.299526100
.298600999
.328894900
.313496200
.303957600
.306322600
.345122000
.308544800
.315625500
.300092800
.287975101
.319955300
.305431000
.289182900
.343031700
.333539400
.319667400
.308684100
.304370800
.312910600
.315273799
.305508900
.279396100
.302528500
.304576100
.369360001
.305752200
.276710900
.300429600
.280078601
.319177000
.314464800
.320090900
.308475700
.328214200
.326093800
.301281100
.297771200
.297962500
.323578199
.316289700
.355659000
.302289100
.337984401
.342319500
.333047400
.285404300
.304569300
.319966999
.307107100
.320108200
.317256200
.302300100
.327213201
.316740000
.298163800
.296301200
.298092900
.311452900
.304855100
.288465500
.289149300
.297035800
.413451100
.344066000
.308453300
.327562800
.314713000
.324089000
.296426700
.293938400
.316962900
.325953498
.308053500
.294407400
.295644500
.308633601
.317729000
.294350600
.291161800
.328956500
.316388400
.359948800
.314580300
.302002000
.316952200
.295218999
.311375000
.292816200
.284760300
.288862600
.327765600
.285410900
.296779600
.292660500
.359467701
.387457399
.303578301
.334602400
.317212700
.328966099
.320436600
.314552600
.296220600
.293763001
.317232399
.352148500
.298926600
.286820600
.296764500
.286964400
.305129900
.290307200
.292722300
.301158401
.296969900
.293231000
.303708300
.313283000
.296169500
.321852400
.302948600
.319232300
.293731100
.334605300
.315249100
.326623700
.314197400
.286816100
.323363900
.363819000
.323231200
.260565600
.314916799
.323891900
.304914900
.312389800
.323505800
.316969801
.314760300
.300509900
.284616900
.320141899
.314207301
.298724400
.316361500
.352305900
.292191000
.322288199
.311623000
.320498400
.309151500
.333964599
.315057200
.302072600
.307959900
.309251200
.314779301
.325655800
.294232700
.298278700
.292036500
.353836899
.331119600
.359980800
.312761800
.310298600
.360642500
.332955100
.312624700
.303488401
.360265300
.293300500
.325950200
.294851000
.326574800
.277987600
.333974700
.323749900
.326416900
.316504300
.327303000
.330663600
.288513000
.305504900
.335400700
.301495100
.277019900
.296642100
.304564200
.287701000
.288691700
.305252900
.320098700
.299125499
.294183500
.321248700
.329360400
.295300700
.302451001
.295079700
.326125100
.296770400
.289967400
.353743999
.334743900
.317614100
.292924200
.296775101
.341154299
.326431100
.304709900
.370024100
.339945401
.302509600
.300813300
.289810700
.307470300
.296711600
.362369900
.291908600
.300727000
.317859400
.319061699
.293161500
.314015300
.317131200
.358381200
.364763300
.303877400
.302124800
.286135200
.340428501
.291566000
.284767100
.289574600
.354700800
.320782100
.318504500
.287751100
.313034000
.293846100
.309647400
.314428700
.332317300
.288207900
.310548600
.305886200
.308732400
.308616600
.291226300
.302838600
.303279200
.293167500
.284032600
.301571200
.311813800
.294147900
.322119500
.320046000
.310214300
.396855099
.323260200
.312815201
.302013300
.325164400
.292507300
.341235500
.290030100
.296720500
.313358400
.432084500
.299242400
.299398100
.350112400
.325536000
.300023300
.301136200
.307195800
.308686000
.320831000
.288686500
.311271000
.288372300
.301794900
.309101000
.302343300
.290252800
.293425499
.332835800
.303897500
.306572000
.299663700
.353261901
.308986900
.319395400
.284827600
.288120100
.364487500
.312551400
.314153700
.288605000
.308522700
.329627600
.298964700
.293012000
.352123600
.292849199
.310060501
.343101700
.316911700
.307380700
.300497999
.311522500
.304606900
.284709700
.284809000
.309144701
.336569200
.318839800
.331086200
.296374600
.360489299
.310130800
.303224100
.336883900
.323461001
.308297000
.316981900
.292678000
.303247699
.300575901
.351282500
.283120200
.309302700
.269783799
.310235401
.296777300
.301967200
.297769400
.287291000
.334853800
.341651200
.298745200
.307574600
.292891300
.319386400
.304624200
.298281700
.249546100
.319188400
.292752400
.297186200
.312225800
.302901600
.309404199
.300801400
.313879600
.319353600
.283930400
.326545701
.309531500
.331515700
.301053300
.320631600
.310165199
.316706900
.295949400
.299286200
.289706700
.318020500
.298562900
.297287300
.305863600
.342696200
.321208300
.298250100
.345624700
.319668900
.292339201
.308974700
.320714700
.301257000
.290462900
.296839599
.287180700
.335682400
.316269000
.304964300
.349061801
.391742300
.299381800
.301502600
.319506100
.300988600
.300442100
.304637400
.290157100
.319538700
.286680300
.303331400
.296755900
.314480200
.319352900
.312472500
.300472000
.299401700
.284065300
.311754100
.291310200
.298255600
.287146600
.284847201
.342082400
.312769800
.304578300
.295724600
.291368300
.341976300
.316997600
.331572800
.325789800
.300693498
.324922100
.323264000
.314200000
.305823802
.292332600
.298934200
.304862800
.308622600
.314389500
.320900100
.324374100
.310348200
.328536700
.341837599
.333700400
.305142900
.300191900
.310786400
.324386001
.320787500
.310267200
.293733900
.318543200
.311256700
.318289800
.296975800
.316675000
.307192300
.335090500
.311058700
.300565000
.295294500
.317694899
.298120200
.301664400
.305281300
.290941300
.316593000
.310307600
.296240900
.304923600
.304262701
.341040599
.315537600
.355013400
.310316700
.314065800
.310349800
.305713300
.314374600
.309678000
.331360200
.333393400
.315108400
.323124200
.289009100
.324827900
.312045900
.298299100
.389510800
.429382499
.321270200
1.200844501
.385055601
.302077700
.297845699
.319324498
.309362600
.297932700
.301698300
.279502402
.306508299
.300850400
.330268900
.300535100
.302091502
.323218900
.332005100
.288277100
.305737900
.331831499
.315247500
.296476300
.309868000
.303644400
.303441901
.310113700
.332114900
.295101300
.349688399
.304197000
.325811900
.308218200
.314614800
.306637601
.314372400
.364860400
.288394000
.292694600
.321113099
.317720300
.295992900
.290943800
.311454700
.330418301
.339325900
.310164800
.378005000
.313789200
.324954400
.316901100
.322532700
.304404700
.305070299
.309671700
.304279000
.293778500
.295199000
.338402900
.293615200
.287985000
.329330500
.309708001
.305064600
.301768700
.304992300
.316385600
.286141000
.299809900
.294626100
.292698800
.284600400
.286021999
.329566200
.291144500
.303626700
.284859100
.295689600
.323554200
.310681400
.297889300
.289934200
.289636301
.319597400
.292931100
.320894200
.300669100
.294893000
.316884100
.308650900
.304794700
.298982100
.321013399
.303131400
.320820200
.316261000
.292293701
.318267700
.323334000
.299791100
.320719200
.334757299
.326015600
.294626400
.300869000
.280588500
.310882601
.311736700
.299206400
.289413400
.333139600
.312060100
.309784500
.296806500
.305540500
.298526500
.319204700
.300602300
.297037500
.280333400
.283060300
.274278500
.387302499
.297823600
.303940700
.292231901
.400582200
.300321000
.293567800
.313204400
.307399999
.311395700
.308694400
.288636100
.281207900
.314874701
.300531100
.308724500
.297821800
.296742100
.348273800
.329894400
.297574800
.281654700
.289360800
.312196700
.312374400
.299052400
.288675600
.308649300
.319600200
.308747200
.292380100
.339431400
.307028200
.307611900
.295257800
.313502800
.314149500
.332870700
.325265900
.316529100
.301598700
.309771100
.310616900
.319228700
.292656700
.300707500
.291015000
.308758600
.306328700
.308406900
.284511400
.348616200
.314324200
.297835600
.316515800
.325889500
.297836400
.324922400
.300405700
.304826700
.297012500
.312977699
.310758200
.306055200
.292419000
.293780800
.322695900
.309298900
.310095500
.301804300
.339341900
.307813300
.318105400
.281653900
.283166600
.336368899
.323239300
.320760100
.296237000
.306257501
.320356400
.284422500
.310802100
.322503100
.286884701
.324843400
.334797800
.302468100
.302133400
.311481000
.323955000
.315731500
.308414700
.289206400
.302349399
.308712200
.340516500
.303270600
.307381501
.312482701
.324200400
.310304400
.307801900
.315187799
.314944500
.298805500
.299110800
.312863200
.323011000
.293427300
.286089700
.301482900
.290555900
.357096801
.326538800
.338248000
.304228000
.301525600
.333015900
.332110700
.297400200
.294980800
.319522499
.329756100
.283091600
.294242800
.295350600
.342579801
.391638400
.310315600
.312728200
.292795499
.318580900
.336180900
.336274500
.306429600
.326224700
.323495200
.320940800
.310575700
.296660501
.325566099
.351276500
.294112900
.324724500
.308349299
.343791700
.318431500
.300126700
.292671700
.340712900
.324443000
.294733200
.315220300
.304623801
.322216700
.298842500
.286376700
.295162900
.290093200
.313642600
.292365100
.304869500
.298817600
.306405699
.306915000
.320360300
.330913100
.298465800
.309330101
.340119000
.298363300
.297423500
.292765700
.304850299
.298385000
.309332800
.292521200
.322204900
.292588001
.307883400
.292027400
.306306300
.330045201
.335155600
.298284900
.321249500
.287692500
.296628999
.310873000
.334288800
.289733100
.297173700
.303449701
.315199100
.326205100
.284963900
.296470100
.329896799
.331689300
.320984500
