.283775600
.269077900
.243754601
.270122700
.278557700
.259875200
.239405600
.246343500
.240629800
.294900399
.278701100
.263616000
.242509300
.245132800
.289625000
.290891600
.236532800
.245792700
.252891800
.263295201
.238359500
.281882200
.238320200
.252671700
.243280700
.233015900
.268640500
.279145900
.274595000
.236486300
.247205900
.249043900
.271874900
.278698000
.240220700
.240788200
.239034600
.283486099
.248411000
.264520400
.252839200
.237779000
.245423601
.293978999
.289286800
.244162900
.250087800
.234112800
.236002700
.239312301
.229968000
.230076700
.232004000
.251262500
.283262400
.232363400
.245515700
.261479000
.243338900
.234167500
.224919000
.272937100
.252757300
.244146800
.230950900
.237749700
.232491600
.239267300
.239805400
.264048600
.232388400
.224189800
.222725300
.267641800
.246710300
.235154600
.228398800
.236413800
.239380300
.295103100
.296144600
.232713800
.249175700
.241202700
.230655200
.271480600
.283275200
.251878600
.229991500
.237894800
.228203200
.245370299
.286160200
.242557500
.232810100
.232063400
.234015801
.278203099
.304540300
.237653200
.244442500
.230046700
.272673401
.235876500
.293356800
.268720800
.232153800
.238462700
.292005700
.242404000
.271842600
.240896700
.236605500
.230068200
.291697099
.260750500
.231429500
.248429800
.234302900
.236553500
.232675100
.281671300
.270308000
.229257800
.239428900
.237954600
.270864001
.275998200
.268276100
.236654200
.240399200
.244768999
.266323400
.220314400
.235998700
.223933400
.246068699
.238012100
.239823201
.276872000
.226616100
.256009100
.236680500
.229167000
.250024001
.230592400
.263150300
.234765500
.232893900
.233330600
.240924700
.276861300
.241069900
.227910000
.218951900
.220170200
.237170300
.228657200
.283881500
.236221000
.245327000
.226752700
.239353500
.269043000
.261713300
.239746700
.251979300
.279006800
.264252399
.332802200
.230279800
.253341300
.233112801
.276628300
.300544300
.275890000
.229169300
.248317400
.228936900
.296576800
.312748200
.244265500
.225604000
.238804200
.240533400
.258547299
.239665299
.230526700
.229343800
.231791100
.221450400
.286226900
.220195500
.239839601
.229573100
.222870800
.249831900
.270367900
.234184500
.263295300
.256437600
.253445800
.228025000
.252874300
.266509200
.300751000
.232396800
.236910000
.235115600
.239872101
.231627300
.266447700
.223994300
.233320600
.235697800
.263230199
.274589800
.232772200
.238096900
.238637600
.264284100
.244143001
.254823500
.232855100
.250394000
.230678500
.238242100
.260575900
.262516900
.230341800
.241988000
.237155500
.244155000
.285723000
.224233699
.239849500
.239314400
.233090700
.239568600
.257389901
.333315800
.251837000
.245173800
.233902400
.272066900
.230991400
.238380500
.231019100
.244142800
.228719300
.234669899
.232042001
.240200200
.224905100
.223801500
.228035100
.237822100
.232206600
.250710300
.255068200
.234255800
.255067600
.245847501
.269307900
.266141000
.234180400
.246195600
.236236000
.233870100
.223590300
.232294800
.233472600
.236696100
.230250100
.237429700
.231599399
.266047500
.266169900
.244477800
.246798100
.236958000
.287097501
.248300100
.249027400
.245068200
.227541200
.241989100
.232283599
.236064200
.235064100
.226422700
.234078000
.231099400
.258407701
.285140400
.281765200
.239112800
.242315200
.241572200
.265384199
.268979800
.246805200
.245207300
.232642700
.238591600
.233125101
.280651700
.246664500
.234224700
.251187299
.233343100
.236366601
.283124900
.229253100
.242319000
.230945500
.238969200
.277656599
.270607300
.239712300
.243484900
.228989200
.251397500
.268193399
.263712200
.274090199
.232963500
.249328900
.228004900
.272891401
.283851600
.228708500
.233984500
.240968200
.215718700
.246122600
.220329100
.235528300
.225140100
.230924600
.234043000
.234980000
.245312400
.231291700
.237777500
.248041399
.251374500
.234513201
.227631400
.237479000
.238707800
.240825000
.230445100
.269564400
.227504600
.231340400
.232437000
.226959800
.233669600
.262507000
.278773500
.278375500
.231214700
.267642500
.259396400
.292290299
.236290400
.251625100
.236038100
.239937200
.228265100
.235203201
.339286300
.233297700
.242994800
.229787700
.226256500
.236572400
.285463100
.241643100
.227996000
.236693800
.229944800
.271166100
.241885600
.250558100
.238988900
.224965700
.248640200
.268453200
.257020700
.229953800
.238831600
.231671400
.237360200
.230725600
.256117200
.233358700
.227801900
.238807900
.235110900
.228543799
.236205500
.264019400
.273053100
.246661300
.246796001
.278480698
.264610700
.225592000
.238847400
.247896900
.228762800
.266246101
.233579400
.238606100
.229359100
.233018400
.234200700
.267776400
.230051100
.239395900
.225417100
.237107200
.234880600
.250734000
.274095200
.262172900
.249283200
.235470500
.241675600
.268666600
.242822000
.271170600
.228868200
.231142900
.241108100
.266258700
.275946700
.274927800
.225896600
.271186500
.265304699
.274732199
.230641700
.255366400
.240134500
.239796200
.290199000
.236104000
.285359900
.239664000
.239972900
.225808600
.327708300
.226729700
.234962400
.233964300
.227132900
.254597100
.221489100
.240199000
.231707900
.233837900
.230694600
.251465800
.237961500
.231798900
.256912600
.239938300
.230485400
.250175500
.225947700
.244469500
.260667800
.242197800
.236595400
.239849700
.244847199
.264595000
.237046400
.239239400
.232698300
.240502300
.229195600
.233803600
.246123200
.244653800
.234004400
.239616900
.238968200
.271187299
.257696700
.245808400
.232150900
.240533500
.230278800
.234839501
.299639700
.280957200
.232256400
.237119800
.251726200
.326780600
.300375300
.242674200
.269233600
.253276600
.334010700
.240008500
.267196000
.239922500
.244775900
.247961000
.267685800
.262331700
.232948800
.245207900
.227653200
.241471899
.230893500
.241761900
.234171800
.233562500
.229686000
.238312701
.284048499
.234234800
.246394300
.236972900
.237489302
.237813900
.272067099
.226831700
.242252900
.229910000
.241624000
.237465600
.268319401
.273225700
.263464000
.241807100
.237136800
.235828400
.261820200
.238699200
.261446100
.259471900
.241548300
.246820600
.337025500
.277612800
.240983800
.255458700
.238686100
.262203500
.283380600
.243453200
.233029300
.232455200
.230322000
.280630800
.266746700
.236049700
.229905900
.268049600
.234513599
.282499700
.298845000
.243675900
.230218500
.237687900
.282707601
.290573100
.230355700
.234980200
.268009000
.239057000
.247144800
.259054100
.229921800
.236821500
.238017000
.233856800
.260584700
.233909600
.250663400
.245196100
.220436700
.245332300
.228405700
.267074200
.229635400
.225262600
.240186200
.231171900
.231077899
.285548799
.261163400
.224694800
.248182500
.244223300
.235237301
.263591000
.297255600
.269526201
.269640501
.240644500
.262484300
.228934000
.274145900
.234622000
.237347200
.228900000
.263942000
.272949600
.259792100
.234944000
.238442100
.229902600
.271719899
.266706200
.235182500
.236861200
.232820300
.228241800
.287893101
.263027800
.260334400
.239747400
.248228000
.249937399
.383484601
.241736600
.248671500
.235771500
.241462800
.315205499
.257464600
.237721700
.241181101
.244259300
.241147600
.273895599
.241630100
.263581200
.231345300
.244671300
.242805400
.228330100
.271147000
.261795700
.238435000
.233696200
.232693100
.264387200
.232743700
.255568200
.230149600
.249759000
.235396398
.256525699
.273825100
.240418000
.228726000
.264462500
.248045100
.262191298
.266100600
.231325900
.251591900
.287131500
.282625501
.269316600
.241729200
.234266400
.237570000
.232144699
.230583700
.239159500
.244777300
.238963700
.238110100
.231569600
.271664101
.298686700
.240037300
.245723400
.231760800
.243706800
.246654000
.279375500
.265506400
.233213200
.259440300
.238458300
.282158800
.270865500
.235736000
.234615200
.239813800
.236588000
.236553700
.240367300
.246668500
.281624200
.249219200
.229608700
.285949400
.273473200
.242316100
.240928500
.250580900
.242432101
.258954800
.264604300
.238244400
.237470700
.244680100
.226933900
.267916100
.276626100
.246510900
.228427400
.233244300
.281336900
.283102900
.244588400
.229579800
.237756300
.242232800
.269352200
.284527800
.242254700
.239611600
.239355200
.229960401
.275538299
.225248400
.270661300
.234716100
.240711100
.228942600
.270244599
.223420300
.297360000
.248457200
.246346100
.260232500
.280527401
.280783400
.239863600
.245042600
.235509500
.233367300
.234272799
.263739100
.241522300
.232446300
.234983001
.249474101
.329008500
.270903200
.235026500
.243926300
.247808800
.283416100
.332004200
.277047800
.238787900
.241337100
.257022400
.261258301
.268995700
.232632300
.250560700
.231763100
.249563100
.263042600
.259957700
.232507500
.244618300
.234055600
.235696100
.264003400
.285398200
.232687500
.254208300
.262450999
.279008099
.222558400
.245253500
.235200900
.233337000
.224056200
.239788401
.228695000
.235502400
.222112900
.264612400
.235568200
.238927500
.227918200
.270643300
.230240700
.239784000
.260885500
.234062100
.270101099
.235011400
.244321700
.223269800
.229873100
.231242000
.271910001
.275995100
.243145700
.237079600
.230584100
.239614500
.266504100
.274273000
.264273200
.234773600
.240288100
.219755800
.368616301
.229649300
.237784700
.235983500
.215797900
.275362599
.276015800
.316318500
.244023800
.237157600
.233147800
.273129901
.224917300
.272531100
.249276700
.232841900
.236287200
.235459800
.270161600
.262303800
.232588600
.238943400
.227828900
.263097400
.267310500
.241388600
.230567800
.238161100
.234713100
.279724200
.238322700
.241217700
.232347300
.234124100
.238183600
.248816700
.255193500
.257453000
.228255100
.250219300
.231071600
.268722100
.237512200
.224493900
.235040300
.232991200
.240757000
.275503900
.270846600
.229629300
.249409400
.222811200
.239513900
.230449299
.270630900
.223035000
.224319600
.235556800
.242660000
.257932801
.229189500
.267675100
.240420500
.242328300
.231576800
.235522299
.283671000
.245471200
.247690801
.231756099
.247495198
.263718400
.263592800
.261277800
.226761200
.252284800
.232645700
.276159100
.270206700
.233072500
.237555300
.242390800
.236509801
.268981800
.238742000
.227748500
.232743700
.234833400
.230786400
.220712800
.280649000
.257588700
.297217000
.232958400
.247481100
.276459300
.231480500
.241069900
.248766300
.248370000
.238039102
.276385700
.249556800
.232898200
.234716100
.241302200
.237370700
.259142101
.240863800
.233480300
.234120800
.234498300
.229977800
.256971400
.269273600
.234493200
.242680700
.230059400
.242817500
.230689000
.236069100
.260301900
.228585000
.251053000
.233208500
.275516200
.267469800
.225250800
.241807200
.233314700
.240634000
.239604600
.242938000
.228905400
.238876900
.230169500
.247058400
.261583699
.271858400
.262792900
.230179800
.238563900
.255424100
.316782401
.250939700
.243178600
.235162100
.234300000
.243833100
.258666600
.225424400
.234376400
.238286200
.243209400
.226588300
.241767500
.231980000
.247295700
.231530200
.234882300
.228541100
.260764399
.236697100
.265770100
.242912400
.253287600
.236462600
.268163500
.231022600
.266968100
.228851300
.229721000
.232445800
.269446601
