.359926000
.354798900
.387686900
.364092001
.375920599
.486957999
.384768600
.399617800
.401625400
.369839800
.409965000
.383688800
.385320600
.400105099
.376279900
.442872200
.346228700
.391912600
.378324700
.376854300
.365733900
.371883300
.381996200
.368030000
.371697300
.404375400
.413301300
.399511200
.409815901
.420023300
.363545800
.364136700
.357410400
.384022300
.378329100
.351587400
.350778400
.401194300
.385715700
.372432800
.482792700
.451430000
.375551300
.410551400
.391639900
.365276900
.351866800
.547021800
.398309900
.375537199
.353404000
.418909401
.360997800
.504807200
.430752499
.511608200
.679983200
.541353800
.607981900
.460718800
.673874700
.361444000
.378156300
.394575799
.407626000
.350733600
.363526900
.400649601
.520303600
.349023200
.378973300
.444249500
.403186000
.393472700
.428215300
.399576500
.378389200
.373317100
.402417700
.412102000
.350006100
.434603200
.399221900
.386826900
.406443000
.468538000
.410521300
.381729700
.381494000
.395881399
.386190500
.377918001
.371775800
.392836200
.385428100
.350729500
.339666400
.373383600
.371949900
.336310500
.344124700
.366091800
.360010300
.400786000
.339964400
.372071198
.431757600
.367793600
.375121501
.392782600
.565562700
.454599100
.420038699
.391259800
.384864100
.368681600
.405348900
.391729300
.351081900
.358338600
.383904300
.368271699
.355455900
.399186701
.409104800
.406418300
.342187700
.425974599
.400046501
.354629000
.344075100
.366389900
.405294500
.377501500
.347909400
.357785300
.418156100
.355292400
.329968800
.410635299
.396008200
.370689200
.355613800
.392367201
.364228600
.369246100
.373290400
.366730400
.391459500
.344990400
.338817400
.393529799
.452084600
.372126900
.374792800
.404244000
.366173900
.377366600
.379571901
.397706700
.364018700
.376241600
.363664400
.398986700
.496552900
.362339200
.378954900
.369183100
.356336700
.332933500
.450550600
.373585900
.361624900
.351781200
.368316600
.401251400
.422010500
.368503100
.397060500
.384499600
.362543100
.338490700
.380101900
.397634900
.423566100
.369373200
.378558300
.345835600
.352865000
.339773400
.404277100
.405744600
.379479300
.377584200
.373394300
.376582100
.386820300
.429442500
.395111300
.389749000
.361435000
.385608800
.391856200
.386827000
.352528400
.378754799
.373873300
.369672800
.353770100
.438037200
.379123700
.363676300
.365440700
.379952500
.385877200
.351852400
.361842800
.415415300
.392718500
.353378200
.367440700
.376397900
.365113100
.379850500
.394735900
.398722800
.360102700
.393547200
.375809500
.406394600
.368387100
.361451500
.424534300
.379183700
.389501300
.361075800
.379677100
.375114600
.376683800
.346175200
.393360599
.393058800
.350317300
.371976700
.390128301
.395773800
.365300700
.369278600
.378161001
.378081000
.351448601
.342092500
.382474500
.383175800
.400085800
.343151900
.428512100
.388941100
.361724400
.340288600
.394001600
.378083900
.356964900
.343607801
.368797600
.371201000
.357642300
.330770000
.374249700
.364700600
.356633600
.402467900
.432320001
.380272100
.355666900
.354862500
.388697500
.363639500
.409016800
.371736600
.381829400
.367661000
.366184900
.368627000
.484810600
.396266200
.386699400
.410655199
.418091200
.376527700
.343938600
.369877000
.416192500
.367671500
.361082301
.386083399
.359584700
.349765700
.362238000
.446168300
.442262500
.368772700
.342952700
.394623300
.360178500
.369229400
.347292000
.378283700
.363294000
.343911800
.371648400
.385933900
.372460700
.358039900
.348982900
.368418900
.383731400
.349893700
.333056100
.389282499
.358590500
.388672900
.340375301
.412454900
.389546000
.373924200
.365126400
.396727600
.349008200
.370133200
.341919600
.393891600
.417572800
.357937400
.356926700
.394977500
.392303500
.374002500
.382254400
.423688800
.376352100
.364279200
.379218199
.370826500
.369428200
.387002800
.408617001
.382976200
.394009700
.371110500
.396298500
.361601000
.356776200
.360835000
.410344199
.377540300
.360129600
.379556001
.396187799
.389303400
.370877900
.363475900
.380287000
.383694300
.425679200
.390027800
.395874000
.365844100
.369362300
.396758400
.383174900
.425829000
.336737500
.412820499
.398115200
.368871600
.369491500
.445804400
.380345100
.374653400
.369664101
.372626900
.389496400
.354070400
.343313200
.499071500
.372020000
.337802800
.345986499
.381048200
.384304200
.353925700
.362339201
.410033500
.379162100
.373096000
.376364199
.375681400
.367461600
.361765300
.398430701
.398829100
.364835600
.441073300
.406857099
.427591000
.350731300
.365520600
.380269001
.366011000
.405471000
.387458800
.396142700
.385145700
.343712000
.371177400
.426679500
.410434800
.350447700
.349451899
.360242000
.374065000
.378812900
.368881501
.397973100
.414081700
.350497200
.358263900
.598524500
.352395700
.368372601
.415204800
.383437800
.348086400
.344126500
.376407700
.381200900
.361361100
.336073200
.369585800
.389824200
.354187400
.390807100
.375376500
.361185700
.358458100
.369452201
.381553999
.361558800
.375996900
.369011602
.397036400
.353781500
.439298200
.368612400
.413993300
.353619200
.358571000
.360422200
.395729300
.410542700
.374055400
.397999100
.403884700
.352578300
.348100700
.420934799
.397096800
.346559800
.371975300
.400763600
.410940400
.356598500
.364252900
.378340301
.374642900
.367185800
.340675900
.417725999
.388458500
.384527300
.336826801
.385829599
.409417500
.343443900
.336301500
.416261099
.375619000
.367998000
.365488200
.423480400
.358880000
.404955300
.340611700
.376239200
.387886900
.420182900
.384711299
.401920700
.365149600
.356048600
.418426501
.388769200
.362674500
.350977300
.369274500
.362616600
.366650800
.346796400
.392512499
.372092500
.366405700
.343388000
.369424201
.519747800
.367824200
.346823000
.375797099
.368543700
.388789400
.362219000
.405388701
.399688000
.354673000
.353713000
.375960500
.374399700
.376035200
.382789600
.404749200
.361311700
.346977800
.350967900
.474442400
.381171400
.418943400
.417471900
.383612700
.360042500
.349369400
.378183700
.365471700
.376049100
.366737000
.357561400
.382617200
.362124600
.397708200
.377568099
.394345100
.352980300
.350450900
.384881901
.411726800
.363586600
.340486800
.412565899
.502165800
.391285000
.380683301
.398342300
.357370200
.412135700
.390579000
.388510100
.350696100
.394300900
.434859300
.398106700
.364059300
.371900700
.379463599
.358656600
.349322200
.333430800
.404915801
.384356500
.355044000
.369609400
.424918499
.405326000
.352043900
.375972101
.390117699
.380580300
.388553300
.355934300
.392038600
.357586200
.452563700
.346596400
.385894800
.401283000
.357563100
.386566399
.427558300
.376576300
.340339600
.378458301
.389733700
.365240900
.395486600
.385486700
.371057000
.371550400
.373144000
.403248800
.367956100
.383596100
.366002900
.423700199
.388181200
.368991200
.325962600
.392215100
.354563600
.344574600
.397727801
.445543399
.407710600
.362758500
.361088300
.457212000
.367434500
.414336200
.496207300
.432346700
.411081100
.396547900
.424987400
.429215700
.445534000
.424672100
.389051000
.347920400
.341045800
.405170900
.421439700
.391756400
.362265900
.400627100
.563657900
.344295600
.377627400
.468862500
.373274700
.360964600
.387045900
.394802800
.380322100
.350326500
.413479300
.391940700
.352081300
.351925500
.394269200
.396435000
.377427701
.369438100
.390498800
.373202499
.360566000
.398529801
.406503099
.359303200
.371915600
.438030001
.383942200
.376591200
.402063700
.427948099
.412360300
.349024100
.372921801
.403747800
.463759400
.351404000
.352272799
.365598100
.359698100
.357805100
.353496601
.441707100
.719904700
.398856700
.407352600
.390641100
.410452400
.391077500
.420822700
.352154400
.381329200
.407969600
.362246900
.384110600
.356169900
.467457799
.379700300
.344768800
.367505401
.408301000
.379483100
.359599200
.339859800
.463234900
.372239100
.364919100
.372521000
.398208800
.374410300
.373288800
.393331299
.371850400
.353086200
.397385500
.410679801
.378196200
.364277100
.386945800
.368160899
.372300600
.386605600
.351794800
.377653200
.370879800
.505187100
.369354500
.368017300
.366136400
.358832000
.390935901
.403827500
.377251599
.377458900
.370932901
.366996999
.376900800
.381904400
.371792201
.483250600
.380634200
.366579900
.401214900
.383254999
.386436400
.354840000
.397814100
.426174300
.368862801
.363673201
.394770900
.365565600
.368465200
.370716600
.389101900
.378211500
.392300699
.352487001
.391431900
.385389700
.449238200
.408013500
.395942299
.417597900
.367440501
.376309999
.358981500
.399550900
.362313600
.361178299
.371824800
.372775100
.334435300
.443012001
.402502200
.388726300
.378391000
.398712000
.371245000
.358618200
.348795700
.420560999
.402481700
.364529400
.353772800
.380941102
.372084299
.367367500
.400587599
.391075600
.369239601
.365921000
.405635699
.388863500
.371874800
.396930701
.402821100
.419803900
.388289399
.365075000
.449610200
.388760200
.438237400
.408121900
.393157400
.415714700
.403654102
.432408900
.387780200
.353934100
.336967399
.372379101
.388138800
.391509400
.369490099
.364927600
.412598300
.385243100
.345804700
.426891700
.379616600
.360813100
.376349600
.415134100
.379288799
.569008800
.485864999
.491450000
.517631100
.555936701
.656852200
.586499000
.489525700
.389728100
.374825399
.427875900
.422141000
.415470700
.398966601
.521810200
.404069700
.399212300
.386069900
.366844800
.352530700
.389639399
.361052200
.451749300
.394962500
.410717801
.407621500
.369917300
.355548300
.381822899
.455413700
.354544700
.384976100
.406440500
.396342300
.376628300
.415143600
.388312800
.361243600
.358980301
.415204100
.429095100
.367746200
.347745200
.435890199
.386912000
.364603300
.370884200
.412516501
.388408600
.352645900
.362507800
.405583400
.393285000
.396510700
.392612000
.399903100
.505367900
.436637001
.421226400
.378706600
.342905100
.349955400
.381813400
.360736700
.534535499
.394460300
.383810400
.407282900
.368158500
.366119701
.400604700
.380590100
.345568800
.409017999
.484604200
.362263101
.356959100
.408421500
.360685300
.349160600
.361120100
.401365400
.379394100
.376755700
.350339900
.425009900
.377457100
.379281000
.366507500
.402341000
.385048000
.387751200
.442348400
.392988000
.407917700
.354151100
.381549000
.367366600
.394665700
.347997601
.406619101
.384593200
.359864799
.376358799
.391982800
.388544900
.790020000
.392874200
.357916700
.381206600
.401226500
.394589700
.427546600
.387565000
.395841199
.375557400
.365057200
.364116000
.401041399
.437393600
.364794800
.380223600
.395729400
.370288300
.368751801
.364289300
.393383000
.375068400
.379870600
.370074199
.359482300
.357486100
.372022700
.360990400
.391117400
.357292601
.381484000
.383649899
.367259900
.376898000
.376475900
.391719601
.378027600
.387787600
.349228200
.414647300
.387121900
.349933200
.451503699
.400422500
.394175600
.392351300
.380326201
.398856900
.381519700
.395778100
.338036599
.375538000
.364333800
.348474700
.344348101
.418022600
.405419800
.376643700
.370510200
.412088100
.369259700
.336472200
.341981400
.380362400
.391342300
.367691000
.376573299
.411886800
.393518100
