.478242200
.469362900
.406938600
.472395199
.500349900
.443121500
.475891800
.458588200
.444488000
.474241401
.465793600
.458020500
.458911799
.456227800
.461314100
.448553701
.472982600
.463630500
.421619100
.474462299
.456717500
.475977600
.490110999
.526481000
.428081600
.470346301
.499069400
.461702500
.479924200
.567075100
.447773000
.464828200
.609732600
.464408800
.447208799
.460061300
.450547100
.487293701
.508955900
.441267900
.504007500
.482573900
.457500000
.461807500
.483003300
.503249400
.447873800
.468201000
.467680900
.443217800
.496416700
.462903800
.468335000
.458465400
.479739500
.453637500
.456867700
.480367200
.467733000
.413969800
.477691400
.448207400
.494826900
.471537000
.429090700
.459317100
.489527399
.481535300
.420697800
.479344201
.476743800
.419336100
.549914199
.444173900
.487155800
.543268301
.445506800
.447300900
.450038100
.463310900
.429381900
.483743999
.472503100
.416714400
.522495900
.469431001
.445218000
.475370599
.524035500
.444120201
.419815800
.461262200
.500497900
.455928200
.452385800
.479340500
.425044200
.464617500
.469177900
.448747200
.440570699
.477786499
.629046900
.477369200
.471973400
.461254000
.425169200
.506013400
.472011000
.462359400
.456370399
.467965700
.466908000
.474185701
.470134500
.446992100
.475964300
.448232200
.474652500
.455033099
.448826900
.427712100
.420303600
.444544701
.469433700
.463951200
.460245600
.472709900
.424215400
.433147800
.517015100
.487596300
.490834800
.448693800
.461579300
.456995900
.464348500
.468269300
.432759700
.497278599
.441001600
.439364800
.525862501
.454454200
.486565100
.489901600
.437130700
.419051100
.443432000
.481492900
.428497000
.459448400
.483995199
.438502000
.484677800
.470481699
.456784100
.472433200
.479766801
.444365600
.450644500
.483189800
.525559500
.438109300
.443553500
.463740600
.504374900
.429827600
.501126199
.464248200
.427922601
.495962300
.444434100
.484982100
.472441899
.472185100
.443571700
.502132001
.496165700
.472889200
.507644500
.470280000
.468498900
.463607399
.491909600
.446976100
.474017201
.481938899
.498404700
.436237501
.573598200
.492789500
.448971000
.459517500
.504491700
.464035700
.476242500
.468696600
.443045100
.486783000
.463689800
.452478400
.467881000
.469291900
.465448000
.520372800
.485373200
.459481600
.480555400
.463909800
.455835500
.427029200
.480805200
.454603900
.418656200
.481179600
.474666600
.448523800
.448182700
.464052300
.485809699
.484989501
.459316500
.464806100
.474002000
.503305000
.476629000
.475135900
.439373800
.465270600
.453840900
.492106000
.452892800
.443034400
.460268000
.444318900
.451961900
.477255599
.472286200
.468372400
.476413501
.471917400
.471775600
.475032600
.495125600
.452195400
.451701600
.473790700
.460663300
.443628000
.504709400
.458236200
.469549099
.463434900
.464001000
.467192700
.445162699
.451258100
.469565300
.475583901
.512705000
.443850500
.465322500
.528659600
.452834200
.463071700
.473112600
.451596100
.445291900
.480075500
.463912700
.425268800
.531700000
.514847400
.694236201
.672572800
.790116600
.670690600
.462761400
.513654400
.473405900
.486010200
.463880900
.472129400
.456168100
.498924500
.472929399
.456876500
.455872200
.472217500
.455383700
.449241901
.504688100
.462531200
.463262700
.546968199
.487324600
.457819300
.490097400
.482736300
.481873400
.455598700
.434088200
.456556900
.480302400
.467589600
.463113500
.521315699
.548722300
.483683300
.479534801
.476078400
.444985800
.472423000
.465328000
.451828500
.478652800
.485162100
.459971000
.585385600
.524577100
.441066200
.436302900
.471914900
.453193300
.437410801
.443935200
.510839200
.512355400
.469700900
.470861700
.448231200
.476557200
.461105800
.456045200
.469784900
.488774100
.454369600
.487744899
.476615100
.471374200
.429151001
.593166500
.475207600
.477446500
.524038600
.464869300
.430596300
.452840900
.456790801
.448082499
.464341599
.448900100
.460484800
.480654500
.450311000
.442594100
.443642300
.466900200
.427724700
.414291600
.452625600
.475345900
.465947800
.479740700
.454207600
.444329000
.493455400
.476935500
.439724600
.476161700
.500370300
.469867800
.511484100
.482012400
.442178500
.447731599
.624729300
.450643100
.479558700
.498040601
.442579201
.445475900
.482200800
.471120600
.473603200
.464743700
.461415900
.455303401
.473833299
.494327300
.464957900
.467204801
.453039400
.517620400
.482318000
.454403800
.563272900
.483964300
.504683500
.457822200
.498671599
.471324100
.477136800
.480802900
.508306600
.461004000
.481758001
.484375900
.459954400
.457390800
.470047600
.443305700
.418660400
.454339000
.451528000
.477933900
.464583999
.449771000
.457696300
.471964201
.478587900
.430848400
.439787300
.448321700
.438005900
.421554600
.559756200
.436807000
.440768801
.485980200
.475612100
.477643900
.486664699
.466144500
.453299500
.487175300
.505693400
.476027000
.474223500
.464711600
.482365400
.485786801
.474316300
.514327600
.492464200
.488087400
.484369800
.504547500
.499397800
.459055000
.449821900
.461711800
.458576400
.461994500
.467795500
.470820500
.425607200
.565366300
.467506900
.448738701
.529443900
.467634300
.435055700
.458531600
.444307800
.492206200
.471501800
.509866800
.472389700
.556358499
.464858900
.465907500
.474566101
.475032700
.460034500
.477612900
.482441000
.500731400
.470662000
.475617900
.727050100
.447083700
.494665300
.454464000
.477245800
.481126500
.496938700
.489020500
.486053500
.470855300
.470965099
.474844900
.453795900
.476561101
.481004200
.422037800
.436435600
.537461600
.459639500
.429587301
.477669000
.447570000
.546727701
.466579800
.441010500
.468179200
.482019199
.458146600
.462928800
.495580701
.488323300
.473880400
.501374900
.470555700
.500393700
.462948900
.440466800
.464686500
.423932100
.463921900
.504244400
.453320801
.476470100
.470901500
.443209200
.484243199
.434685900
.418722400
.459130801
.476734600
.464385899
.483036401
.541117000
.473446200
.505546600
.487032400
.467946900
.519380299
.461141900
.432561500
.458377801
.485192400
.518046200
.445424600
.505391100
.459610200
.443170999
.496256201
.452090900
.448877100
.490152700
.483613900
.489566400
.498392300
.502671500
.452616900
.475073899
.480068300
.451180600
.445314200
.488037500
.467418500
.452084001
.512904200
.467727199
.464495501
.474116300
.430240200
.454595600
.464549500
.455918600
.454410500
.531451100
.476523100
.479582600
.473679499
.433985400
.492616500
.501943301
.451388200
.485155000
.459749300
.483098200
.704573300
.497619100
.522720900
.467681099
.507845901
.478255800
.457548700
.504725999
.469197400
.457800700
.479902701
.506148400
.468720400
.472552200
.480273800
.428571300
.478049999
.467216000
.480050100
.470758501
.474320200
.450462200
.507148600
.482646500
.521306100
.426246000
.482439600
.448430100
.471350200
.484829199
.464573200
.438341600
.474229801
.480427600
.510058400
.468677300
.560610100
.470692700
.480026899
.500369000
.429296400
.466553600
.500940900
.480887400
.472858101
.488038900
.482202000
.432398899
.487999400
.446123500
.431648601
.476171900
.448234600
.454907900
.484420600
.494362500
.452012000
.480517700
.462315300
.469406100
.490887799
.464553600
.555214000
.484662200
.491225900
.447001200
.442951500
.448856300
.510171500
.464018801
.472165700
.460190300
.451562900
.467760400
.463038300
.481548901
.465801200
.434102900
.450436500
.542913100
.474869600
.448055700
.544437200
.450966800
.423794300
.505489600
.486324500
.445302700
.505587100
.469724100
.513928900
.463047400
.540783100
.455405000
.437931300
.477949400
.528323600
.456741700
.517122100
.487483100
.469213000
.526723000
.650870200
.491040199
.587685501
.462644899
.455483301
.443138700
.487294000
.473281600
.447512400
.456482500
.434872200
.478374200
.445890500
.461913100
.473876099
.456583800
.465085200
.492259600
.433583500
.470288500
.455696800
.441368100
.456585000
.426239699
.482838300
.423830000
.492635001
.473243200
.462940400
.429938800
.473090500
.461574700
.483480200
.456809899
.434443700
.432517300
.450496401
.454776900
.460468100
.435683300
.472710900
.477872900
.471759200
.590193399
.420899400
.460959000
.512271300
.467323100
.499220800
.517259500
.481113800
.468434800
.479476500
.460728900
.455453300
.464541099
.462883300
.426603800
.495465101
.479990700
.535730200
.449383599
.480988800
.491862100
.453252400
.471678400
.461104500
.450644701
.474018400
.723960400
.508521200
.498949300
.483693600
.482027600
.505635000
.462663000
.486368100
.474873100
.446718599
.447842201
.476088800
.463483700
.445918700
.477973200
.464418900
.439256200
.477903900
.503094400
.450751300
.477014099
.479466200
.517242800
.482949701
.465780800
.480262700
.541372800
.462827700
.501363800
.474647800
.462027000
.470196500
.487443100
.456304500
.569836200
.491090199
.572845500
.494874200
.494798601
.477795400
.465381300
.484900000
.492647300
.452264900
.632697300
.479922200
.457137400
.523042099
.452824200
.466753900
.534020501
.508569600
.464751200
.504194699
.470616600
.496552000
.467441501
.461655200
.456288000
.487224900
.463626800
.524663300
.451193100
.481932300
.487656700
.474757399
.494221900
.801339202
.545942300
.480111900
.454699099
.466632101
.437779600
.444807600
.487168399
.550574200
.440949500
.487026401
.474970500
.469612100
.465145200
.457086300
.474875600
.415169200
.501685900
.457531700
.441864500
.508281200
.463923100
.508926900
.487985800
.450615400
.506195900
.478334399
.449296300
.458500800
.534595601
.459862800
.453659800
.478356700
.470081000
.485157900
.491137800
.492028700
.464293600
.475868900
.575675600
.449450100
.470100800
.525019699
.448941501
.437005899
.465405700
.510723601
.468825200
.445768800
.426587800
.458423000
.471074799
.463255200
.429153500
.448190300
.473331800
.455355900
.469175899
.480611600
.471921600
.439942401
.476081900
.433132200
.463677000
.504468400
.455074000
.472535099
.451520100
.552174800
.462234600
.466590300
.535803200
.452841201
.545710699
.612937100
.724902900
.734369900
.714410200
.599926599
.446762900
.533045300
.450751200
.458992900
.505955501
.460926600
.462770000
.537985200
.479318900
.462922800
.480285500
.459853500
.483518400
.478599000
.473692800
.465469500
.471180100
.566132400
.590834800
.489588900
.471283000
.651470500
.461687300
.458209400
.466324000
.493383900
.564035599
.439621500
.492429200
.464576800
.452309300
.496116901
.462134800
.439929300
.452368500
.474052600
.454558800
.442331400
.509633600
.456390800
.574531499
.484770801
.461147200
.541630500
.478687000
.446104800
.505776100
.460066100
.427847400
.487976899
.519193701
.450284100
.428935500
.470871300
.519232300
.600054800
.469298800
.520366200
.434887000
.479577600
.503616100
.440696700
.472600600
.511740500
.532632000
.465001400
.450170800
.477574700
.477824400
.495785600
.457185700
.462362100
.452776900
.468278400
.465293700
.455130400
.459541400
.444670600
.471486600
.463875199
.456512400
.510715099
.467729300
.563843901
.479767899
.460313800
.523546300
.473684799
.493077800
.499541400
.501789901
.438267300
.445588700
.472722300
.490290400
.437637000
.483469700
.510328500
.480676600
