.434340800
.365716600
.399114900
.432677701
.388525000
.378021300
.417408700
.407680000
.420533300
.500106600
.464662500
.394730800
.479493200
.461956600
.377672600
.384670300
.383060200
.301071900
.388224900
.387996500
.420564900
.490376300
.428142600
.385719000
.296431400
.390792099
.386912400
.353307100
.349292400
.388419101
.338521700
.346748500
.367248200
.401823700
.493165600
.377953400
.453595399
.358105000
.356858400
.392870700
.300311500
.383612800
.362107000
.294171000
.402692101
.418743800
.317681200
.357304100
.369076800
.467847900
.350413900
.375009600
.358955000
.423377700
.398402000
.365417000
.336444599
.394813800
.399755900
.370757500
.429973100
.364285500
.312269500
.371769400
.346665101
.338908200
.346761700
.359354100
.367042900
.338718300
.376511100
.339387200
.444019300
.387817600
.359388100
.323080800
.436500600
.312741100
.325487300
.314952500
.314684499
.291792701
.359269600
.286355600
.344305300
.412413799
.329450900
.311224200
.444204800
.441155401
.360466500
.429535400
.297227200
.346317699
.334071300
.311690500
.315214900
.295081100
.329993001
.320490100
.303507900
.542539199
.408453501
.354013600
.334293100
.452273200
.394567500
.315501300
.362197200
.425113700
.320070000
.328151800
.368310900
.286065200
.349755499
.360670100
.417511600
.357091800
.380109201
.311520700
.339658700
.296944900
.358340999
.385001000
.342250300
.333667900
.321275401
.324674300
.299389100
.341822000
.292560800
.378431800
.443885000
.318847700
.343761600
.438611900
.298504900
.308935900
.287510800
.374037500
.385262400
.329282700
.306405900
.340203800
.366255200
.415809500
.369350600
.389216900
.340370100
.354396700
.381044500
.335215500
.360236199
.375382400
.352522700
.354112800
.408785701
.400387800
.392019800
.335376500
.379364299
.361942800
.334420700
.368048200
.384614101
.368989600
.316424900
.379959300
.357042800
.309461500
.312145600
.360258300
.384634600
.387306900
.413226400
.350807200
.377998900
.396752700
.364956100
.343427100
.424962400
.382002200
.335554700
.314334800
.364037200
.421917200
.374255800
.368403800
.433516499
.389904200
.339554200
.324052801
.491641100
.379555700
.404450300
.403549999
.363159100
.322438200
.303427500
.328919900
.429894200
.389654900
.318967800
.341083000
.350663600
.369257100
.329738100
.380152700
.323502800
.329586400
.318986500
.303072300
.317611500
.319320700
.322156900
.389004100
.388783200
.328600099
.401544500
.312337300
.342591300
.396477601
.358570800
.366983300
.304481700
.335065599
.343262700
.356195300
.321232800
.320568300
.312861301
.381988400
.350854300
.426493000
.376082699
.392942700
.370490700
.361594900
.397361401
.374649200
.374913900
.388641500
.376560000
.373381300
.346947000
.294742700
.421633800
.353948200
.403403600
.341281600
.338024399
.351370700
.333089200
.338091200
.337789801
.344439700
.357378700
.428663500
.405103000
.371329900
.356130700
.327522100
.351974599
.349174100
.337631800
.335320800
.329389000
.324901701
.332604200
.326318600
.368915000
.376800099
.462786000
.339974000
.425043901
.380281799
.375148300
.326143900
.374489900
.405762300
.423717100
.325515200
.322729600
.341628000
.383628200
.398797500
.386925400
.374714801
.309799000
.324197300
.305904000
.356955500
.355458800
.302421700
.327625200
.308522899
.299967400
.336668800
.357428300
.354956600
.393107400
.387274300
.329464000
.294696600
.413733900
.319395500
.326859600
.332887500
.294490100
.370901300
.361007000
.292065800
.304589400
.333955899
.377258000
.358196000
.336751000
.367750200
.413056200
.312206700
.298659200
.306386601
.336880500
.438877000
.293016100
.287991900
.328161300
.344613100
.307427000
.315709700
.428864300
.410265600
.394434800
.338021800
.349731600
.360558400
.346764400
.285526400
.311145000
.295356700
.349868500
.302944400
.321859000
.323769299
.409272000
.434978602
.307249399
.365692100
.368621599
.323320500
.300566700
.298696101
.343430599
.288673400
.326627700
.321621200
.343329700
.371019300
.309818600
.312507000
.295084900
.347484199
.359719400
.415706900
.327557700
.429409001
.357004600
.366183800
.335322100
.327689500
.341737800
.324298200
.325273300
.424346800
.386285900
.330138100
.353951300
.371169300
.439819100
.351961100
.379081899
.409757401
.371601900
.301479200
.320116900
.334136600
.393529900
.360674500
.390964700
.786495100
.585221100
.744357899
.541781600
.506074500
.508733701
.496231000
.545285800
.517579400
.451681800
.416728300
.454131100
.505591200
.433503599
.454542301
.536467000
.373321000
.521383100
.500785700
.414056300
.407798099
.481173800
.538830800
.542903500
.643914000
.361753900
.698865601
.668007200
.430909900
.514063700
.463267700
.400859400
.418987899
.516177500
.450933900
.508088500
.517280200
.424232200
.509608501
.514800100
.498590300
.601444200
.418010899
.462248402
.466072300
.417662600
.379826600
.306107400
.365541100
.302005400
.308823700
.307357500
.304243600
.348075400
.343776600
.292361000
.347956500
.378951599
.316627700
.335125800
.336699000
.351536501
.398106000
.358604400
.358285400
.474219700
.366859200
.392200000
.362702000
.333344300
.405540400
.393218100
.339133000
.366977399
.407029000
.324245400
.375611700
.384611400
.357693900
.297700300
.341526000
.290577402
.321218600
.298468900
.303486800
.299356700
.332817000
.400490600
.366343200
.381787200
.302523399
.362535400
.397671600
.292829800
.296285000
.344641101
.290531600
.355342200
.358426100
.307010600
.289346600
.344704300
.358041000
.369458899
.449909201
.376212600
.343464100
.314727500
.438392100
.346786700
.420402400
.306727300
.327094700
.330830000
.375672400
.321059400
.379725900
.418100700
.348417200
.376088500
.361468400
.349963200
.364750900
.307276600
.353793800
.339779600
.335536000
.368034600
.393669299
.366892801
.376083900
.435363300
.353803799
.318949200
.309302200
.314241000
.293843300
.329847501
.325901200
.293885300
.298616900
.305187499
.344690100
.326293300
.385776300
.344860800
.342744401
.404264200
.297351201
.330337699
.347464900
.339687600
.344536400
.344773700
.303322300
.419826300
.365017000
.364391800
.357692500
.373573400
.361159900
.380997500
.386821500
.402049900
.356901400
.345822100
.408045800
.353043200
.364534100
.408163500
.391071000
.407524599
.390020600
.348315500
.349521000
.386673400
.384933400
.366591400
.422122001
.385397000
.302211900
.378979801
.346833500
.338383900
.378833700
.361554700
.428595000
.349611200
.379286200
.369366500
.439666100
.400373600
.321594600
.389773700
.374502299
.336205500
.347890000
.325459100
.383356800
.522177900
.367347500
.346748200
.396174101
.351573600
.356024100
.365565600
.399209499
.398244600
.349757201
.326734700
.385583399
.365346700
.387880700
.345602300
.399205701
.406127400
.320682599
.325383801
.418646699
.343942700
.339154800
.306386300
.326418001
.349890100
.301541600
.319131200
.325512000
.339282100
.382346500
.366797200
.366110601
.328900000
.404813800
.306571500
.341461100
.337616200
.359966300
.331857000
.326570200
.291163900
.359298400
.289005800
.363538900
.357046300
.399468000
.383665600
.438823400
.349927001
.356968600
.373826100
.314485800
.342440400
.379229299
.356673500
.327201500
.378006900
.363605299
.362344500
.391543300
.318139000
.460035401
.384708400
.337175900
.362592700
.362709699
.434551300
.315903900
.339875200
.351312901
.369523700
.350251300
.376999100
.433442799
.357307100
.295602000
.300073900
.387676201
.321133400
.366640300
.359407300
.423232900
.344543900
.332951700
.342711200
.333785000
.381764200
.343115400
.361462000
.351159200
.390669600
.473462300
.353976400
.464652499
.376376300
.367378200
.337694100
.373990701
.369181900
.329839800
.402057000
.405401400
.387548400
.348201300
.321873000
.420174700
.358324900
.353388300
.327169100
.396498400
.370901000
.386337200
.425739000
.402802300
.365638200
.339135500
.332418600
.368593900
.390866300
.338525900
.329019400
.312970899
.346516400
.326885800
.326375800
.306736300
.361372901
.377074600
.384471200
.331821000
.395755600
.355964800
.318807300
.353469200
.354682700
.468515000
.387048400
.368082200
.345411600
.352323200
.365868400
.418141000
.384473100
.366624600
.302982200
.369078100
.384775000
.334787200
.314829400
.327692200
.404796100
.332640900
.330987400
.332104800
.377220900
.406289099
.382599000
.359411900
.327470099
.315051301
.359303400
.294115100
.305521000
.364000200
.331889000
.325808400
.315652700
.336713999
.489849400
.396644700
.347960600
.367017599
.326085800
.318617500
.349602800
.324646101
.328660600
.348907100
.319859400
.296589100
.350956800
.311554300
.521376300
.404252000
.469489300
.381137400
.365779500
.390768401
.390506800
.351788500
.377190000
.350003000
.357586899
.452915500
.340311700
.384782400
.439840300
.342328600
.397626100
.359999601
.415255500
.365188199
.368823200
.355616300
.375592800
.320220600
.345674400
.339181500
.383302100
.407967800
.363698100
.366574200
.366420800
.375266900
.341166600
.297117400
.343452099
.326358800
.315641400
.316917900
.289556500
.328341500
.333059200
.291641800
.277389300
.357705800
.391033700
.364263500
.385177800
.375422700
.372537400
.384967800
.349327800
.361307800
.367782900
.341452700
.384368399
.400764601
.390072900
.415244099
.442423601
.380970600
.415214100
.325330800
.348130499
.365594000
.308138100
.351071800
.326228800
.318874101
.367883800
.347506400
.350790100
.346893000
.413544100
.336284600
.350075900
.336718400
.348396500
.336616700
.292119500
.315232800
.335323400
.332147500
.314923900
.321623300
.311621700
.393538100
.403891700
.340592600
.377795299
.382416600
.362883201
.402404100
.352108399
.378614500
.329320800
.291627700
.297004200
.346973201
.356627500
.372393300
.397271901
.375983099
.344096400
.289003300
.390529800
.357407401
.369852200
.392691600
.336717300
.357998200
.332097700
.306119900
.318454700
.400494100
.437503100
.309224800
.338845500
.341124800
.398580400
.324390000
.302497001
.310016900
.334457600
.331561800
.295084800
.332810500
.312918200
.403443200
.412727700
.347343900
.367802500
.363187500
.321353700
.292872000
.356629100
.331480600
.299800300
.471999200
.324927900
.352704700
.346451300
.322001400
.346271300
.358656900
.349136000
.331419300
.442884000
.349532599
.406802900
.373580300
.342845000
.375430601
.395558000
.342541100
.318007100
.345671800
.389764000
.366801200
.355468800
.311518599
.287676300
.361372000
.354538500
.375594299
.373930601
.306030700
.301608400
.349678600
.378146900
.353951500
.284749300
.367039700
.407337699
.360006000
.418968000
.369941700
.392825600
.378104100
.336760100
.359403400
.381056201
.455357100
.445043400
.389532401
.361822000
.426735200
.349266900
.369257700
.380284500
.356381100
.378947200
.435379100
.344149600
.380721400
.366921100
.397683900
.341635200
.350266100
.318023100
.378215000
.413643500
.375610000
.368290500
.382528900
.388707800
.316478200
.361297300
.323406000
.353657199
.402752300
.339574700
.294681000
.369710501
.383063600
.391011800
.352689800
.383012200
.325439600
.316982100
.399284800
.339233699
.340854200
.363281100
.338463800
.340408101
.364822800
.402533900
.333867000
.445801800
.424416900
