5.724758800
5.994822600
4.604774900
11.362433000
1.837849700
2.228186900
2.165211499
3.037944800
2.816064500
2.582580300
4.902846599
6.863318200
5.726378801
6.628361100
5.207058499
6.554283700
11.489447100
1.887468900
3.003300000
2.022679399
2.607743101
2.499025100
2.896686900
3.362924800
1.561468300
5.970843900
4.819034900
6.222121100
7.074161300
10.502255700
2.481933700
2.904702899
2.687394001
1.745748999
3.166040901
2.973079900
1.388623500
3.043432500
3.288768699
5.596622201
2.754329000
5.855331000
4.271120800
2.483869700
7.690324700
7.889082300
5.701552200
7.076087800
5.603815100
4.411694200
6.457345800
7.067687500
8.442333200
4.440380300
9.115334400
3.411350200
4.406795400
4.574079500
5.239642800
7.152860699
6.514182901
6.537124600
7.910791700
6.482044900
9.478818400
3.250752400
1.983319300
2.961327001
4.430226700
4.136310700
4.500933800
5.012346200
4.791044500
4.561324300
6.247078699
5.113354699
6.195998601
5.572404900
6.303249498
5.266498001
9.159624400
2.522986100
5.859732501
4.255330799
5.058891600
4.869136200
6.187580900
6.747184200
8.142519100
3.090962600
2.851795000
4.593339900
3.336004500
4.036007500
3.914441700
5.261596800
4.774662700
5.612961101
5.800897600
6.159530700
6.927083200
14.123425900
2.710092000
3.182988100
3.219369000
3.217805700
3.120618700
4.392592100
2.153984800
3.605038200
2.167185600
4.226193600
4.493662500
5.514819300
6.529404100
2.217655900
3.526005300
6.913942900
4.687971899
6.055653301
5.120933000
3.628334100
5.273071000
3.648152299
6.255748801
5.205300200
13.064925100
3.833015800
5.671554899
5.651493799
4.722294301
4.721732599
5.783186100
6.181449801
6.090642400
5.959699400
6.387887400
6.964960999
18.732055001
2.837515900
4.803109700
4.074945198
4.526200100
3.378012300
5.345892298
4.549946601
6.918481100
7.476782299
5.868077301
6.238510400
7.245756400
7.825763900
6.052431600
4.016837500
5.202442300
5.134344300
6.873072500
6.994494999
6.024590301
8.275191400
14.463560000
3.464301300
3.636166500
6.047950800
7.675119599
20.450874301
7.093902099
15.884287401
3.049387500
5.412517800
5.805685299
4.753543901
4.859713900
7.621774700
6.983513000
17.824286800
2.961425700
7.304569400
5.083036500
7.320537700
4.421973300
3.001742700
7.625677000
5.185417100
19.874489000
2.782595500
3.100229000
3.300976201
4.750416500
5.041496400
5.427521100
4.484236799
9.917950401
8.329302600
8.162851700
6.729121500
6.739359900
7.207511599
7.224874201
8.292553100
5.668928300
23.715601400
2.637083700
3.338907500
3.509880599
17.956325201
4.912531400
7.132274100
12.261713900
6.292012600
4.623874900
4.924945700
4.888940400
7.989437000
8.740998100
4.901307500
5.169573000
17.100245300
2.401826299
2.344673501
3.913788300
3.724510000
3.966258000
5.190621100
6.562899500
6.711729000
20.717285200
2.639782200
2.664028200
3.905278800
6.128479700
5.705937500
6.304188500
6.172748000
18.835772400
8.519880700
3.167619900
3.219426100
5.655592599
5.662841301
3.994389900
22.802718300
3.116653600
4.142438400
3.452753900
5.119362300
7.482299800
12.678087100
6.977044000
7.552226700
18.113940500
4.358619700
6.712346500
7.624392399
7.649440801
6.666924799
5.465439801
5.609129500
4.917895500
6.999323900
23.112221700
2.805516500
4.966460399
4.774876301
4.663443500
5.201916600
4.990519300
25.618947799
3.372672601
2.810037900
3.721101100
4.202262600
5.174460600
8.671421600
6.935454100
22.603504500
5.117393600
3.156804000
2.790210400
4.141208700
5.134690000
22.413199800
2.832204700
3.269275199
1.349017800
2.933951601
4.590289900
4.840812399
9.909131300
6.685610701
11.120990400
8.615362199
9.601817801
2.380225299
4.151761800
6.707272000
13.728494700
8.471326600
6.277094099
4.496883500
5.661542600
8.499593001
29.068326600
2.255892700
5.471042799
9.280161301
6.793420499
10.501860401
13.349277900
8.665182600
8.425237500
12.015474200
2.727768599
5.566188501
5.430116899
6.385549801
8.651313800
27.428029600
4.277366700
3.053151600
3.780114800
5.754656100
4.563349500
4.660256200
3.634908000
7.053186200
4.543075900
7.563441200
7.234300700
16.563909900
5.607662099
8.058391401
32.962613299
2.594463201
8.774019500
5.588369999
4.490898000
6.394535200
6.512881700
6.818859901
7.577251700
7.555976000
13.964419400
10.441190900
3.293439599
8.207781101
16.962312800
15.993314400
3.426026400
3.949227600
3.496607400
4.913601001
4.808760800
5.677458000
7.081886800
16.848513799
7.414775800
2.961254200
6.574439399
7.810971301
8.525940299
12.408675501
9.208950000
8.103194899
17.864883100
3.759334801
2.803916800
4.084995800
4.754719900
4.399881600
7.775129500
8.591493801
23.603815999
6.651973799
5.219360801
3.277935799
3.867372801
4.055311899
8.875492300
8.022703301
5.899497499
18.325130400
10.377172701
8.010273699
8.256785101
11.759372999
7.308822000
5.300894700
10.925045000
12.231561300
19.214822701
2.657314200
3.526906299
3.142161101
4.866576500
7.550228600
5.130806899
9.198428201
10.516535100
19.757062400
3.869420100
12.068586899
15.154301301
4.547603100
7.303532700
7.856370999
7.870919201
25.441720800
2.613977200
3.060353400
3.405469500
3.987366699
8.509384800
9.454275800
7.095828501
10.038868700
27.888280999
3.420852200
7.261326199
6.517173301
2.527638200
7.016604900
7.895597200
5.447074300
26.170285100
4.681415199
2.579779801
2.543333099
4.376464900
4.876059000
4.361094800
6.115019900
18.390423500
18.778786300
3.808453701
7.087163599
10.533427900
8.328634700
9.775214999
7.268759800
13.180446200
21.134638300
3.517066800
7.556933300
10.337467400
9.325747500
8.429821300
5.782544400
6.541454699
26.941108301
6.850891499
2.450042100
4.333246101
5.231457300
11.834223300
7.608990700
6.900586200
34.448082300
3.945293100
9.365433800
9.092245601
11.070576299
10.109704201
7.775172300
6.451462900
29.714690700
3.174772100
1.675513600
5.017739300
10.524809599
10.659144301
8.132673100
8.832556799
20.266181102
8.968845199
2.432002600
3.730849999
3.415607101
8.804316500
11.170875901
8.770123800
4.070486400
7.002173700
30.865344200
9.122708400
6.411583200
8.686825300
5.762121201
9.395991100
7.077955700
7.754124700
16.123180500
31.996814999
4.571274499
3.980982400
7.906138000
14.134242900
9.787441900
8.837160400
28.448116800
3.323319900
4.498713700
10.458093100
13.219264300
10.617755999
8.244308100
16.384348301
19.395121599
2.809570601
4.624121900
5.244428399
9.553828501
15.181644900
30.545213200
3.453754500
5.087644200
9.911489600
10.420612300
14.468082700
12.314203999
14.197345400
9.958339699
23.861300600
3.541381801
5.642194500
9.819665799
14.137381301
17.136492900
14.114876500
15.183760000
15.674111700
4.704263199
12.144310600
13.282252701
4.768338100
5.847798499
7.337111601
8.003185300
7.167431900
36.044673600
1.968526700
2.899291800
3.557507399
3.236203100
4.945539200
14.006671499
40.207649599
4.566425301
4.776909500
10.090730299
13.217667001
11.534214599
30.522572001
3.137407400
5.337935000
4.729542100
3.558303500
6.367377199
10.568352101
9.170710700
6.749012200
12.998499500
21.546071300
2.838376400
3.641593000
9.027212400
15.211606399
19.860042001
3.484415900
7.215088700
3.018675300
9.506095300
8.111477100
6.532279799
28.150758500
2.646246401
3.108082599
3.959218301
5.102327600
12.721715800
7.678290499
42.565436400
4.631864301
4.088814200
4.960118500
2.421591699
3.032571901
11.571145699
26.239700500
27.821082800
4.868440600
8.159489300
6.244009200
4.764672500
11.385525200
9.532172200
20.050004000
12.986475299
6.537104901
2.881963700
4.641184399
3.545955601
11.467904200
20.811174099
38.195843500
2.777470100
2.848891900
3.454609599
5.431913701
7.778188600
6.079957100
31.830282100
8.275236800
3.674324800
3.418827899
4.965667401
6.619213800
38.991592299
2.408252400
4.763051901
5.946673499
5.019091299
12.750644100
23.609186201
17.489656900
5.772582300
5.131097700
5.204099799
8.493891300
14.094765501
38.324094699
3.934218601
3.510551400
4.476853100
6.446647500
6.252151801
6.213561000
19.280140400
5.338502800
31.835382600
2.785685700
5.625919400
6.415657700
4.960228800
5.100253600
12.409493600
16.628572500
6.523931100
15.773430300
18.429217200
3.133532200
2.910635300
10.204363598
14.689899101
16.889780200
10.746497500
9.032989200
22.525853500
2.872107399
4.828811501
2.943861200
8.361422900
17.754263800
10.017335100
18.064860400
24.124565900
3.232759400
3.823822100
7.720267001
8.594039200
7.311680600
9.283108700
12.134451600
29.457329000
2.454096300
8.354502200
14.189097201
15.345078598
8.827296800
13.484012100
36.733115801
3.123133699
3.638010301
3.495693400
4.537609200
5.226081600
7.323939099
10.328063100
23.434943300
2.888447100
5.108211800
10.693710101
21.063839799
15.163450201
16.917645600
10.347525200
32.263687500
2.906322200
5.221401700
3.167658300
12.876863000
16.664748100
28.818531900
3.380775799
2.916990900
4.338675401
4.303840800
13.773535200
20.605223600
18.058143501
4.144597000
4.105077400
8.493726700
9.209143300
16.973148800
6.652282400
16.430999800
28.892807400
4.021665800
3.279290300
5.610918199
10.978330501
6.909296500
27.307967400
15.243481199
5.015847101
4.819339500
4.677543600
10.291501299
9.035714000
32.184854301
2.994776699
3.643477301
4.539920499
5.535024200
13.537623200
40.161306300
3.055252200
2.790312199
5.558695601
4.183043700
9.402715800
22.539501299
25.316591901
2.483611200
6.330759500
7.847491499
5.935446201
32.650578501
4.942342300
4.295084100
4.381804400
5.895557100
11.859296200
33.764712900
11.346565200
3.864732300
3.545244799
7.739452701
5.262406100
7.733926100
25.320805600
22.101858400
4.697422299
5.377500401
4.817536899
14.783781100
38.917372200
3.524075399
6.495122401
7.006195500
9.912486900
17.360272000
39.310865800
3.235284400
3.657571499
4.213690101
8.960538599
5.633672100
12.001395501
22.733392300
29.205633600
4.748583799
5.816884601
6.116035400
11.020772699
14.582193101
30.229474300
3.820892999
3.190434801
10.696730700
7.653200100
19.795744200
31.873890200
3.430906400
7.443867899
12.671907601
12.914101500
10.616864899
25.301953500
7.006015001
3.208209900
4.512380700
4.590370800
6.382509600
14.790462100
15.912222000
17.385404300
6.582813100
12.007635300
12.890914700
19.433685800
17.133831200
11.749603700
8.332690899
29.918877001
1.756071600
8.304332200
14.640033701
23.250657399
13.926786301
15.342640800
13.707745100
9.603832700
14.633499000
17.895701100
13.656253800
6.567393001
27.874940200
5.642919299
10.620565600
6.581816900
12.371364200
37.436899900
29.186543499
3.436283501
4.822277000
7.420439500
8.980719700
8.011674900
41.247010100
20.158980400
4.102320400
4.253928900
9.334714700
12.388516900
12.431628400
31.154962700
11.377989200
4.151888100
4.899359699
6.733612100
39.345276100
8.329261900
5.428787699
10.813372001
4.031530999
8.451847801
49.802416600
3.186582299
7.705483800
5.395118601
8.835356300
38.759781399
4.178554601
3.368594100
8.352465000
14.067435400
11.930434200
6.817918200
31.363313800
14.468796000
3.395519800
4.472967699
10.874134301
7.246180300
42.428027000
4.579663800
3.457861100
4.389481100
5.315266000
3.395327501
15.841721699
10.261846000
20.236437199
38.820554700
4.686800401
14.666761200
11.796006800
38.085079200
11.416664600
3.874189599
3.437648601
4.710578400
5.193588100
5.681491500
2.241015301
12.817333800
25.163072300
11.069541400
3.547575200
6.919248400
17.526308599
49.068936401
3.505621500
4.857425100
7.673809701
2.838857000
5.491363299
13.117258401
17.149036100
11.988249300
36.034046299
3.697372401
4.772099299
15.722561001
45.942264400
3.945603399
4.215574201
4.900039999
5.309074999
4.450654800
5.730648701
5.695082400
22.679644800
21.343767100
4.171338900
13.186338500
56.699975000
4.044700800
6.886906500
10.941404300
5.819947400
7.139725399
13.080318400
21.244911101
23.680501100
5.639545700
11.687375000
48.145332400
7.734043800
4.817024801
4.652658200
10.798913199
4.344748000
8.032280100
7.400036801
34.757506500
3.996175300
10.757768800
16.136619100
22.204762900
46.522370100
4.105182300
3.914802599
3.848676601
4.626254399
10.584671001
9.676711300
12.809723600
6.863092501
33.566072800
4.737197399
6.072020001
17.667499500
51.002648199
4.412974301
4.268687600
4.558523400
8.474183200
12.512362600
39.205729900
2.862480800
7.079673099
4.820429801
12.228200899
52.435216101
4.631734000
3.439995800
1.762224600
4.263805699
2.673765301
5.127916800
8.885214400
4.154209400
11.385118800
32.583449800
6.578218399
12.657169601
15.039618199
8.249291199
6.806405601
35.440435100
26.722856000
5.914202300
4.503127900
6.065915500
13.924645200
20.189749400
16.633428800
