.343009400
.254238900
.318394399
.408056000
.419124400
.325159700
.349562501
.315779200
.326552000
.309154600
.282431700
.333054799
.430522300
.320535400
.338886800
.373115701
.318230500
.293236000
.281098400
.230518200
.284592600
.277021200
.325785400
.290677600
.285823700
.270954399
.315754400
.281318900
.282876200
.273460700
.283633601
.283314200
.327722500
.276880500
.246455000
.292077801
.309806199
.320185500
.302191700
.244651900
.338280700
.271040700
.349360900
.270791000
.309938300
.324911200
.394437600
.269796200
.251251500
.283339100
.291988100
.294860800
.290044900
.277880900
.270379500
.232948700
.276623199
.270373900
.281046900
.237050700
.271197500
.405966701
.280588300
.269217700
.279634100
.313550500
.395699900
.273445200
.269492300
.235125400
.259356700
.275007299
.283321600
.278135200
.272239600
.236130500
.242111401
.313809499
.273628800
.277612800
.242316800
.271740700
.265611001
.285156600
.279698700
.294209100
.244090000
.302394300
.281183200
.283258500
.301268300
.271488700
.284037199
.289193400
.266497200
.273856700
.265469400
.273081800
.268164601
.274132000
.272318600
.268550300
.233217100
.361603900
.293680500
.286351900
.282899200
.276160100
.307328100
.300200300
.272440000
.245442400
.270576700
.268549700
.292435900
.261006900
.274542500
.273832100
.240722000
.361720800
.280811800
.272250600
.243380400
.281225400
.316786000
.295699600
.294668200
.287338100
.240396000
.295845800
.268148700
.277804400
.281752900
.245921400
.264051800
.278018300
.268852500
.267400400
.272381800
.275899500
.314030100
.281879800
.305847600
.268024800
.240992100
.235358401
.274163200
.294962900
.271123800
.272877100
.239056900
.297611299
.281549900
.269128000
.269872300
.270159600
.279781001
.300064600
.291457600
.288463700
.272791500
.253694000
.298302799
.308449700
.285497100
.279366900
.246460400
.281662000
.301277000
.296804100
.277397900
.267733000
.311503899
.280467700
.276354400
.273313100
.241315600
.237153401
.284052500
.280721900
.261690500
.239913400
.243435500
.305663900
.272039600
.273116300
.271117300
.295976300
.277455600
.299285000
.269926200
.278433600
.269212600
.274946601
.268532700
.288003900
.265436300
.290874900
.236577099
.301361401
.303516200
.265871500
.271239500
.244135200
.236761800
.272643300
.270255000
.285093100
.270425800
.276943700
.275708200
.285210500
.302592900
.268062600
.260978400
.275372699
.272946000
.288429400
.301129600
.243350300
.232751701
.279957400
.292958000
.246963900
.268137100
.253664400
.267838899
.350664700
.283454300
.235838800
.248220600
.238246201
.290305000
.280045500
.273100000
.242983700
.266503700
.391243399
.295784900
.265537500
.279403200
.268888000
.266731700
.269866000
.287694500
.270663600
.275715200
.264949701
.299840300
.294054000
.265550900
.264115499
.277875500
.300325500
.291923800
.272752800
.234169300
.308312900
.293188700
.309412400
.273084100
.278504301
.240393100
.282040899
.278679700
.276701500
.304029801
.267979400
.252897700
.295796100
.274619300
.243434900
.263709100
.248729200
.292875999
.267518100
.328851500
.274392000
.265923800
.285286801
.291314600
.289327600
.273051500
.265295200
.238099500
.290432800
.273561700
.265057300
.243817400
.277586700
.269085100
.294776100
.272730900
.279445100
.230113400
.243216400
.447757000
.295949500
.264650100
.271985800
.298572799
.300050000
.271293400
.270395700
.257105300
.245640402
.298526499
.320775800
.269799300
.250531300
.237366800
.311551800
.268734600
.270579200
.257811100
.283451800
.282913800
.291673600
.264981400
.267499500
.262960000
.281068700
.259733400
.269096100
.283591600
.282626800
.227600000
.287284700
.281107700
.271504200
.260763200
.279454700
.272115701
.270152399
.276325900
.295733200
.268982800
.240815500
.278269800
.291701300
.271752700
.281120400
.256867800
.263581101
.271984100
.272905200
.279802400
.300781900
.236928000
.271041100
.293154300
.280987300
.268783900
.241287300
.275059100
.400713400
.277536300
.289737300
.275725400
.273248800
.238866901
.280934300
.262923100
.270105699
.269103700
.332825800
.278148200
.297759900
.269182900
.276842099
.271743501
.269007400
.241505700
.276439300
.288938400
.318240200
.275321600
.288609000
.275195500
.267937200
.261044200
.286178599
.289441800
.293466200
.277106000
.231958400
.281606200
.269085600
.270277300
.269014700
.267426100
.264923001
.271691200
.280117600
.267461100
.234585500
.279314900
.276384500
.280380800
.273005001
.272797200
.235200900
.229314500
.277322300
.243618400
.274989900
.269157200
.243766000
.285789500
.280769500
.267779500
.232582400
.281752300
.238037800
.303901000
.272831500
.287741800
.238619100
.270709600
.328020599
.288344200
.264679500
.278717301
.241351600
.276897000
.301071300
.288751700
.267750400
.260818100
.236616600
.280471299
.302639800
.284018801
.246176700
.263313700
.272905200
.279530900
.283632400
.277240800
.235156500
.269034300
.273130100
.286358100
.261939500
.264974600
.241348900
.288342001
.263495800
.309089899
.298923700
.275718800
.260478601
.285665100
.272826900
.270313200
.276884400
.232895100
.299817000
.276698200
.271451400
.259956700
.241216700
.267563700
.274602600
.283761500
.277181000
.222933000
.238390000
.334063300
.283854400
.268718500
.245103000
.240294400
.276605799
.323571300
.275527500
.281061501
.275900200
.249201200
.284361999
.274484400
.265609000
.268965800
.236779900
.284965801
.299669600
.299919200
.279649400
.268642600
.312025800
.324223900
.288547700
.272241200
.276927100
.299631700
.284109400
.281434400
.273061700
.259558800
.269286301
.281345900
.271140100
.291504400
.268982200
.255584500
.315813400
.291135600
.278705700
.284655200
.242150100
.309067400
.277029800
.307579100
.272972400
.242515600
.276127799
.278497100
.290619400
.274788100
.271888600
.239250300
.294538300
.322576000
.275397600
.285231200
.242509800
.293810601
.313150700
.287363000
.268906300
.267723100
.264950399
.383333300
.285110900
.246539300
.241907700
.233586801
.266153300
.275010500
.271733800
.277464400
.273909900
.276848400
.295927100
.298223600
.278262600
.252676300
.291913500
.281324500
.282980900
.259726200
.267589900
.245582401
.274996999
.291739500
.272932400
.245697800
.239916500
.260540399
.276328400
.281739400
.285115200
.287606701
.240937600
.285952600
.282803000
.276718800
.283609900
.247017100
.298420500
.270381400
.290273800
.276293700
.252424700
.277009600
.276142500
.252138600
.283836200
.241565000
.274441100
.284742500
.279881300
.273052800
.280037300
.316608800
.300138200
.328401500
.275283400
.277310800
.272777800
.269133099
.375536400
.277065200
.283332900
.288375300
.288629600
.287867300
.264639800
.269079600
.248894600
.269014401
.270336900
.327706000
.270828400
.290271200
.241503899
.303584200
.270808700
.289533200
.249995300
.245518602
.290418699
.295041700
.283659701
.273056200
.246395300
.278825200
.275634200
.287852700
.260900500
.267676500
.273066500
.287737800
.272756700
.272488200
.265118600
.250174300
.278182500
.276829700
.273249000
.282298100
.230530500
.252455200
.277954000
.275712100
.272986200
.300502800
.271427799
.276134400
.305182600
.299560900
.272796800
.239474101
.268200400
.277243000
.272468899
.337199500
.242713000
.293623301
.275518100
.435506200
.288629700
.246858000
.266437299
.267765400
.291411800
.273405300
.275642200
.239702700
.285892201
.270733900
.269485500
.276396200
.239490600
.268356099
.313746100
.283661300
.287086100
.241219000
.272751001
.291117100
.274686500
.269067200
.262410300
.279865900
.308409700
.272749200
.268429500
.265368800
.241379000
.232226801
.282119700
.269273400
.283907000
.280310500
.244345500
.291896600
.271439900
.265077700
.272698500
.275457100
.258504600
.298501500
.275580800
.269110000
.278849300
.233099000
.272368399
.265186000
.273282800
.291688900
.242468000
.278828101
.280897900
.369701600
.268956400
.236507900
.271797100
.281182300
.436751300
.266370600
.267749800
.264727700
.279283100
.269464500
.262622800
.235519900
.224033000
.272501700
.259763700
.284985200
.264703600
.241491100
.243325000
.301826300
.276166000
.269278900
.263892000
.235758500
.302868899
.282585800
.275657100
.276241900
.271768100
.277382101
.264361700
.271552100
.281293700
.269691900
.291776400
.297112000
.280070900
.275394100
.292121800
.271314200
.276226800
.279193800
.281447400
.268980800
.267424600
.281275199
.264220800
.299462100
.273603200
.281068900
.244583101
.295096500
.306422200
.235252999
.264261100
.241105000
.277799200
.288884400
.286639701
.281279200
.243271400
.277753500
.272855100
.286574100
.274905400
.279165800
.272872799
.274960901
.273338100
.294543300
.248035900
.266880400
.306457200
.283868200
.288999200
.277706200
.268724900
.253695600
.297186000
.278057600
.277484500
.276877300
.235413800
.300629899
.269758500
.272829800
.269179900
.284911700
.252188301
.287531200
.278011300
.280109600
.293182700
.279814100
.281534900
.283195000
.327537100
.272092600
.250648499
.314276000
.268534700
.273121500
.268019300
.264814700
.273045900
.278586500
.287922000
.278718600
.244939700
.277437200
.303630600
.273574600
.308372600
.240948000
.277683100
.280197800
.292645800
.275233900
.237561000
.247015800
.269754599
.288780500
.269057500
.287331900
.254576800
.273290801
.288587500
.304698200
.272894100
.263692700
.239451800
.296644799
.317135300
.279356502
.267952500
.244515298
.291866401
.284980500
.284833700
.276901200
.267890500
.242959399
.334251000
.286981000
.272338800
.272830700
.239914102
.296613699
.298863100
.293196800
.253780200
.283744100
.286617000
.274875900
.294420100
.272053500
.238915800
.276243599
.276909200
.281082900
.265731500
.273479500
.240845900
.273243301
.272398000
.268922500
.272387400
.267402200
.275614800
.281164300
.307323600
.277437400
.274510101
.260402700
.270275200
.284187299
.281582600
.273091701
.253012099
.301651500
.270771701
.276179600
.242192600
.279315600
.256466100
.271571600
.262283300
.274316500
.234868400
.239527100
.279121500
.278784300
.273577900
.279031800
.258641300
.268048700
.275983800
.277273800
.270302000
.268090900
.281453800
.259606400
.288009500
.274017000
.270263700
.277114400
.274879400
.273765500
.280608400
.234595700
.266368800
.272128800
.271852400
.296391300
.270276100
.295851000
.275425200
.286940999
.284666900
.273729400
.290885200
.307207500
.269878401
.298812900
.272641200
.276841200
.308802000
.311494899
.272798100
.278548600
.261050100
.239669000
.275632802
.282993599
.298516700
.272638900
.276451500
.248432800
.276031500
.279682500
.272898300
.351632400
.242917999
.286384100
.286777201
.356651300
.276867400
.235931300
.285961700
.283401700
.285487300
.289827300
.264776800
.268599400
.279558900
.293186100
.268719900
.239234100
.264865300
.279534799
.265004000
.262775500
.268960600
.268942100
.226320700
.281120701
.294404300
.272812800
.238816600
.286322400
.290345300
.278944400
.266027000
.272411600
.275047999
.228387301
.277567000
.263594200
.284155400
.232159400
.265308200
.270663000
.298205800
.267587400
.284829100
.229930500
.245870400
.290272400
.284985501
.286376600
.241649800
.277929100
.272220700
.288773000
.301703700
