.350204100
.324564600
.304228600
.296746600
.311113300
.335839400
.293299800
.257807500
.309366000
.315556500
.301726100
.299721900
.254637900
.297630100
.299669800
.300838300
.308336000
.252447200
.260686699
.351156900
.305752300
.296596100
.254113600
.253495701
.312778300
.321859000
.290759500
.240641099
.318243500
.295878800
.253020400
.256470500
.275014600
.306477000
.336710099
.256968100
.326910200
.304609200
.264601500
.250601101
.285868000
.255037200
.253697700
.257265100
.263765901
.320385100
.254143000
.289684600
.328526600
.288860400
.325747200
.310435300
.242020200
.245008700
.280913000
.261473600
.330659700
.262039900
.258455300
.267502300
.304508100
.295789700
.311593200
.244541500
.255504300
.243016800
.294661700
.300251600
.312268600
.274264700
.296559599
.270417601
.318501599
.263863500
.252891700
.279179702
.444874000
.265122400
1.075808300
.417229500
.307475300
.252355100
.379480400
.301181900
.324842000
.258677000
.259430900
.259587000
.345154900
.248211900
.251852600
.323067600
.258153700
.304870001
.290229800
.283229700
.251467300
.255639500
.248510000
.299547700
.252212400
.285267100
.277539100
.283893100
.308446800
.255388400
.259901800
.281117200
.249723400
.288525099
.251397400
.256011000
.257883400
.240230800
.267466501
.277458200
.292417400
.253191200
.256560100
.264631500
.288615300
.246026300
.288166500
.288410700
.253747600
.291548199
.256406700
.294305000
.306991300
.267274100
.254472601
.311599699
.268434600
.293976200
.258515900
.249995301
.303701298
.249185600
.251899600
.250965000
.259909400
.256102201
.299694700
.300800500
.262423100
.255958500
.257070800
.294003800
.260846100
.255028600
.249156600
.263519300
.259641100
.282352600
.300685600
.248444800
.233225100
.281387200
.250664201
.286140000
.256388400
.236346200
.262534200
.243706900
.253181699
.296398000
.239132600
.245670500
.249463000
.245196601
.262589900
.292814300
.268037100
.288776600
.258817800
.293194800
.250293100
.260381400
.282091200
.243108100
.252309800
.282210899
.249612700
.305926100
.257023599
.238607000
.305040100
.340840800
.287108000
.256895900
.256829100
.280726601
.284364100
.245466000
.245068800
.259105300
.254398900
.242718901
.316839400
.259501399
.241799300
.254437201
.254730300
.285753200
.254547100
.248891800
.247930400
.292742800
.295606800
.255591500
.280585900
.247284900
.244019700
.251212200
.256991900
.279547100
.261298399
.241785300
.257057400
.312016101
.288447500
.294603300
.251053900
.350292700
.301498999
.319560800
.299286200
.258177199
.250437700
.255503300
.273172301
.306437400
.262389800
.249423300
.257975900
.303406500
.289519100
.280391900
.252297900
.278803900
.257488300
.275745300
.306744099
.311078200
.248542700
.247702201
.267606200
.297594300
.250632100
.251624100
.246235200
.305591500
.316230300
.261403100
.247717499
.247628601
.259525399
.289527199
.298307600
.287207499
.249132501
.239463000
.338836699
.287126900
.265832400
.245208800
.237915900
.347098001
.250027700
.250427900
.250830400
.263892500
.251985100
.280324799
.302067300
.279692800
.253562300
.242629600
.299286801
.274347800
.259275200
.257460900
.247611800
.252101600
.284996599
.256067800
.255937300
.305178801
.243015800
.284599200
.296375000
.300894700
.258554000
.239799200
.244705200
.281539600
.253344300
.256563300
.241168600
.247270400
.253081700
.287507300
.278092200
.297988800
.258711200
.251710600
.286321400
.311787300
.305683900
.253105100
.245137600
.287356899
.334528000
.255126300
.248125200
.255934800
.253489801
.249787200
.275767800
.259185000
.239734200
.263169500
.358565899
.286028700
.282361700
.265738700
.315760500
.321795801
.292165900
.253097700
.278069500
.246256600
.255057300
.271791100
.286700600
.250816800
.251748600
.261347100
.295927200
.284267400
.245063800
.284752900
.256623600
.297274100
.291792800
.241430600
.243071000
.267056600
.252955100
.247656900
.299599800
.281989500
.266976700
.251497200
.242634000
.307683400
.299092100
.244475200
.262894000
.244385100
.299257300
.253924300
.275071100
.292344300
.250254699
.250381001
.277882700
.300690200
.252159600
.247431400
.244489799
.270403500
.304686000
.309655600
.270313500
.246256500
.267161901
.296427700
.235137600
.259841700
.251936800
.256958600
.265283500
.264440200
.288373300
.256304800
.254129400
.292095800
.263083100
.246006800
.247894500
.241535200
.285275800
.282831300
.251294000
.289552900
.244577100
.241798900
.260468800
.303893100
.295859100
.259672000
.238065800
.257246500
.291177700
.248376000
.294036200
.284386600
.258561700
.245886100
.241188600
.270013200
.254081700
.247747600
.237693000
.245963800
.279400500
.289598000
.282718200
.255480900
.245044400
.243671200
.270772600
.289482200
.251324500
.260227100
.258360500
.290557501
.248557200
.262560300
.266420900
.275253800
.251646500
.316339600
.257342900
.276872800
.235329200
.257214200
.242302000
.309230800
.258088000
.249491500
.250519600
.334097099
.295589700
.247191400
.257108800
.243020200
.257289701
.278444399
.280456300
.297618500
.262374800
.256072900
.266569801
.316021900
.250498700
.241303100
.253704200
.238248500
.283773500
.301828400
.250354900
.282940400
.250573500
.287422500
.274296900
.260796000
.246334300
.254568500
.242720800
.302152601
.255504900
.242380700
.246296900
.303987900
.265474300
.286009800
.256031400
.247942600
.243704400
.248164500
.284142600
.251497100
.243656400
.263470400
.242809800
.257521200
.257736700
.289374700
.236728000
.274991800
.249156600
.274855801
.245421300
.291232400
.281385200
.255485200
.255062100
.302053698
.272702600
.271091500
.254899700
.246413300
.289534200
.240600200
.276073700
.280585800
.256689500
.235642600
.302999700
.265386300
.238843800
.241772600
.293593501
.288349900
.285550900
.279747500
.250259400
.258905000
.247848200
.246766600
.295694000
.275328600
.246202100
.268699600
.241728100
.249572200
.250929700
.244067100
.252177300
.242527600
.289002500
.297429500
.246218600
.261548000
.275590000
.247649300
.305179900
.308533100
.251553000
.258199300
.250283900
.288792300
.287375800
.258652400
.251946900
.241377300
.247979400
.241357500
.293976300
.255676300
.240077100
.292075600
.248966300
.279486500
.313543400
.309515000
.279754299
.239799501
.281888800
.297788000
.246976299
.284130800
.255606300
.277500600
.246194300
.244376900
.243240900
.248888200
.239596000
.299498401
.288423000
.243938900
.244118600
.283797800
.312520800
.254701000
.244854700
.277852900
.253961000
.255704700
.272650000
.313124600
.287769600
.238948100
.246902500
.235515900
.323619600
.247990300
.244282500
.249057700
.243816300
.299480000
.284569900
.288707300
.298095300
.263195300
.308985399
.283095000
.271162700
.249779300
.258135500
.249002302
.277208200
.304722000
.255866700
.256617200
.288459300
.246973000
.262591100
.321131200
.249889100
.246079900
.245894500
.278961001
.304522900
.268004600
.275809200
.262226000
.292249300
.245183200
.238593300
.251982100
.266793000
.253622500
.292190299
.293692500
.320584800
.260146900
.232772300
.296062001
.243733300
.249528100
.249627200
.249917200
.245745100
.270608100
.360274900
.262407300
.278483400
.244824900
.294710800
.260087600
.278134900
.266526800
.251115900
.283099099
.320409700
.255410700
.246890500
.259769500
.252539102
.280615599
.257646900
.244080900
.246009200
.274761400
.355057501
.300665100
.281349800
.238760700
.255234300
.247661800
.310595801
.296166700
.244976800
.251927900
.244102700
.254661700
.251748700
.241908500
.252064100
.258174400
.239973800
.247863200
.307400300
.289143600
.255288800
.323638400
.262197700
.293001300
.252287200
.254509600
.245655100
.241767200
.246749799
.251862000
.288020200
.256962800
.242195400
.246900402
.298618000
.267454900
.247052800
.274512300
.267732100
.284358199
.300307300
.276534300
.244950500
.266239600
.258640101
.260389100
.283260000
.292581600
.248306700
.259108800
.258576300
.303239400
.305622000
.249065300
.246105000
.245389100
.265509900
.264836300
.284845200
.256658300
.248313700
.303138699
.257796100
.287547900
.248558100
.242774400
.250884199
.252992700
.246849700
.277026700
.259164300
.256061200
.264571200
.308402300
.289550500
.268370000
.245801900
.245980300
.274639500
.289122500
.250607200
.309071800
.301691700
.297256700
.293137700
.249218100
.250731200
.250469400
.246781600
.233600100
.287715200
.254157300
.257275400
.241975600
.287297500
.292463400
.237418100
.291049700
.262228100
.246009100
.278496399
.261955300
.293993800
.277965800
.266265900
.290134901
.247641700
.277804500
.248612000
.266980900
.253531200
.320172800
.294318800
.293462400
.244955100
.265295900
.228122199
.274916000
.296322800
.341543200
.246561200
.298267100
.281861900
.257826200
.245867200
.243783400
.259883801
.299385798
.294651100
.253542700
.240257700
.282426201
.247573599
.242148600
.290496300
.292332800
.232989700
.260582099
.300493401
.313066900
.309022501
.256691998
.253854602
.256829099
.301088200
.281404100
.247302400
.258240700
.251166100
.243744001
.296368600
.278916000
.257581700
.253464500
.287151700
.305066100
.252175600
.252697000
.255113100
.249704700
.299079700
.261372100
.237706800
.250249600
.242361900
.293166300
.244407700
.285879400
.253699900
.329777900
.261899000
.294117800
.305552100
.258153400
.236593600
.280317300
.289949199
.252597400
.251794800
.255135800
.257047601
.255886300
.282540699
.249049500
.287882300
.250736400
.247456400
.313363100
.260084600
.254999800
.253152100
.255829200
.244598400
.281248399
.244317800
.300015700
.256614800
.256171600
.247916301
.244431100
.274938400
.252266500
.265048500
.294409900
.277286800
.248573200
.286793300
.306031500
.259586000
.252985300
.242446500
.301808600
.255869500
.266097500
.258960600
.302910799
.246268900
.293490600
.253448600
.245075100
.250595901
.292416500
.241770300
.290334900
.250375300
.241445700
.355857400
.268633400
.262422400
.256043100
.262365600
.291830100
.303099600
.283807900
.251230000
.246320600
.269156000
.270649500
.286707900
.290269200
.247883400
.240252200
.244302299
.298708000
.279909200
.248362100
.253696500
.254740500
.297474100
.293106800
.249277700
.246742300
.260420500
.339166701
.252775600
.300893100
.256232600
.236822500
.254243800
.286608101
.293990500
.249059600
.257433700
.303893900
.250089700
.347086400
.252713000
.299732300
.262264300
.286027400
.288464800
.271377000
.247363100
.253992400
.241252600
.307328800
.247303700
.874540400
.246730899
.306880200
.308831800
.262581800
.270395300
.308239601
.285980000
.292511500
.251095000
.259493300
.244642100
.301016900
.330041500
.256504800
.255957400
.267550899
.300402401
.252618000
.242765100
.279824600
.256133600
.279058900
.256637900
.293294900
.244614600
.234791500
.246784200
.280954300
.249115900
.287259700
.244835100
.271736300
.265166000
.302947100
.238620900
.280199900
.253469000
.243841200
.312088299
.297444300
.333608100
.252601600
.246788200
.296155001
.326127500
.241178000
.261141300
.286897800
.252937400
.252992901
.241383900
.287662500
.249503100
.250657900
.278547700
.262107800
.271442800
.263452800
.244228000
.259846900
.254322700
.298821200
.300484800
.244658300
