.801740809
1.233978998
1.322401018
1.231613492
1.223814500
1.243336065
1.231349119
1.218197640
.759398957
1.256406733
1.260140144
.766427412
1.223632592
1.238394880
1.245729388
.765355394
.750127195
1.229363568
1.247798277
.751719324
1.243326365
1.219322471
.764377758
.759110105
.767518445
.759945530
.760853777
1.220909020
.770760557
1.197435408
.772471551
.773534763
1.233900651
1.220691298
1.238927000
1.232738367
1.223987566
.769574743
.750036991
.770316829
.753285769
1.314322307
1.216340546
.763675585
1.298070352
.879262790
.753393031
1.212373696
.748295624
.745290060
1.193940981
1.221253363
.750506661
.754534789
1.218827897
.787236852
.759353637
.761221441
1.292319932
1.068309826
.715962423
1.392617158
.756531388
.765182586
.751781309
1.205862566
.751264137
.403404242
.761409318
1.207565547
.751104282
1.209748977
.774813895
.761956529
.750488189
.754148237
.762265069
.755984989
.758539754
1.342853483
.759522549
.737358293
1.214619239
.758930599
.755240736
.402120122
.746464267
.749171098
.752377453
.749651638
1.264366977
.407752926
.753135245
1.080470154
.639509878
.749975375
.748338131
.407472374
.755206857
1.216122151
.737363700
.760161804
1.216125987
.757558415
.749241154
.750342330
.745281484
.774668002
.789783135
.728960451
.765642226
.769347348
.759195052
.776115801
.756201081
.843328698
.764986898
.766296740
.746157007
1.220922237
.742705968
.765973955
.761490455
.754067095
.750052140
.759387546
.766201086
.749408167
.841284285
.766408992
.751309116
.749265558
.771988173
.746585622
.749383298
.763539068
.757728577
.755308508
.751313633
.761410151
.764191162
.750436469
.784275573
.759296842
1.216304823
.762350620
.749512426
.755084062
.785606093
.745834788
.766471863
.762317377
.758369585
.753343119
.767221706
.934308760
.757295533
1.245196966
.750345629
.749239819
.747307946
.763043792
.750767787
.767796491
.750204580
.764417698
.772259447
.754843715
.779491259
.756299081
.762605508
1.251820004
.766328152
1.239680271
.417077251
.765382875
.769169873
.786177458
.751514683
.767052893
.959474252
.764805478
.769624146
.772635871
.765941131
.761730953
.759381189
.773687195
.771014818
.776356718
.770593222
.776242496
.774155315
.781413367
.771344321
.764229581
.776086856
.768889882
.761228745
.772305637
.792135565
.778007780
.758931781
.772388860
.775654866
1.232810025
.810085863
.767677655
.780576876
.759730602
.771867445
.777830169
.761001308
.399332746
.771149377
.750276371
.773962808
.766307510
.759489403
.778806967
.764029924
.751379400
.774640232
.764375364
.766411821
.770079248
.795119529
1.236383406
.778158024
.762349277
.770344318
.793344409
.807501949
.758680534
.772233285
.771288414
.759271315
.777641836
.770077143
.965336095
.760206322
.762341384
.762360504
.756068701
.763222607
.756938280
.767404214
.778674921
.761970698
.767349043
.764095667
.792452605
.764492165
.931918534
.768432106
.763026780
.760689478
.762783557
.769713601
.754616186
.777887572
.760757642
.772936061
.777755133
.766842063
.777302897
.784291020
.404098930
.767863234
.772307243
.753034523
.769121451
.766658791
.792699749
.771458275
.724040426
.777431569
.757043433
.781628299
.777061407
.409296486
.778812213
.759302021
.767203261
.748617372
.764866932
.788246502
.767010982
.761006648
.794214460
.766456267
.763770644
.789477330
.408574988
.764677326
.764899406
.792335332
.766978524
.767869473
.799582784
.761769165
.768148708
.774298298
.782236799
.766523927
.785253669
.410266754
.765946894
.765464788
.774505029
.761027003
.762326295
.779563363
.773563150
.772873836
.786608321
.789528576
.771649439
.776958440
.410440774
.774524819
.773180872
.764825314
.775464587
.764200230
.848357589
.870815211
.768584458
.774271677
.774421554
.765192023
.766162535
.404167406
.779263590
.760359853
.772181267
.775893581
.777642942
.772089109
.767718599
.779671912
.781438082
.770413025
.793305988
.776257150
.400512501
.772597519
.766992567
.763850681
.767791586
.684354467
.752049231
.766937133
.778068471
.779938639
.775005706
.770946994
.777149620
.420244427
.758147865
.776304317
.772939231
.765307179
.770300595
.848347082
.697970469
.855142825
.767105926
.780844849
.747106340
.779906502
.411072742
.777263230
.763255954
.767731364
.778036585
.756481849
.783729965
.775629316
.768282474
.776037700
.786031680
.776228733
.777272536
.418001420
.772419256
.750072970
.772629417
.708128639
.773187917
.766306242
.768755239
.763310001
.787003754
.771980106
.771356297
.777208732
.944712188
.766268363
.765298902
.786631302
.756746573
.775153294
.776143628
.408200527
.778394907
.761791217
.779590193
.779822671
.762847932
.792354217
.769021591
.785766175
.795168859
.786282503
.792243126
.786158661
.413299794
.775187318
.785222580
.792151508
.782022132
.773243615
.860192682
.812177978
.779647519
.779319388
.787751937
.773081603
.789244801
.407856533
.792377992
.790681141
.774625798
.787732813
.785771426
.416082185
.783337848
.793305955
.783404836
.780824766
.786239394
.796426057
.782066514
.783342324
.795477547
.796419479
.779555469
.802087983
.407602627
.802214085
.778239109
.782003505
.785627920
.785275795
.420310161
.788532565
.800745248
.781765523
.772921229
.787960424
.792412677
.788746754
.784550791
.786505880
.782854969
.796960548
.796545311
.416838611
.789031617
.794484349
.775569384
.792188230
.789625102
.418952100
.784480119
.792527414
.788201285
.778058269
.776609679
.804951446
.776670125
.746798913
.793017793
.784477554
.793608152
.796915609
.415122340
.795094667
.780342415
.791126465
.777008093
.781752777
.415064714
.795723729
.778244117
.799214879
.803225735
.774621024
.803784807
.781184723
.777184262
.796200881
.789501206
.788917575
.788729583
.320573110
.862234318
.780341461
.779301129
.783857414
.795277382
.411698646
.791771797
.794508141
.785351840
.783270836
.780209291
.935971470
.781258532
.785263567
.789612131
.768883438
.788659405
1.337777996
.418288529
.785641049
.784076328
.790284625
.783139818
.787897724
.791095474
.806414672
.780451891
.790167974
.796424135
.784131632
.799063574
.413344332
.792493125
.794176368
.783371398
.787010095
.711874672
.830342938
.798508718
.796037614
.791594241
.784202274
.778831659
1.343277411
.423198637
.784813607
.785027248
.792020429
.791628268
.785078749
.801996250
.783532597
.786853462
.789787804
.801231385
.789001429
.789034037
.409531239
.789105074
.784148579
.778227343
.776439977
.795441984
.420306297
.783682247
.787186813
.783164579
.788600778
.781621420
.965099103
.796784947
.784580636
.785196742
.670904248
.860942147
.789706716
.410938187
.798028763
.786255870
.783341156
.779588426
.808614848
.786712657
.793611068
.793712528
.789568276
.785369250
.797787876
.793472971
.415370408
.792840165
.790115742
.786403187
.786742246
.798336932
.421432063
.787896111
.789974423
.782065098
.799306952
.779346735
.955879062
.796469737
.788113289
.785859901
.800019246
.790870349
1.353277314
.414220971
.798291473
.788141699
.791068312
.785318456
.793789050
.784529363
.791972967
.798727760
.782748780
.778992944
.816057707
1.276120996
.573358751
.817416403
.825035287
.813955995
.847187898
.835570507
.837663010
.813406356
.831222343
.835803178
.826122783
.855431729
.821662630
.824031329
.832105458
.833958257
.821577455
.863101304
.825075583
.829124019
.843533534
.817518516
.833036868
.850457621
.830582949
.867441046
.791604762
.826489473
.846581928
.824600396
.839900444
.826216177
.827969429
.815217996
.829380697
.835243215
.823874685
.824829246
.825690854
.838369324
.838932985
.870123592
.827458757
.833674393
.827645651
.825020558
.831091112
.851155395
.833077273
.837834080
.832269076
.810051122
.827194294
.840958849
.834269067
.828702306
.750155688
.842206879
.833840410
.836988173
.853090866
.830607747
.826880815
.827563118
.830386341
.833847032
.832751484
.824973451
.833229861
.830714976
.826276261
.828282434
.833070976
.823191122
.833266785
.825259097
.829088166
.832013626
.824574771
.834984355
.833320810
.823132855
.829967648
.828365373
.836685082
.829199492
.832563493
.822888352
.830752971
.820354763
.832961523
.815278518
.830889714
.827049224
.842979232
.826593562
.822480919
.830377628
.837400869
.833435954
.829566184
.829295667
.817961132
.823782096
.828165381
.829267993
.823519929
.842630142
.829709552
.830557400
.829144156
.827144698
.843409934
.832618775
.832517457
.819639915
.820676525
.831776434
.832012974
.845452137
.841127077
.813459600
.840149639
.842052044
.839360546
.854827364
.820121993
.825993535
.832941105
.835561441
.835316971
.822341518
.823108662
.836830953
.825732824
.823822429
.833519165
.827510927
.837710278
.840788469
.825210279
.825025298
.831159715
.858496407
.847096147
.830212985
.825015646
.831433998
.840282647
.827268822
.832557363
.815056560
.830277828
.834713217
.836222759
.833567233
.819274243
.826209729
.821881729
.833248265
.822254563
.833265731
.831334812
.828359378
.828991070
.824136800
.827685004
.868585533
.841305828
.836478037
.828877273
.824755245
.834488069
.833696470
.840221523
.824188444
.831974684
.817414168
.843314292
.850830317
.827815398
.838236282
.818974072
.835318232
.835147345
.826726950
.828152644
.826394131
.836494799
.826319384
.827739437
.842571262
.829565139
.834710152
.841094176
.825799537
.821224696
.840331333
.840113191
.828672515
.830292128
.825167455
.834035265
.833122721
.836579803
.815664971
.824712173
.824384737
.847249757
.854207601
.830324762
.822577824
.828035123
.843266854
.836778852
.831590831
.822555450
.826111270
.836927446
.830105408
.837811926
.848876734
.827796463
.825217536
.845338488
.810332633
.823285417
.852688463
.826659497
.838431625
.819078740
.842178984
.825085059
.832591163
.839479038
.828799718
.827047348
.822681029
.843517612
.848587430
.829363846
.822245033
.827072850
.836761523
.834122168
.827604088
.827538605
.813882337
.836724473
.831064302
.832917485
.848321431
.834390714
.837303298
.833553958
.822316630
.828719620
.841735484
.841258016
.821748802
.820745123
.826687074
.826728758
.842119886
.846271269
.821941069
.836215934
.825885840
.839854542
.830091969
.832434872
.824269541
.830259074
.840571987
.828844035
.840810078
.829745062
.824349792
.833417235
.832729549
.826758577
.830938593
.834239364
.836840195
.834360239
.815035674
.832878148
.838968236
.842208636
.832357264
.818238117
.835776921
.846300926
.830201334
.839195580
.817361653
.838845091
.859155444
.841564780
.832984413
.833786248
.824371126
.822446107
.838673089
.831553197
.845582703
.814718761
.823124827
.835456642
.822984724
.842209710
.844816635
.834370257
.826708410
.832841537
.824416364
.829126980
.834204811
.844758020
.833687508
.819635471
.835872487
.826525565
.830533162
.837461068
.817804746
.833756980
.825753362
.832989028
.822851581
.828926514
.813463778
.837720418
.840923369
.828514817
.820002999
.831203586
.822359240
.840052847
.828602301
.827681361
.829255464
.841192855
.846320234
.855099343
.841392328
.848335280
.855567667
.850736376
.848530693
.844212916
.844220948
.852997678
.846731361
.850723183
.874526728
.806803432
.837154476
.847383651
.853084067
.854649228
.836285476
.848532787
.852543715
.861111140
.841707432
.852799371
.827548416
.847061933
.850783998
.857405498
.856899444
