.414265400
.434826499
.421822601
.473821300
.414037499
.462867701
.474652700
.379318400
.409505000
.399885001
.485311100
.369517300
.426621299
.456597800
.364717700
.392809200
.398805201
.453466600
.374984300
.465753000
.362618300
.462820000
.383317200
.365103100
.405518399
.363652000
.380824000
.366194801
.402412500
.423389500
.366214700
.471830701
.387765000
.382447800
.355137500
.495940000
.378356700
.372932500
.358619800
.379784500
.433140800
.341461400
.418291000
.370127000
.375147100
.395131400
.392105399
.399094300
.404059600
.361891100
.400164600
.328717200
.396356100
.370820199
.413729900
.391182700
.361647000
.412044801
.427014300
.418371600
.400521200
.468369300
.520928400
.488807699
.602079101
1.357991900
.575997700
.386080800
.380457099
.398680700
.364209600
.390235300
.396716601
.352197200
.395028900
.382809500
.429736100
.417404400
.380314100
.411459800
.350853700
.432097600
.370890600
.391183500
.392997800
.415630400
.339219700
.400393500
.370835900
.367181500
.359877300
.376368599
.360735600
.367219900
.348896300
.376269401
.348570700
.354279900
.421701700
.429891900
.354757600
.356732000
.404205200
.389920200
.383018800
.433016700
.402948000
.375497300
.368838500
.354385200
.423777800
.423376100
.350173300
.391129700
.433798400
.396653200
.345899100
.354975400
.396914500
.395045900
.400327300
.380086800
.404179300
.437811500
.380677000
.401956700
.445805799
.350152100
.380183400
.372974001
.373094900
.371476799
.390374500
.420066601
.395347000
.379682400
.399049500
.304843699
.389893600
.348381000
.391011200
.384291300
.395492200
.350882900
.374466799
.358891001
.336898300
.384727700
.392041200
.362929399
.555867001
.362122200
.397199500
.389739400
.351027100
.417312200
.413511700
.370570000
.399496200
.398805300
.395521900
.401978500
.395598200
.384306300
.422888100
.431347200
.356215000
.384969100
.428644400
.391942100
.389301900
.374990399
.392209400
.398851700
.377115700
.404436900
.357648100
.397707000
.340697000
.384025000
.395137000
.364044300
.359810500
.403949101
.379076400
.372763900
.399869000
.357566900
.360874800
.391198800
.367918799
.338632700
.410717000
.343847100
.364549200
.374981000
.347244800
.348800900
.382997100
.408255900
.398640200
.363989200
.346986100
.353016399
.382582900
.391317399
.443991601
.398940100
.397395600
.335386500
.409070300
.400846200
.364247400
.360131500
.403776100
.410391600
.348444100
.366199100
.427260600
.446425000
.361635300
.343409500
.429221600
.368201200
.378619600
.394407800
.382992000
.420157400
.403223100
.403493900
.367310500
.460565700
.397748900
.377336699
.439740000
.383903300
.373924501
.398785599
.399655000
.376411800
.362431899
.380235400
.363561300
.355675700
.390921401
.530722000
.368151500
.390843100
.502431299
.373875200
.370695700
.376141101
.439435100
.372042300
.346904100
.491913599
.421748900
.364436000
.393482300
.364802701
.388088600
.360531800
.359370400
.379304300
.403614500
.395448600
.347830900
.356565700
.380463900
.399148200
.413512001
.381339300
.341160800
.391861900
.364215300
.372974700
.434112300
.391189399
.439017700
.404706000
.415061300
.362672700
.395947300
.378568200
.334196400
.416247600
.392255400
.374797800
.381897200
.358151500
.467995200
.407375400
.336368100
.334340301
.360927100
.398156500
.360770400
.410123399
.397538100
.353541000
.356437400
.347121401
.385571300
.425470999
.354778501
.396272999
.397842700
.345407500
.405030801
.349734000
.396880400
.385477100
.368303000
.376823200
.346060300
.334001100
.416015300
.376539099
.367296200
.400467200
.394173100
.363625401
.352541600
.352484200
.352017500
.434910500
.352634000
.397283300
.371113001
.387682200
.386544900
.377416600
.378617500
.385069599
.383122000
.355116600
.370677600
.405588700
.365483700
.399059100
.423443300
.385592000
.376915100
.366491000
.389126999
.381786800
.395776500
.424239300
.365991201
.351697700
.358127700
.435155900
.408693600
.382339300
.413049300
.376258199
.386475800
.395428800
.412422700
.389199501
.432869400
.395606600
.367972100
.398781099
.351385300
.407997401
.384260199
.373479601
.404787200
.387550800
.375238000
.368490100
.432352000
.392815000
.356516100
.563004600
.382948200
.388310000
.490800899
.378806300
.394760900
.373824501
.382750000
.381240900
.374055200
.405695700
.380444700
.422039700
.391913100
.376187100
.394774000
.379133100
.382256400
.369701300
.368585500
.374407000
.374886800
.376396000
.383278200
.407111900
.336203500
.367462200
.389123600
.406839600
.400448900
.373615299
.397322200
.412331100
.354328300
.365960500
.411626900
.387099300
.344064500
.360462800
.513988700
.374126600
.369420000
.391577700
.346777700
.426927400
.428317400
.402957000
.344628400
.364445000
.375447700
.380015300
.336366500
.332424300
.416780699
.372206400
.349700900
.365402100
.373639900
.366800200
.359841900
.356128400
.365389199
.387434000
.350809800
.362672801
.386991400
.351667100
.371587700
.396336600
.369084499
.382486200
.384080400
.386811701
.376345700
.350911000
.372255500
.331666100
.397510400
.367762600
.354088200
.354424100
.363708200
.387408800
.404587400
.374641200
.396379099
.418849800
.352019400
.347149601
.508460600
.391114400
.349012600
.400291400
.372212100
.418350400
.333493500
.416387799
.389305100
.372935700
.366088200
.410777400
.367733500
.392128000
.371441901
.428988800
.388772500
.365068300
.384091300
.388580800
.367800500
.376243300
.362882300
.376955600
.406395700
.364112300
.413805400
.374373400
.364658800
.340170300
.360392800
.374621500
.361270400
.347348000
.386512400
.383316900
.534964800
.367686100
.357113600
.354982000
.383739200
.381011300
.360719500
.540940300
.378427600
.343039300
.444621400
.383733900
.378459500
.411940199
.424209400
.472102100
.399402401
.398755200
.396999600
.354002600
.342712400
.460823300
.374154600
.301648500
.383241901
.403600500
.363795600
.390494000
.409199699
.422315100
.337943900
.404913200
.384162000
.398208700
.448127200
.340042500
.352042401
.438976900
.366968800
.356064000
.355668100
.380260300
.340361600
.412697400
.360173700
.410932200
.368462000
.381962600
.389092400
.381900500
.401391900
.394952400
.399345700
.368491900
.388604100
.392396099
.389227400
.346190000
.400816400
.388146700
.378685000
.369745200
.378852000
.436923500
.382839900
.357776800
.414091000
.406936201
.360212000
.354191100
.367815800
.381089300
.415476400
.373086800
.420220000
.412455600
.396457400
.373867500
.362810899
.432528800
.395432100
.340090300
.426156701
.424555200
.364614500
.412688601
.388313000
.400318500
.391187600
.351085800
.397350200
.408110000
.395692400
.380455100
.381315199
.363645300
.336166600
.434263300
.351789800
.387421200
.353828600
.414112400
.387302100
.386849000
.390031600
.425876101
.375374100
.356765000
.376135500
.415191099
.370391500
.405149500
.343258501
.386801700
.390341600
.375273400
.406693000
.389233300
.363890100
.354362900
.360707300
.389156600
.342108600
.351245800
.400113700
.381673900
.386264699
.396468700
.392467101
.382687700
.444028300
.356636100
.375460900
.432306199
.335703800
.387512500
.388617401
.324354700
.381406600
.342220500
.293194500
.424666300
.364178500
.364218300
.406671299
.431538800
.350470300
.376175501
.423055300
.296047500
.404124500
.433204999
.388659900
.369665600
.385506600
.396345000
.395888200
.407700000
.386029300
.388001701
.403753199
.419922500
.384180400
.384511201
.366122200
.402136200
.364428400
.379531699
.388293500
.414828100
.415328700
.396563700
.403596100
.404769300
.362312999
.399796300
.349649601
.362873199
.386305200
.425298700
.385135500
.406822600
.385369500
.397198999
.364090701
.386476100
.367385300
.353712700
.373216500
.347033999
.402287500
.368264500
.362181300
.396265601
.422685700
.375269800
.375818400
.380399100
.367070200
.385177200
.340121000
.392617500
.438157300
.363002200
.352042400
.384350600
.381015300
.359754700
.362965500
.419425200
.403665299
.431381501
.437796901
.375113300
.364023900
.350491800
.401774300
.389628400
.405374800
.368800000
.419486000
.372912100
.376465300
.348372900
.371908000
.384997600
.346550800
.447588500
.368560700
.412472000
.398880500
.378135900
.435586400
.399597000
.363902500
.339991500
.387627100
.368119000
.405592000
.360145399
.380575101
.420750800
.394194600
.384165600
.394246800
.383217600
.381705500
.381359900
.368614500
.371532100
.354535600
.364345699
.361877000
.401210800
.387143400
.377530601
.397357900
.358256900
.384368500
.379381399
.375553700
.362311500
.348522500
.384341601
.399768300
.397247700
.383287000
.436875400
.359869600
.335508600
.369648501
.386309700
.419273400
.397688500
.365402200
.368822300
.387346300
.360953500
.356234800
.369135000
.403569900
.368027000
.336640200
.413311300
.365985200
.348958200
.363034400
.367465600
.364585600
.338119400
.380480500
.406383800
.391530000
.363199100
.353302699
.402001500
.397150800
.385540200
.386344800
.435481100
.358800500
.368170700
.368575400
.355496000
.394257000
.398768500
.369860100
.368370500
.361581900
.373621500
.381229600
.373612800
.380102100
.340657101
.403004000
.406410600
.359955800
.405773000
.387974299
.412213400
.371110000
.354330600
.394298600
.369060400
.361477399
.385653201
.448046100
.398881900
.365331300
.481375500
.428851700
.808660299
1.034936900
.378179000
.398459000
.394225000
.390778900
.428188699
.412227300
.369313500
.367858600
.375233301
.392609900
.355937500
.386305000
.393932799
.343530200
.396679800
.388340500
.384508301
.393152500
.387076399
.404900700
.388737800
.395527600
.408651800
.421066801
.452564899
.393885000
.379162800
.382970301
.398248400
.391939100
.396597900
.400805599
.377823800
.372586600
.416930601
.418187200
.361725600
.359764800
.421847200
.381466600
.405484100
.346501200
.396949400
.390348200
.381569700
.401518100
.383870200
.445983400
.423498100
.356234700
.452882700
.419619400
.409449400
.386104700
.384110000
.413740700
.397449400
.375043800
.356464700
.374778700
.398409300
.386950400
.413279600
.378522700
.381598000
.413639100
.388941200
.371583900
.421850700
.405472700
.369179800
.378972100
.360094200
.396326100
.371275300
.371724600
.387744300
.407143100
.405579800
.355021800
.424940300
.413928200
.363918100
.360406800
.381611200
.340617300
.396269600
.366670100
.395170500
.388017600
.385308700
.393076500
.420043000
.396496700
.387087800
.388338200
.363474900
.424815400
.359698500
.391068000
.397883800
.352905200
.386103900
.385152500
.461450300
.383189900
.382036100
.404468000
.436167600
.387875500
.369579300
.409836400
.397059200
.398068900
.431166499
.422771700
.382232800
.312316000
.384468000
.395297500
.369260300
.386722900
.411797900
.390217800
.340362200
.394898500
.443573900
.366944200
.530298000
.391625499
.372817200
.432248700
.373415600
.367435901
.417078300
.363621300
.363291000
.437601399
.435687900
.436970700
.394434900
.414968800
.365220299
.384030801
.399365300
.419657800
.390879000
.368882501
.392628800
.395394400
.379968800
.365818900
.440181900
.356475100
.378159900
.433657500
.389564100
.398666600
.360231200
.374958400
.376269900
.357234400
.366913300
.372262300
.390368600
.351294600
.419764800
