.076140113
.131157166
.133233023
.133334605
.138078927
.133154942
.137126323
.141309826
.138275523
.140176124
.132205612
.130216279
.135082649
.135786271
.135547445
.133204980
.135247427
.135085205
.135988664
.083489555
.133118145
.132750747
.138630375
.087466461
.090235073
.136484189
.138373772
.131892762
.082561539
.134220984
.089233679
.134210839
.090146179
.088500223
.134790436
.131145230
.083216976
.135209248
.089292779
.089195925
.085259000
.088236693
.090164606
.134247044
.134120995
.084128745
.133703631
.090414835
.088010646
.088594644
.142111146
.145495937
.083240535
.088767481
.090570296
.081185730
.085629089
.087801380
.133171601
.086151914
.087211967
.085259352
.081437663
.135944715
.139445099
.137775752
.089232400
.089130955
.136597829
.089741292
.085207309
.082360175
.083004038
.135112041
.084421468
.085007125
.086212088
.084096595
.083887625
.082717919
.128147579
.088100769
.141924074
.086735341
.085351766
.089893749
.090122382
.085778638
.084310705
.082598707
.133425500
.090278905
.084698680
.086490559
.093130240
.088262162
.083154250
.130375457
.085621655
.088560375
.087036287
.142310463
.138156835
.087292877
.085233649
.133836235
.086520991
.083785342
.134436423
.087133250
.090398298
.084968782
.088492964
.090857817
.090351655
.086271606
.085159232
.132031107
.087287575
.085663783
.085692691
.088457976
.089211853
.085050394
.084628696
.083671592
.086813840
.089403667
.084271674
.088764199
.090030864
.084573705
.083308497
.080271254
.084937112
.086930221
.084852713
.085139601
.091724102
.085913039
.079756115
.085151803
.085173488
.086101973
.085253145
.084187585
.088494663
.090846584
.086559000
.081463820
.084613488
.084279325
.086453782
.084996428
.093241217
.085439888
.081940922
.086174495
.086426045
.084436013
.084663008
.085657746
.085314791
.081889461
.080169739
.087031110
.085183384
.085200799
.086054193
.087286960
.089580203
.086701379
.083386494
.083017175
.085683983
.089587153
.085462039
.086927133
.090902990
.087581954
.083204867
.079268044
.084267405
.086485821
.083744395
.086094721
.087441522
.087636510
.088561057
.084492836
.084261139
.085255341
.090072869
.084303621
.087303868
.091152159
.086242180
.084870561
.084592658
.087142117
.085968169
.085544780
.084144098
.085675261
.084809166
.079249289
.083752524
.086369478
.083356442
.087069302
.086243726
.099247446
.093098817
.090194254
.083289915
.080972671
.084093765
.089466919
.089822978
.084393569
.088340415
.086905364
.089514513
.081233245
.079961089
.085754958
.086467636
.089646912
.084259737
.090212544
.088413015
.084843222
.084492772
.085008378
.088305894
.086317551
.086228574
.087499609
.089833467
.087449507
.081882933
.081255877
.083127858
.086248395
.083871289
.101840619
.091724312
.087527936
.086121738
.085387506
.081325253
.085122608
.087267370
.084057075
.083303419
.087155198
.083245620
.082024935
.082339698
.085315543
.086120144
.084737122
.084808844
.085073365
.090662532
.083814874
.084291222
.084253224
.026907545
.091069904
.086526398
.089770587
.090308880
.088063860
.083208612
.082814262
.084371607
.087299793
.083239471
.084367142
.087036123
.083567539
.085796102
.082522478
.084682564
.086107676
.089124428
.084808464
.088974551
.088117045
.086000875
.085342902
.082903706
.085080496
.088627537
.087383013
.086435342
.088830789
.083270996
.082453185
.084922036
.084862353
.086506342
.086226459
.085220381
.087768844
.091610302
.087062403
.083661361
.084950578
.085527092
.089284978
.085812502
.088258588
.089536535
.083928062
.083072739
.078645740
.085880773
.088136003
.084450051
.085782676
.086558528
.083522960
.096903661
.083206002
.080844576
.084968172
.087754167
.084397506
.087037663
.090639423
.090017488
.086044597
.082186427
.080591604
.082986185
.088744893
.083115444
.085143477
.086427620
.082374860
.084981790
.083146672
.085955387
.087502396
.083847157
.085221056
.089535454
.088334408
.085711573
.084568004
.083106810
.084560579
.088285934
.087362090
.087615405
.090252782
.090896867
.084085204
.081729949
.084552769
.086755832
.085205961
.084261472
.089208306
.090835799
.087521882
.085126504
.083183564
.085289108
.086254380
.085219061
.084211735
.086259635
.084253311
.083213567
.084233223
.087036057
.088359084
.085242879
.104651219
.089782646
.089286693
.088202397
.084283799
.085161121
.085131163
.084788951
.092597971
.086210392
.088276804
.091147205
.083268254
.082209482
.080159479
.086963878
.086338024
.087164516
.086106987
.085249545
.086127356
.082122274
.084453128
.085770761
.086263114
.085106497
.085514055
.089356039
.089289556
.087238915
.081238354
.081243468
.089181796
.089168903
.084233059
.089238311
.085501764
.084982648
.082239072
.081281081
.085777254
.086706242
.085210464
.084205886
.092243471
.091205962
.085254381
.089152663
.082218546
.084593262
.086933417
.085620926
.090708384
.091205741
.086599740
.082783145
.086096242
.090283829
.086301767
.085613918
.087826936
.091106681
.085624961
.082752211
.080289455
.084257118
.087158648
.084339666
.087126066
.086931825
.085451501
.084484134
.083616661
.084555962
.085259629
.087278284
.084231746
.088212016
.090189142
.086270790
.086202325
.081244298
.084127698
.087231747
.085225564
.083240987
.086259696
.085212660
.083259764
.095796514
.097678480
.086066556
.086267274
.088152259
.088506823
.088964926
.085354478
.109257355
.084273876
.084257159
.086166269
.085204238
.088246004
.092192848
.086264741
.082259720
.081212942
.085314583
.085996050
.085323961
.085998064
.088280952
.095530882
.085083636
.080273062
.088183341
.087951510
.084280124
.086045369
.089537255
.089332743
.086284276
.082622530
.080485033
.082737591
.087667281
.084245135
.087189836
.087447025
.082864299
.079967072
.081272868
.086109674
.086175768
.085735937
.084376869
.090137365
.089093685
.084680193
.086682158
.081264772
.083266035
.092105242
.083214795
.085130107
.091096720
.082264274
.083103572
.080235997
.083194991
.087469494
.086079351
.087137350
.084444227
.089272308
.085222605
.084195606
.083177551
.085240758
.087206134
.085254487
.088260190
.089262126
.088284034
.083150657
.083285542
.083208068
.088164621
.084214006
.095111262
.085260434
.086168008
.084241500
.081197244
.083244796
.087128047
.087145660
.089136096
.086217236
.088238627
.089108287
.086197864
.083479762
.084952975
.085317644
.086267104
.084733259
.089480887
.089581205
.083233772
.083144398
.081068554
.083532274
.087699735
.085512890
.084352511
.090209124
.090261192
.087229347
.085274013
.084194054
.085236927
.090256209
.085260278
.086602550
.091747803
.087085680
.081263464
.080238398
.082544004
.087780139
.086271889
.083226323
.086253037
.083550257
.084728209
.079536431
.087052800
.085310511
.089233354
.085123069
.088728755
.089982431
.087865877
.082376959
.082273171
.096197231
.088396351
.087285313
.083250784
.085508376
.086848277
.083329104
.083068071
.080237727
.088185835
.085228489
.084335039
.086050299
.085222673
.088231831
.085246318
.085203060
.082238643
.089224577
.087272238
.084245700
.087235992
.088271396
.084196821
.084059993
.083222878
.084597238
.085733356
.089360832
.085109122
.089110774
.089226319
.085668180
.086692023
.081227352
.085208946
.086104519
.086213476
.087203813
.086316469
.082954944
.079724862
.084789712
.085188790
.086142210
.087065690
.087040687
.089408247
.088222248
.086199359
.083250097
.085093080
.086240553
.085268280
.085188472
.087622945
.090265384
.090470834
.086694789
.081896827
.082317475
.085255868
.086301491
.084148633
.086130867
.086066889
.082697731
.079871609
.084296703
.087964658
.088130934
.089128302
.085229485
.088244625
.090102489
.087226851
.081124524
.080488321
.083971403
.087105096
.085236549
.086202261
.088135872
.084227940
.082259708
.080350027
.086096377
.087008566
.084455468
.090303944
.088357335
.089085453
.085528109
.085869473
.082255613
.084231911
.087270977
.085239708
.087225956
.091033067
.085247346
.085203669
.082222321
.084226752
.086233894
.086104092
.083213149
.086611885
.083879412
.085090442
.084499601
.085200167
.084305358
.086256542
.099217926
.087077718
.088240697
.091159387
.089176675
.084123370
.083025004
.084681516
.091200542
.084014376
.084452144
.087220012
.083260356
.083163891
.085181220
.086282924
.088186735
.086212907
.085234709
.088225924
.089010294
.085393315
.084244554
.084232492
.086210250
.088212626
.085267636
.087225968
.087264388
.085242304
.083192239
.085008322
.084262389
.085961397
.085408921
.086079222
.087584365
.091162929
.086329799
.084240871
.082300418
.084210181
.087242654
.084231468
.084060564
.087287908
.082279116
.083098697
.080234443
.083148171
.086211185
.087096723
.082198837
.090222316
.089285175
.085189035
.084102814
.094639588
.086384015
.084720846
.091107929
.084223670
.087247953
.092151026
.090009026
.081581350
.081122118
.084305238
.086734498
.083740712
.087208434
.088268460
.085226894
.083708502
.084480613
.086276623
.086189380
.090699597
.085704257
.088240884
.089553889
.086899974
.084246576
.083204743
.084288399
.091216160
.084356833
.085054960
.089223270
.084247737
.084152979
.083216167
.086154868
.085260938
.086204980
.084242918
.089250788
.090071714
.084229100
.087258387
.081230763
.085239944
.090265356
.084192346
.090185211
.089234789
.083492339
.083038168
.079119236
.085873905
.086860015
.091064177
.087233697
.092365045
.093721148
.082131334
.080402638
.086099350
.086319325
.089103192
.085139114
.089240567
.088371904
.085973684
.082596484
.085118089
.086059075
.090512372
.084265629
.088224727
.090991055
.086239877
.082106556
.080608266
.083234802
.088892606
.086507482
.085279968
.086223347
.084222489
.083274147
.080191823
.086233902
.098241963
.088082156
.084396254
.088888774
.091551609
.089176383
.083665493
.082699078
.084066552
.086167401
.084317973
.085108021
.086228766
.089189093
.084235608
.084097620
.087012031
.086489093
.091338242
.084204576
.088215237
.090221460
.086245980
.085230607
.082245290
.084122286
.095762163
.097865933
.090161245
.086206985
.084222909
.080153762
.084122035
.085191213
.084701482
.086524366
.085538438
.088356891
.089136198
.088246269
.081173233
.085197366
.085216880
.090268704
.084250063
.088217312
.087244432
.083242480
.082209267
.081222475
.086223862
.087049395
.083467584
.085266008
.090159391
.088267156
.084267192
.084151451
.085093976
.085397879
.083034610
.086218816
.088237283
.092107915
.089540037
.082286097
.081308658
.086268945
.087232597
.084064383
.085338093
.086272303
.083279035
.079319279
.085043221
.088130521
.085318633
.085809466
.085212389
.090427522
.088688840
.086848256
.084216701
.096012951
.083247022
.083267136
.088208493
.085211951
.082488140
.086873617
.084104000
.082469733
.081369319
.086234654
.087188582
.084296602
.083977809
.085898458
.088436406
.087221117
.082420486
.083919984
.084382554
.090935470
.085178307
.088216421
.090244432
.087249628
.083088402
.083147858
.087224813
.090096845
.085280506
.085100034
.086234826
.084084354
.084243690
.085124803
.084255829
.085088842
.086506739
.085148293
.088424092
.092237600
.087273322
.084389066
.083926997
.085228564
.090119550
.085268309
.086129205
.087914147
.087611592
.085309210
.083283411
.086643225
