.347952000
.343424701
.352242900
.397397300
.366312600
.380091700
.321313300
.391204400
.382910700
.355425200
.386281700
.339615099
.361845900
.354388800
.390507600
.384932101
.355120300
.378421800
.367490300
.410978300
.364754000
.396105200
.387886200
.339599200
.346349700
.383170200
.300836800
.419036400
.494587200
.387292000
.407866300
.382730600
.387216700
.340986700
.284362500
.354132899
.391681200
.299586400
.349573500
.415706401
.370323900
.355480699
.427532100
.349433201
.329167200
.378827300
.317268400
.374984800
.383152500
.397355400
.336675800
.427994400
.424244300
.448120100
.439939600
.376468800
.314334400
.309183100
.396465100
.353410700
.376568300
.310631800
.328765400
.316096400
.320525600
.312185300
.369382200
.310255900
.381717501
.276603800
.290459200
.354252900
.366557100
.312098800
.422300200
.346602300
.388457100
.348402400
.406526900
.287738500
.329041500
.408334700
.360947500
.382996600
.348962900
.378147800
.382664200
.375429500
.363861600
.349801300
.384090500
.408379000
.338764799
.305046100
.374803000
.344728600
.323393000
.381157001
.434764300
.328694800
.401008900
.365230300
.281986500
.294875000
.288881399
.335672301
.364826800
.348087900
.321777500
.287003000
.313031800
.356598300
.336686200
.322428800
.353256700
.337735500
.293652200
.285310300
.274259100
.334134100
.364974800
.394435600
.344641900
.398862900
.354025200
.377843400
.298308700
.400321000
.341980700
.361455900
.351605000
.318230800
.353615000
.329367500
.295223900
.330497600
.333471299
.327628900
.360427900
.279409100
.333557801
.347243000
.374768100
.312258000
.273891300
.395890000
.352276600
.274983400
.400185500
.378651700
.288204500
.354754200
.303760700
.324077900
.395006700
.346059100
.355475000
.307526800
.348997900
.344809000
.323112900
.287628600
.342948700
.315172300
.291429200
.341057000
.323561200
.332262999
.328664400
.322192800
.303539600
.428379501
.350348900
.351134600
.289065100
.286735400
.301925900
.324138900
.282819200
.335446500
.307805099
.344413800
.375529000
.334614000
.347685400
.308766201
.324948100
.359990400
.339639500
.346488700
.336617600
.298087600
.302250200
.356125500
.468197900
.292566100
.311460600
.292876600
.306556700
.339773700
.282368200
.395214900
.326808599
.314126400
.310734600
.322050800
.345989900
.298377801
.353726000
.356890900
.322184300
.328218200
.332928300
.331497700
.296120500
.268460900
.390807099
.304932000
.330080400
.401781600
.378622501
.418598000
.321198700
.314633200
.345662500
.333753900
.312962600
.384742100
.337187000
.335462900
.359404300
.269096800
.292189500
.309873100
.344149300
.278794900
.260820800
.324397700
.306861000
.354886300
.270573200
.318422000
.269064300
.372947100
.348182200
.347598200
.305263600
.288569600
.347733699
.331125000
.300558900
.340866500
.348155001
.356548200
.275608300
.285347400
.287051200
.394703200
.277847600
.287665000
.264614700
.280425900
.368149600
.356598800
.312372799
.290932001
.283948800
.378585100
.373126800
.336754900
.268624499
.312791101
.420810800
.356871100
.290041700
.325692000
.417560800
.300011500
.305619400
.327495399
.383582700
.393794500
.315709500
.280926400
.395231800
.353160400
.335247900
.268185300
.285393001
.383227500
.312081100
.293699300
.269801800
.330391600
.351048200
.336069500
.341575400
.389972000
.358075700
.323284800
.325718599
.286495601
.347030900
.341061700
.340457900
.316547700
.322083400
.305852700
.308672300
.325723199
.328816302
.393160798
.311330900
.274577000
.270574500
.291561000
.368202900
.366725900
.318003600
.303994100
.345371201
.357772100
.336264900
.285565200
.273351400
.359415800
.369219700
.304062100
.306601700
.388056300
.342203900
.302646200
.280220700
.276028300
.373347800
.337466000
.363194600
.324734500
.312849699
.350024200
.303431200
.270809200
.313193200
.346713201
.395129800
.279618300
.311983400
.324801600
.347984800
.289077700
.287032900
.308178200
.321548200
.280244900
.274179000
.288230000
.261109200
.369480099
.403546000
.351829800
.327660300
.351098201
.323630700
.350200600
.294055700
.284973600
.395329300
.343329800
.296790600
.273384200
.354875199
.388783300
.312851600
.328528700
.312966102
.332754000
.299348700
.335851000
.300597500
.263231800
.318012300
.356350900
.338693100
.361849400
.356073500
.317686600
.375492899
.319989700
.363580300
.336159400
.367963800
.310295801
.329251700
.348002298
.328627900
.357280900
.290271001
.319380100
.392540400
.272653700
.332407800
.284508900
.325635200
.339932000
.318328000
.308822800
.345625700
.345301600
.341358400
.326146700
.279166600
.327244300
.327312100
.334959700
.295021900
.380570699
.359925500
.289458500
.347447701
.308145200
.391293200
.361427000
.328532400
.392566600
.342918799
.329290101
.307961400
.284636300
.363306199
.339246700
.326395300
.338234400
.270840700
.379147501
.326460700
.293803300
.297139200
.289262600
.366682700
.354904900
.292576600
.316018400
.441324099
.437039700
.328969500
.301764400
.404706401
.346944600
.329605400
.320104300
.323515000
.378388400
.288315900
.294241400
.267812600
.363302300
.324899200
.363708100
.354105800
.346573500
.335813600
.337001100
.294775099
.283592400
.366869301
.328300300
.321821900
.279629099
.342750701
.351040000
.372557700
.275895000
.373526600
.327770498
.360576900
.365401900
.302178001
.330867499
.315285300
.310203800
.331136400
.279780600
.324195801
.349067800
.366464600
.313086800
.328624799
.352438700
.299834300
.308297500
.284469300
.405818501
.305190100
.289378600
.347545500
.367964100
.355226200
.310082500
.339722199
.291227200
.360675900
.375015500
.334752800
.330602900
.332737601
.312012300
.344556000
.283478000
.287230801
.296998400
.332764200
.256077600
.290934300
.303698299
.346990500
.334536500
.326289600
.339308200
.343628501
.390925200
.334558200
.283608500
.339885299
.324372100
.331829000
.319065900
.321479400
.326819900
.329495400
.344294401
.300431400
.292429100
.338761900
.396781200
.323846000
.354058800
.319753500
.348666500
.310060700
.292228000
.501011900
.339151900
.349563300
.321066000
.363077800
.346551200
.368795600
.294253400
.280398100
.365684500
.316362400
.335032700
.322619700
.348459699
.353616300
.347326100
.297226300
.280272200
.396649201
.334500600
.285444100
.316519200
.339472099
.340411200
.302583600
.281898100
.326606000
.316259500
.333996900
.302140000
.275418500
.384073901
.354624500
.346515600
.339693700
.340334600
.363046400
.391227100
.332715200
.303212600
.371829500
.349418300
.321801600
.318503300
.336406899
.323522100
.341780300
.330048400
.277700400
.439725700
.350807300
.334572100
.306513700
.335883400
.338712700
.393580000
.321660200
.301631400
.368723200
.337800100
.269859800
.346478100
.340606900
.337353900
.371863300
.306791200
.313897800
.350870200
.344917000
.297864400
.274937600
.390938801
.319859500
.393039400
.280824800
.342383900
.326422800
.398755200
.335350300
.341523400
.349912900
.424711900
.332683000
.298092500
.344538000
.315260500
.313841600
.284075800
.381804200
.376732600
.355750399
.323038200
.314123001
.395522300
.394931200
.291028000
.323301801
.464829299
.381343700
.294710100
.287098900
.371745900
.356259100
.268924200
.295804901
.278697401
.353665200
.307675800
.304212499
.382918500
.339966701
.338848200
.327771200
.295422700
.278042600
.314485800
.363933000
.288669799
.285715201
.280508600
.370162499
.328164400
.319177699
.368667000
.347304401
.387177499
.330439100
.285942100
.367498201
.365806400
.302392300
.288731500
.329418999
.341993301
.491590999
.276744400
.364316700
.327473501
.354922500
.272888000
.359317000
.347497800
.353454700
.327981000
.310763900
.304230400
.366139100
.336258500
.319591200
.304914000
.326570500
.356284200
.293029400
.326564000
.298217600
.343739300
.311670800
.307340300
.307903100
.342058099
.333659900
.348484700
.331048600
.271027900
.363919300
.320153600
.345519700
.298175600
.309329900
.332453400
.367680701
.282153800
.298311600
.378030500
.360661100
.285344000
.292238700
.311794100
.395934800
.330600100
.302099100
.297038499
.339463801
.348038500
.372384700
.344127000
.406829600
.346482499
.360581900
.317128901
.353197400
.302531100
.345610700
.371356400
.295881900
.401282499
.343101300
.309164800
.278837000
.394146801
.351067900
.356044300
.299227800
.266895900
.369471700
.346421900
.287148000
.270911700
.359442800
.312445500
.309115700
.326864300
.355328501
.366368700
.379298900
.344296200
.354249500
.319015600
.338345900
.310944400
.325269000
.268253200
.357070400
.277809000
.312151100
.302434000
.322250700
.315696699
.274349500
.343238300
.379219500
.345701100
.319465000
.394964200
.288093201
.341783499
.337173200
.358764000
.300759300
.311314500
.326588699
.394609900
.327402800
.329247300
.409967500
.448868600
.291135100
.306044301
.360652300
.338416500
.364321200
.294793700
.312381199
.368904500
.328736700
.289424100
.284730100
.325252000
.390097000
.505262300
.400116401
.512589799
.491266000
.349731000
.518813599
.554533300
.453825300
.443515800
.414577000
.331951800
.347532600
.459400801
.502674800
.325520500
.382975199
.446356500
.460553900
.403549600
.582343499
.343953200
.308615600
.429087699
.472451700
.353910300
.419189900
.589623801
.524787500
.353297800
.374263799
.368669500
.334118900
.299455700
.321958801
.341700500
.319059000
.317639400
.320677300
.374215000
.310846400
.330218900
.398971700
.378656099
.348659300
.349791200
.296920200
.330172301
.353557300
.358431800
.304636400
.299390800
.330524399
.345474400
.305993400
.290245500
.283153300
.329756601
.325358200
.322607400
.286909000
.374815800
.332534000
.289140900
.324018100
.397357900
.381650001
.273366700
.437220400
.417186400
.332061500
.333088500
.392729800
.276844100
.421261400
.452138700
.330489400
.284306099
.351926001
.364933200
.269845700
.293965700
.298395100
.354990300
.364944500
.337316900
.343190700
.331591600
.319293100
.300756000
.297866900
.323617000
.353549300
.317875900
.275671100
.286772000
.339877600
.369423500
.328179200
.298514700
.315348700
.346584400
.271161400
.326184300
.312777300
.329004700
.328043200
.297593900
.336292400
.288276400
.310658299
.260316100
.298866400
.333176800
.320607600
.338924701
.515472700
.293870400
.289819000
.338633699
.374513300
.302628700
.312565500
.300862800
.471892101
.330322100
.274737800
.292445400
.367137099
.328569400
.316844400
.291912700
.293582401
.337138700
.305539500
.298470900
.271569400
.322264500
.303506300
.294206900
.297947400
.369488300
.357133099
.333146100
.346428100
.319012900
.333717801
.352311900
.373346000
.269310600
.283672400
.364655100
.276958600
.264987900
.334640800
.273475300
.337922899
.270170000
.287399500
.307644300
.295059100
.264796001
.330549000
.384994000
.301628600
.291686300
.339658500
.368556900
.296951500
.306433600
.274738900
.371246300
.321898800
.271017400
.291123700
.408553800
.368628200
.304936800
.278393500
.412565699
.337870000
.316463000
.281144900
.277062300
.363213201
.333613000
.332448900
.297083900
.341771500
.350992400
.304430900
.299362300
.303154000
.325518300
.330271200
.262134900
.380000800
.268564700
.322140100
.306632500
.358407000
.315803600
