.330614900
.359206800
.343641200
.359120800
.416737100
.392071400
.383466900
.361503900
.372457800
.411153100
.377508400
.346108400
.327771200
.546457499
.410262700
.345042200
.371373901
.382105400
.347763800
.325874000
.354604900
.386526000
.386762600
.419763200
.391236400
.401362600
.358250100
.431480900
.360747200
.346800900
.358876200
.328804100
.334829900
.341579100
.349666300
.354946800
.433891200
.341460000
.382008100
.364620400
.330923700
.336160000
.355960700
.357345300
.354978200
.348350500
.351261100
.368589700
.337781100
.366956600
.366753500
.336872000
.346262300
.366029300
.366744200
.327013100
.332635500
.360197900
.349375800
.327997200
.336358300
.329917701
.337620800
.336156200
.322408500
.293156900
.351598100
.359674800
.332602800
.323682700
.361513201
.371974200
.336626000
.361270300
.336110300
.343252100
.388858100
.363604500
.337121400
.364993499
.312050300
.347920400
.328087600
.363061001
.339714300
.372063000
.331786300
.323089400
.389508900
.350242000
.313287000
.322012700
.347039800
.372209100
.383469600
.329422400
.343462600
.367688600
.405768100
.321753700
.347581999
.385307000
.330225900
.348826800
.352974601
.361892000
.366706900
.347692500
.344042500
.346377900
.360705400
.334788500
.349574901
.327164499
.334199000
.330995100
.344420800
.333187001
.331472200
.339412800
.352421400
.351981400
.356673900
.347627000
.340610100
.316188700
.337814500
.363110900
.327180000
.440319800
.558459900
.541886100
.432675801
.383522700
1.292675100
.585388400
.418783200
.346416400
.386452400
.455097200
.362460900
.432890099
.349773300
.353396700
.346333300
.356884601
.352659400
.379850800
.362267600
.305673200
.371977000
.329698600
.344375100
.394989100
.356570399
.352380800
.340476100
.314452300
.329653700
.363823500
.319609600
.374374900
.355125800
.354984300
.323632700
.345505900
.319909300
.328391700
.334678800
.349272700
.316233500
.370492800
.344925800
.327887500
.372564900
.346803299
.359163700
.352623600
.336900000
.315205400
.366077900
.333824600
.317018300
.340967601
.348483700
.332173700
.326901800
.321588000
.331169000
.344861800
.327127000
.352100800
.341039600
.384761400
.323140800
.342159600
.343050600
.343140200
.327560300
.350926500
.342808300
.328512800
.359737700
.332764900
.329595200
.342064000
.383537500
.353920900
.331965000
.323878800
.344883100
.374867300
.321116000
.328602600
.368705900
.334082300
.343914600
.341457800
.324449399
.335775900
.358468500
.336939800
.340985601
.339352198
.371390700
.337076600
.338393600
.309700801
.337916400
.336107600
.343910200
.350795500
.341755800
.345087100
.349733300
.340455500
.363790799
.456733100
.356091800
.326980100
.361186000
.356598600
.334634000
.319506000
.364351299
.369594200
.340142200
.321081600
.391228501
.323916800
.360332900
.356641300
.328696800
.323144200
.374118700
.352109800
.323211000
.373891200
.346573000
.306760600
.336458100
.329674200
.332823800
.347765600
.338615800
.365630600
.360913800
.330956700
.331675100
.340772900
.345632900
.323157700
.340081800
.323983800
.340466500
.359454300
.324457300
.340263600
.383138700
.346800500
.341803100
.344459800
.325962400
.315112000
.348241200
.344502600
.338901500
.331779400
.368850100
.348897800
.327408700
.341571200
.375217000
.319623500
.352371800
.351271200
.330186800
.360461200
.309869600
.332644300
.345677100
.340474300
.329798500
.334114300
.348568500
.330806800
.361629900
.341439300
.329655101
.358437900
.366100300
.341698900
.325842600
.361892800
.348163100
.368314900
.332053500
.342892300
.344346900
.314912000
.283920800
.318619600
.359074299
.336711100
.326799799
.344979600
.340610600
.333458300
.341965100
.346760200
.318932001
.336333500
.349569500
.336917700
.308482200
.347407900
.326250600
.328993200
.335563600
.349720900
.330371200
.341308700
.333281000
.305922100
.324448400
.373050100
.316523500
.328911100
.348302800
.328229800
.316366499
.324610800
.343358701
.412393300
.318673800
.361102000
.325454100
.324309899
.305562800
.350086000
.348156900
.339362901
.335188100
.340290400
.345551800
.336412999
.315107000
.356922700
.325644000
.315704600
.355442900
.373035200
.335184200
.345144400
.355727300
.336906400
.335788500
.343250700
.320477100
.327357800
.344909200
.315279900
.317049800
.324178000
.344673200
.446387100
.341249700
.353550600
.305505100
.328408900
.342023200
.343346500
.319083200
.334655700
.339229800
.327656800
.335679801
.356460100
.320270100
.303131300
.345118300
.449899100
.348161500
.317050200
.349093200
.328317100
.352401800
.323102600
.343209300
.363445700
.352023900
.330287400
.333707600
.336087500
.347326700
.338870700
.358236600
.310776600
.321562500
.322952500
.350813500
.341704400
.349701400
.353222299
.325010000
.314696600
.328649301
.358378300
.333523600
.331858900
.336492400
.315590099
.334176600
.333667000
.335706000
.353698301
.323549400
.378977100
.333335600
.316490900
.349756600
.345984900
.338431900
.326975900
.367515400
.344188300
.353355200
.335926500
.332457600
.470767800
.364772000
.334710400
.339966200
.342320600
.330508400
.326116400
.327339400
.356483500
.386081100
.343290500
.318724200
.323979600
.345406800
.339614600
.347727100
.342467099
.337010000
.324821900
.337417300
.322884201
.345418500
.339772899
.336376700
.412417001
.372633499
.343178400
.334235800
.359837500
.331708600
.341646300
.349772200
.366183999
.440290400
.337563101
.343517200
.317411000
.341555200
.338918400
.414536799
.327309200
.355420300
.341716300
.398763700
.360816900
.356543400
.346903600
.447472601
.332393500
.331685600
.349477300
.358401500
.350998400
.334586500
.353621400
.325811500
.327619700
.330433400
.375312100
.314893000
.348653700
.333408100
.329189900
.351676200
.322016500
.318859900
.306482400
.368671900
.344507100
.333609100
.325095900
.337662700
.353135299
.347463200
.320232900
.339120201
.358135000
.335763100
.333801600
.348283500
.330543600
.311469700
.355602600
.338450800
.320274900
.308668600
.354739900
.323727300
.327496100
.331104399
.340221300
.343534400
.338890100
.327665001
.345293200
.349735900
.304545400
.339065700
.387791000
.316239500
.307755200
.344989400
.345467800
.337456900
.353953300
.329208700
.343552900
.349090800
.326343600
.316237200
.338789400
.348253900
.365108600
.353316900
.328515500
.329182599
.354402200
.353558000
.330101100
.326615601
.328680500
.373986000
.360318000
.285377900
.324568500
.337309700
.335061900
.333873000
.349868899
.344313400
.332866100
.322406400
.352762501
.374982900
.323079400
.348230700
.343175300
.339348400
.307424100
.350370100
.316399900
.304296400
.355357700
.463154000
.348707200
.337848000
.339457100
.374301600
.339351300
.298969400
.328417700
.333943800
.324642000
.323602900
.342260200
.361351300
.312284300
.331782000
.352434800
.324425399
.347581000
.337982400
.339251100
.353162799
.351630200
.338076800
.326435000
.332938201
.317896100
.364174600
.357761500
.352511101
.395830100
.316912200
.335361800
.336342000
.402111600
.380712600
.370637000
.322747500
.317976599
.364563400
.384912900
.336603100
.360490600
.362062000
.373886600
.348326200
.420656201
.487874300
.370460500
.331993500
.310025999
.336389200
.345432500
.321572600
.331454501
.351263700
.334733300
.350045700
.371236400
.331443300
.379951400
.349969700
.318467700
.341151900
.344020200
.332277500
.316450400
.386224100
.335967300
.338576800
.337695100
.401590100
.360989000
.357219800
.343811000
.332157401
.317486900
.345414400
.337125000
.335780300
.381982100
.350404700
.336224900
.332356600
.340841400
.344486600
.362830600
.350655200
.333527000
.348865600
.367762900
.342144200
.328210499
.348024401
.349322100
.344399300
.348695400
.329810500
.334979900
.359733200
.335597900
.301844200
.412908900
.360641700
.317368800
.325947199
.392670400
.364545100
.342499300
.334188201
.405120200
.354576300
.282648400
.320396300
.371571100
.362754300
.356722100
.318250500
.361404900
.344184800
.372723900
.346171200
.345122300
.320558700
.340522000
.332218700
.324032400
.363949600
.339681200
.340389900
.347942600
.339702300
.340435300
.336592200
.340334000
.351188400
.352937100
.330340800
.321936000
.348495200
.335445000
.349823400
.446750300
.344301900
.333274599
.397335500
.337138700
.317322800
.333771001
.352289900
.349167100
.365177500
.343682400
.336486800
.344347400
.324656600
.308361500
.372660600
.363023700
.355077200
.323277700
.312667600
.440094600
.365407600
.320985800
.383420800
.378131100
.316708600
.342141600
.355590700
.359803800
.343765600
.344165900
.334658700
.349060700
.342792800
.351129000
.320529701
.371370000
.336006900
.339440100
.368957499
.340759301
.357145000
.352392400
.320474700
.338072500
.332314400
.350859500
.346453100
.317003100
.350022600
.322929100
.338877800
.340632500
.326205000
.344419000
.351745100
.315008100
.314978699
.345564900
.319882800
.308525700
.340242000
.369058101
.331399200
.338946600
.334710000
.316861100
.332454700
.356340800
.328240600
.311187800
.356991299
.356918200
.332481200
.316973300
.375203300
.358399500
.351743800
.340332600
.325684199
.351347100
.354963700
.324040600
.310113900
.375592701
.353376600
.338625400
.339992600
.344596600
.327381200
.349204800
.326914500
.344960200
.351607200
.324779300
.336201900
.344386900
.331647799
.349355400
.374936100
.326191500
.352550501
.370290500
.332075900
.324669000
.363258400
.376790700
.359718200
.339554500
.339281799
.357786000
.346426900
.312123300
.327377602
.381352900
.339224300
.330909000
.344216700
.416682499
.344612700
.312250100
.330581800
.344448401
.375152500
.321086500
.339942300
.352540999
.359162300
.353968100
.342903200
.315109100
.343181501
.391429100
.339766600
.314319900
.357674300
.355986400
.311011300
.339081100
.329980100
.356576800
.332404800
.336346900
.339990999
.340157601
.324613500
.336539600
.323889500
.331452500
.318413900
.355084600
.323634600
.311678601
.347106200
.328000200
.318382700
.340410900
.366606900
.336126200
.332410100
.352511200
.361071300
.348853400
.334499500
.340559799
.347615901
.349234600
.348529200
.311135200
.333387400
.343227599
.338445500
.349685100
.317539000
.353799701
.362043100
.349188500
.355883100
.388367099
.373931300
.366964400
.347344700
.339202901
.332936200
.324147700
.358252400
.351432399
.344551901
.347692500
.421061800
.332760600
.329026100
.371599200
.348469700
.363484500
.353365000
.335958500
.319404900
.325193800
.329677600
.353768899
.321759300
.341692800
.353257700
.352636600
.349577200
.344177000
.325171100
.333610300
.323837400
.341240600
.332426200
.315283200
.346688799
.366179600
.336970300
.335793600
.328706500
.336273700
.327563300
.326552600
.329233800
.328897800
.346417100
.361532200
.337013100
.337529500
.334591100
.423262900
.369708200
.368429800
.335886200
.311544500
.345563600
.349486100
.320342200
.348855400
.320809700
.327287001
.357341099
.350743000
.328026100
.351422700
.332970801
.320254200
.352812500
.332781400
.332574500
.328030000
.324503600
.340768000
.360016200
.371111999
.389902700
.390532400
.412981200
1.278187600
.651140700
.360416799
.324016998
.337768301
.340639900
.326837000
.371706800
.364751999
.349081101
.352116400
