4.034270801
3.495612699
3.670943701
4.027847000
4.068385999
3.978964700
3.716437601
3.995913500
3.865704199
4.029954201
4.047694699
3.985743400
4.071519601
4.126934400
3.990410500
3.975986800
3.720223699
3.797047901
4.056928400
4.025526999
4.034917001
4.137913300
4.106861600
4.068411000
3.980794699
4.039472500
3.982125500
3.770992000
3.430018301
3.943989800
4.105190500
4.256433000
3.267849000
3.982362000
4.019837799
3.529098501
3.683958200
3.975921700
3.979892000
4.098157900
4.088493599
4.021702500
4.043150601
3.684364199
4.128464401
4.111870900
3.982629700
3.696438500
4.015647100
4.084034900
4.027246799
3.996052301
3.975108099
4.280456301
4.064160500
4.054418700
3.755559900
4.003545899
4.325592501
4.156821100
4.013881300
3.967641099
4.067750300
3.841030000
4.243874400
4.034365801
4.035490900
4.091782000
3.975910099
4.120620801
4.038166600
3.975963199
4.021274100
3.837581001
4.101986399
3.966182200
3.776997701
4.084495100
4.118808300
4.026233700
4.010405799
4.025179500
3.989966100
4.076686200
4.028600099
3.977808101
3.193425300
4.096470900
3.707558500
3.305159899
4.031874800
3.220008499
3.992945601
4.073339199
4.051008901
4.011735800
3.126074300
3.419245400
3.803489101
3.998353299
4.063213099
3.991716601
4.009145800
4.075329000
4.003923699
4.030038500
3.964883200
3.979862301
3.792278899
3.952608601
4.186634700
3.986716999
4.032567001
4.028302700
3.290344900
4.094858500
3.595026099
3.953363401
4.071374299
3.944144100
3.274128701
4.050721400
4.047069600
4.023900100
4.108506100
3.987726200
4.176908500
4.047326100
3.752118499
4.098686900
3.761952801
3.152541300
3.911926000
4.084575599
3.984054101
3.986383200
3.999707999
4.105937101
4.104690200
4.001300100
3.963660399
4.035586501
4.199115401
4.091811199
3.252179501
3.920050800
3.793084400
3.984214200
3.998667800
3.961813400
4.071413800
3.506493099
4.255548801
3.431210900
4.047768400
4.065367999
3.604020001
3.687225099
3.991573301
4.073913600
3.815827099
3.405321701
3.717678900
3.724415400
3.971965199
3.680447700
3.201019701
4.042802600
3.994511199
4.003011401
4.057269299
4.043353401
3.655586900
3.648572699
4.005482600
3.752931500
4.048962001
3.722374000
3.550315599
3.781090801
4.015605899
3.697546601
4.355079900
3.888712000
4.073417300
3.620594999
3.391529001
4.126888999
4.028251900
3.713828801
3.635005700
4.040540600
3.629232900
3.963826100
3.979792499
4.083805401
4.047807300
4.081910100
3.339482700
4.059167400
3.702342700
3.959253100
3.627414400
4.069333700
4.063714200
4.004528300
4.063597700
3.947736400
3.765223099
3.914979001
3.979706800
3.703132099
4.116193900
3.405131801
3.800472500
3.971575400
4.003808499
3.699159701
3.357359899
3.766651801
4.082610400
3.997529100
3.996635400
3.939851499
4.068644401
4.074568600
3.661834200
4.051904300
3.658169600
4.073483500
3.959467600
3.944158101
3.943125899
4.101178800
4.103463300
3.714096000
3.992826700
3.710309000
4.074991300
3.978706400
4.009408800
3.656574000
3.809789599
4.055875101
3.999870300
3.942685300
3.925852600
3.594258599
3.632818001
3.749576700
3.812696200
4.063994099
4.036163901
4.043907200
3.981709399
3.818178901
3.967026598
3.989932301
3.671987300
4.067828100
3.733965300
4.105305300
4.059713200
4.002950900
4.116143200
3.678962799
3.983054401
3.482949600
3.282182999
3.273500000
3.944283101
4.104192000
3.673065899
3.748579601
3.415653800
4.096466100
3.655528800
3.950297200
3.757031099
4.107725301
4.048257900
3.984045300
3.981197800
3.718914900
4.063147400
3.928476799
3.431802200
3.535813901
4.172307000
3.985205500
4.040684100
4.017779100
3.819755500
3.502947800
4.058316200
3.661604799
3.484504701
3.486871100
3.263592500
3.253514699
3.450049901
3.998352400
3.994828900
3.799511799
4.000546900
3.408630401
3.940414200
3.741528999
4.002078701
3.438664300
3.971487000
4.035343700
3.661168299
3.765513800
4.065032201
4.172059200
3.950212999
3.664877500
3.619403700
3.753208601
4.009323198
4.087390601
3.983867700
3.947033500
3.240495400
4.081158299
3.991880100
3.717271100
4.356945999
3.998885700
4.020003900
3.647736301
4.034281200
3.162666299
3.978806101
3.680828499
4.112936401
3.968461500
3.917007300
4.086243199
4.224083601
3.568827399
4.008384501
3.392288699
4.178334401
4.123817500
3.968056700
3.999626501
4.022951100
3.751146300
4.022928200
4.010211300
3.959817599
3.915266800
3.843134501
4.029912799
3.403462501
3.454189600
4.057644799
3.990940101
3.518926800
4.215430200
4.256114099
4.100308202
4.190295499
3.738688600
3.950735200
3.428421099
4.083019301
3.432513700
4.020985100
3.715005899
3.241965301
4.038346700
3.707256300
4.185840599
3.741303201
4.004962600
3.967671099
4.030312201
3.850512399
4.029867801
3.940084000
3.771780099
4.064761101
3.726842100
3.634864700
3.585456499
3.794713101
4.002710500
4.046376499
4.081710501
4.053184000
3.739094500
4.031215901
3.808683098
4.118872000
3.793233901
4.117607300
3.207899500
4.195797800
4.016116999
3.977636401
4.095795300
3.448516900
4.151955400
4.021887299
4.019583600
3.747919301
3.558228899
3.784693300
4.017965200
3.919431701
3.764197200
3.721392199
3.806426701
3.936438600
4.019358900
3.775976100
3.627518500
4.084169900
3.483948100
3.525779100
3.937247600
4.161380700
3.718795700
4.021246599
3.982251001
3.987982700
3.935039899
4.485146801
4.046315100
4.053158000
3.932009900
3.958791399
4.004738501
3.755313899
4.010168401
4.039732500
3.848632500
4.563466199
3.812905001
3.976960300
3.949819999
4.145565300
3.653219001
3.991904200
4.064617100
4.165335600
4.083237399
3.982663700
3.165547500
4.100491200
4.116394701
4.079701100
3.416591099
4.009014601
3.465770900
3.975171900
4.006820700
4.019791899
4.142936201
3.966060000
4.025069100
3.963678000
3.297986500
3.958412900
4.067777199
3.366904201
4.059276200
3.706731700
4.007121400
3.652711700
4.055881400
3.725136899
4.039068100
3.829936901
3.540939299
3.691569501
3.193503499
4.118846501
4.093743499
4.065709201
4.271861600
3.739747900
4.019692699
3.709094100
3.693520900
3.111688300
3.504250301
3.933183800
4.049390099
3.955495900
4.060680901
4.060911100
3.131586799
4.031011600
4.136581800
3.719975001
3.672403300
3.951854599
4.037998601
3.372481099
3.218786601
4.084947699
3.569590701
3.647250400
3.939760700
4.048247098
3.154811601
4.045057800
3.653541300
3.544767700
3.623872800
3.959843000
4.096121800
4.692871900
3.983721800
3.689219399
4.069912101
4.003631800
3.737284800
4.006835099
4.009580900
3.749745200
4.117561801
4.119495100
3.608514800
4.003687799
3.213973300
4.048958001
3.471755500
3.252403799
3.929691701
3.183931500
3.931854200
3.728872400
3.727163999
3.751793101
4.040641999
3.798733400
3.430144802
3.707490800
3.964812700
3.760949999
4.020131501
4.019277900
4.022130800
4.027992000
4.032275200
3.678959000
4.016512800
4.016818700
3.737004400
3.962856000
3.954645700
4.027710000
3.725236800
4.007062900
4.023196100
3.916169300
3.964402999
4.071986301
4.010469799
4.207870301
3.927720200
3.991887399
4.176007901
3.951582299
3.992143900
4.040817901
3.739543100
4.034375200
3.421070799
3.129553201
4.008069799
3.943467101
3.699643499
3.978385100
3.751504801
4.138291499
3.999744400
3.959883301
3.931776500
3.769121600
4.066774800
4.040248799
3.721559601
4.090876900
4.058815599
3.696264501
3.975986900
3.457629800
4.405786200
4.035832000
4.034227600
3.994837700
4.151719199
4.114736901
3.684804800
3.684065600
3.956207000
3.189477000
4.039495300
3.728907899
3.962729600
3.906821001
4.111132300
4.033664200
4.041301099
4.277788401
4.025202900
4.032165799
4.085417300
4.023385101
4.106356600
4.226560199
3.959832501
3.963883399
4.020091100
4.023545000
3.682350501
4.006070900
3.961399099
3.274666701
4.035267600
4.043760399
3.632620101
4.120513199
4.138144901
3.726880699
3.374901400
4.199249100
3.687572900
3.710173401
4.057103700
3.198041799
4.135372801
4.011278400
4.059441099
3.884513200
4.155401001
4.011060300
3.962998599
3.818912901
4.103429000
3.370646300
4.020188900
3.959406700
3.728883900
4.036832400
3.951313800
3.963194400
3.865696800
3.450658399
3.912310201
3.640415800
4.132054799
4.075377800
3.464074701
3.123537000
3.762509300
3.943254699
3.254177900
4.150990001
4.162236500
3.355788100
3.997558299
3.663869400
4.139470700
4.300457700
4.468914599
3.466862401
4.319058200
3.506052099
3.949867200
4.070151800
3.955315700
4.073529601
3.973409300
3.971852299
3.980865300
4.023056400
3.756891800
3.752753500
3.938886902
4.049370100
4.198706600
3.644801499
3.975478500
3.983844600
4.092249800
4.114045100
3.790295601
4.158735900
3.955923999
3.782838000
3.732122400
3.991680200
3.932017901
3.441427700
4.000291100
3.995188300
3.956144800
4.067342999
4.082022701
4.057678399
3.095779001
4.028239000
4.034361399
3.964626400
3.956102200
3.756400501
4.095569399
4.286847200
4.107459900
4.008041500
4.015765400
4.192188900
4.204615800
3.180043500
3.983177000
3.770620500
4.059885699
3.955481501
3.652477099
4.080828600
3.998382801
3.750240199
3.379170801
4.115774300
3.659025700
4.027806500
3.952225399
3.774247601
4.120083200
3.639611500
3.634449600
3.257456000
3.141481400
3.954328100
4.148056400
3.471694500
3.962267100
3.961924700
3.959847800
4.053553500
3.937898600
3.464604100
3.950650099
4.189446701
4.020054000
3.697886800
3.746479400
4.182082399
4.000723801
4.099038500
4.061800800
3.479545499
3.289007500
3.673140701
3.373053699
3.337514201
4.053759000
3.729734200
3.229137300
3.766924899
3.772859001
3.472368000
4.140077700
3.205004700
4.093402299
3.770798100
3.706966801
3.641049900
3.994381799
3.538157301
3.194492299
4.093856901
3.361168700
4.016003800
3.660230901
3.173441199
4.071508701
4.032565200
3.947802900
3.955962600
3.941578200
4.130146300
4.071278300
4.013729900
3.949438400
3.777262800
4.047332400
3.931994600
3.428732200
3.799586600
3.664854299
3.728370700
4.051304501
4.141433600
4.189372000
3.970606400
3.686863000
3.748884500
4.032977200
3.933524099
3.987310701
4.076597600
4.152020099
4.083786201
4.076725200
3.970218500
3.977379500
4.124335300
3.238204299
3.697365201
3.420860599
4.064121001
3.258443500
4.002057900
3.939811300
4.016220799
3.374521901
3.649706900
3.795963600
3.480961500
3.704330699
3.648603101
3.760638100
3.983466199
3.386720401
3.988795599
4.051943901
4.031384399
3.967943400
3.967671201
4.060193300
4.025073300
3.997236299
3.973177302
3.229556400
4.057427600
4.143155900
3.950289800
4.007257300
4.118759600
4.054807400
4.031894000
4.007538400
4.001797199
3.851877001
3.930099799
3.994298000
3.962225501
3.822429900
3.246451000
3.902400899
3.969995401
4.120247800
3.989828199
3.979986099
3.963541700
3.952079800
4.147369400
3.981605099
3.947571301
3.969394700
4.051765900
4.005003200
3.979343599
3.986449501
3.929917400
4.056999599
4.013730801
4.019588700
4.029882700
3.288553699
4.004058901
4.004710100
3.751688100
3.751453700
4.162021200
3.680358600
4.057892099
4.043115201
3.585570400
3.651155299
3.978673801
4.058438800
4.149475400
4.083107299
3.379384401
3.197442800
3.227226000
4.079359899
4.023835201
3.760610900
4.060269100
3.393241900
3.727460000
4.129354700
3.860082400
3.973821900
3.899348801
3.479124700
4.130271999
4.000765200
4.048750101
3.985526099
4.112373200
3.848468301
3.149148000
3.973866100
3.511670599
3.981127101
3.645076800
3.997880100
4.058367299
4.077712501
3.661946100
4.017722700
3.507529200
4.004836000
4.046403899
3.690566801
3.998512900
4.037660099
3.694011901
3.559311900
3.672226200
3.792391700
3.456790599
4.301318000
4.062020001
3.728484999
3.676135300
3.673244901
4.039281799
4.096549601
4.023561700
4.019436700
3.738480700
3.791020100
4.169262799
3.628337201
3.650638200
3.301358299
4.036194900
4.095361001
3.955258399
4.178533300
4.036671201
3.769526500
4.018962000
4.013563199
3.825911401
4.003835400
4.022062100
3.400640400
3.752931400
3.997656900
4.206505400
4.054586000
3.519563500
4.073485199
3.224257001
3.267343399
4.022064101
3.576127501
4.006172899
4.007123600
4.140688201
3.995270601
4.037757799
4.035467101
3.945352800
4.062996500
4.022941799
3.986487101
4.432021900
3.999158500
4.134769899
3.958285900
3.991597001
3.653682099
4.337924101
4.038610100
4.017023699
4.051256401
4.035786599
4.288275900
4.057396001
3.668354999
4.034934701
4.002295800
3.896086200
3.968550600
3.951125800
4.082035300
