.005679182
.005698955
.005639540
.005689921
.005688350
.005639306
.005708880
.005652357
.005764394
.005606261
.005666280
.005584222
.005689057
.005575012
.005651665
.005663166
.005597851
.005698824
.005633167
.005609322
.005643816
.005568151
.005675033
.005568935
.005736960
.005654105
.005678228
.006577476
.005750778
.006498006
.005644854
.005568967
.005730624
.005549105
.005799890
.005515445
.005819567
.005610958
.006719527
.005491932
.005639921
.005600334
.005683123
.005597610
.005753897
.005540513
.005678666
.005549945
.005689555
.005663796
.005637965
.005586350
.006728576
.005610670
.005721984
.006484120
.005671183
.005575657
.005728866
.005540451
.006714554
.005594176
.005678940
.005676786
.005628479
.005724660
.005989262
.005611051
.005676482
.005588907
.005694210
.005600492
.005648809
.006556409
.005611751
.005723488
.005677485
.005586980
.005681969
.005558637
.005645307
.005578734
.005625987
.005609435
.005680272
.005639994
.005667932
.005610129
.005668789
.005573935
.007583481
.005668801
.006601008
.005688962
.005666323
.005634244
.006714447
.005690577
.005573040
.005743945
.005576276
.005662076
.005751210
.005654432
.005575216
.005716660
.005612433
.005608531
.005661246
.005659898
.005590973
.006690843
.005631233
.005673982
.005529687
.005622838
.005737262
.005683345
.005630532
.005739105
.005554436
.005617916
.005582948
.005737077
.005556758
.005649170
.005602241
.005655244
.005627358
.005744352
.005580868
.005698121
.006656491
.005661833
.005593415
.005622951
.005611027
.006723178
.006623585
.005642891
.005529028
.005577701
.005650880
.005687650
.005555417
.005636729
.005613560
.005783615
.005573400
.005712017
.005621514
.005664337
.005607372
.005710622
.005558485
.005648537
.005605687
.005749848
.005596469
.005722119
.005607422
.005667980
.005615961
.005709149
.006671308
.006612873
.005632131
.005664334
.005589749
.005643891
.005623161
.005716659
.005595872
.005700032
.005599072
.005693057
.005626031
.005644299
.005549360
.005643470
.005707205
.005660740
.005564645
.005677817
.005718656
.005611428
.005574384
.005674999
.006535558
.005683512
.005580745
.005631431
.005566725
.005666835
.005790931
.005618334
.005598376
.005629495
.005694530
.006608311
.005625327
.005701090
.005674854
.006737011
.005673116
.007539642
.005596655
.005722590
.005675917
.005680530
.005665980
.005711205
.005740498
.005644603
.005640796
.005625576
.006656448
.005584122
.005775251
.005603814
.005660337
.005659315
.005721331
.005514901
.005833555
.005611017
.005681229
.005655424
.005688847
.005546559
.005723779
.005631262
.005740381
.005538144
.005684918
.005632320
.005689507
.005569205
.005695561
.005625795
.005778048
.005497707
.005701913
.006613221
.005654940
.005625136
.005679817
.005536349
.005680004
.005570549
.005592714
.005533099
.005812711
.005518574
.005694004
.005605804
.005750802
.005629047
.005711172
.005563872
.005797800
.005523747
.005748747
.005666369
.005651064
.005639089
.005703283
.005543141
.005659589
.005547662
.005730161
.005623391
.005648748
.005608525
.005674416
.005571448
.005695174
.005605347
.005689339
.005640604
.005726644
.005507499
.005802096
.005559857
.005682592
.006523461
.005718421
.005517880
.005661224
.005573894
.005708110
.005656000
.005745819
.005625844
.005765524
.005742635
.005775276
.005655510
.005678836
.005618715
.005721706
.005664201
.005802583
.006637717
.005631371
.005621407
.005750207
.005539302
.006640203
.005597546
.005655586
.005595526
.005644895
.005607642
.006640855
.006623827
.005723405
.005519889
.005665753
.005589267
.020822073
.005756803
.005723015
.005723473
.005607185
.005662694
.005702604
.005729047
.005566957
.005641130
.005718882
.006711799
.005584818
.005651858
.005593720
.005733446
.005718797
.005786949
.005619063
.005684898
.005564715
.005742176
.005584463
.005725849
.005547331
.005793504
.005587096
.005699338
.005559060
.006714870
.005537937
.005723932
.005597181
.005702978
.005687144
.005728954
.006611491
.005708223
.005668459
.005648201
.005712423
.005748528
.006579721
.005740044
.005634806
.005839387
.005512980
.005713543
.005667771
.005688609
.006550123
.005664421
.005571660
.006620186
.005645697
.005756597
.005595656
.005737664
.005618420
.005696207
.005578765
.005829628
.005643797
.005639197
.005551302
.005708573
.005622741
.005848652
.005583560
.005639962
.005651673
.005800977
.005637512
.005662430
.005626893
.005710470
.005609317
.005667988
.005600085
.006614906
.005530144
.005677904
.005571301
.005776283
.005687941
.005695847
.005563130
.005691306
.005540880
.005810269
.006541387
.005690693
.005679816
.005640939
.005510775
.005721021
.005548928
.006764841
.005564745
.005763348
.006502486
.005742879
.005559878
.005696692
.005535059
.006720471
.005588889
.005710801
.005702681
.005661763
.005632149
.005709586
.005772032
.005597367
.007609946
.005689535
.005721963
.005577381
.005751154
.005660889
.005723270
.005566156
.005756974
.006560977
.006745651
.005574357
.005819659
.005682279
.005612172
.005597187
.006811059
.005645329
.005737479
.005674662
.005698321
.005690955
.005775386
.005565980
.005700804
.005663962
.005655728
.005623211
.005689328
.005599831
.005779686
.005503846
.005710099
.005627048
.005742019
.005584928
.005777802
.005549573
.005681279
.005653757
.005668389
.006600091
.005700955
.005684532
.005754559
.005589803
.005747831
.005645415
.005733639
.005687204
.005807404
.005636725
.005677489
.006694154
.005669684
.005688131
.005795335
.005540421
.005688875
.005578601
.005722931
.005554438
.005712238
.005536407
.005641482
.005570383
.005689154
.005550575
.005647443
.005635554
.005798499
.006677937
.005743276
.005656133
.005705552
.005704887
.005712996
.005595085
.005784652
.005603655
.005688879
.005627980
.005718194
.006635302
.005679167
.005633743
.005758012
.005600242
.005672179
.005654414
.005687182
.006584396
.006695135
.005713094
.005697878
.006613882
.005730118
.005571542
.005745855
.005621546
.005674867
.005575179
.005716932
.005706227
.005703726
.005581875
.005672415
.005762497
.005633096
.005538049
.005684930
.005690469
.005667293
.007516910
.005594145
.005732447
.005622073
.005729078
.005585245
.005745720
.005657318
.006737598
.005600466
.005720814
.005645355
.006728806
.005549773
.005730604
.005660923
.005742883
.005698843
.005699051
.006531008
.005700925
.005568961
.006629535
.005580889
.005632518
.005595987
.005671272
.006773921
.005674784
.005574101
.005697511
.005565860
.005709335
.005671023
.006635948
.005588293
.006691324
.005542527
.005786586
.005600644
.005684899
.005641116
.005773553
.005539549
.005692588
.005682164
.005695023
.005562921
.005767365
.005652729
.005782755
.005697339
.006784774
.005607672
.005638496
.005664261
.005733788
.005775492
.005700581
.005570138
.006630622
.005535312
.005692172
.005607436
.005633696
.005579168
.005710240
.006497760
.005711148
.005624896
.005718760
.006617866
.005796647
.005668932
.006690273
.005569303
.005734609
.005619746
.005736033
.005594723
.005633252
.005584396
.005696629
.005586942
.005669023
.005590171
.005713913
.005592482
.005681764
.005529062
.005724210
.005542388
.005796608
.005579188
.005755308
.005593888
.005734358
.005635121
.005753499
.005609022
.005705725
.005646498
.005721621
.005606388
.005671585
.005555839
.005776426
.005575220
.005742171
.005640754
.005751062
.005616735
.005683003
.007594722
.005606706
.005664904
.005614869
.005755015
.005572250
.005710693
.005611458
.005711253
.005602263
.005672464
.005573151
.005679813
.005605201
.005700448
.005594516
.005762673
.005601250
.005686231
.005562182
.005693680
.005600105
.005694931
.006684936
.005744982
.005624102
.005740621
.005683804
.005687945
.006689341
.005668637
.005556124
.005699173
.005565572
.005706738
.005605953
.005650459
.005631701
.006734626
.005619190
.005746981
.005575142
.005707423
.005625008
.005693480
.005657164
.005718275
.005609658
.005699465
.005745257
.005686815
.005623438
.005720034
.005593865
.005740388
.005666866
.005627066
.005532686
.005737910
.005666786
.005663684
.005592554
.005698947
.005608597
.005719838
.005581861
.005749684
.005611714
.005732750
.005606481
.005656898
.005721626
.005710112
.005615169
.005631948
.005626727
.005681275
.006552699
.005665942
.005619071
.005667584
.005584318
.005718166
.005595006
.005636623
.005633516
.006582158
.005654558
.005720170
.005550368
.005664399
.005582495
.005658537
.005675402
.005640383
.005600172
.005749584
.005569148
.005655232
.005602891
.005640069
.005629395
.005718650
.005663556
.005785082
.006561989
.005686179
.006499304
.005694681
.005549682
.005681666
.005560305
.005748258
.005582849
.008539258
.005678312
.007750221
.005703061
.005588166
.005650060
.005798649
.005782723
.005654942
.005734316
.005683516
.005785729
.005667463
.005726873
.005689423
.005663067
.005622694
.005713883
.005745201
.005699523
.005702226
.005644011
.005671750
.005742824
.005616847
.005670669
.005578557
.005640354
.005605632
.005873483
.005694526
.005772232
.005718898
.005703705
.005586995
.006649176
.005690160
.005650376
.005583092
.005704850
.005612686
.005702479
.006517087
.005713727
.005591885
.006614714
.005600091
.005687633
.005605639
.005700942
.006626985
.005669917
.005644096
.005814169
.005617962
.005677887
.005588267
.005711607
.005652801
.005768724
.005623398
.006633872
.005646959
.005719309
.005592387
.005729750
.005605282
.005713863
.005588660
.005678184
.005570346
.005824980
.006601621
.005747148
.005527143
.005672646
.005621487
.005737910
.005616876
.005666059
.005647782
.005678616
.005650818
.005813999
.005694345
.005638187
.005632735
.005755779
.005687723
.006626068
.005575309
.005675773
.006645211
.005824769
.005663179
.005669793
.005576345
.005820120
.005580091
.005723185
.005648997
.005737795
.005585720
.005749620
.005617420
.005655758
.005627028
.005721530
.028826331
.005686492
.005640790
.007557463
.005759079
.005563616
.005695623
.005605593
.005690608
.005634460
.005724911
.005545286
.005676900
.005623444
.005776210
.005596107
.005748968
.005769561
.005639751
.005575634
.005710775
.005631815
.005642845
.006626619
.005796828
.005555271
.005692541
.005667022
.005767702
.005629693
.005710080
.005575095
.005665944
.005675249
.005820273
.005587062
.005651184
.005622756
.005693054
.005687807
.005647904
.005587048
.005700790
.005589813
.005708867
.005599588
.005769667
.005637837
.005699102
.005568057
.005735584
.005675322
.005676280
.005624132
.005706687
.005627392
.005745411
.005619290
.005698236
.005661927
.005666553
.005592860
.005658718
.005602653
.005702397
.005573243
.006661321
.005538704
.005743740
.005722145
.005729181
.005633970
.005721467
.005650755
.005805375
.005678362
.005658770
.005609830
.005661982
.005669019
.005718212
.005680533
.005722569
.005587009
.005811844
.005558991
.005735117
.005597190
.005768587
.005609298
.005648230
.005605340
.005698129
.005574017
.005713459
.005566215
.005639418
.005630915
.005729576
.005590854
.005661563
.005612630
.005667409
.005661782
.005773427
.005572927
.005728078
.005635240
.005693820
.005595951
.005665329
.006596091
.005767285
.005599789
.005730984
.005608382
.005760374
.007430812
