.444509700
.442118100
.354582000
.441225100
.405490900
.425908600
.440994800
.419785800
.397292000
.476384600
.363861800
.374144199
.371057500
.299040400
.382188900
.440786400
.424288700
.402535200
.422195200
.339955200
.459291500
.410755300
.372552099
.345159400
.429507000
.411288501
.356372700
.398247500
.368620800
.425359000
.392996900
.403360700
.386087800
.404217400
.389155100
.389866400
.327677799
.346720501
.508271299
.433841301
.376548300
.384887499
.388887900
.407089400
.402103200
.428578900
.405505600
.408964300
.366767800
.431163500
.389144300
.318344401
.349451000
.363493500
.328470300
.435327200
.449680600
.446675400
.403948100
.417004999
.366351700
.329673500
.434267500
.331145300
.362873900
.356082800
.356350100
.371377401
.417930300
.377896200
.385512200
.395732800
.405255300
.409045700
.406918600
.371519300
.342851200
.345287700
.378644900
.357616500
.345074000
.391841700
.326723100
.395707500
.383205600
.422435600
.351388800
.427529500
.318490500
.349631400
.346733700
.413145100
.372162500
.321990200
.300126000
.349051800
.339940200
.371665900
.418167800
.402291600
.354859800
.405814800
.414450800
.418172500
.403007900
.353439200
.374929700
.377986300
.428942900
.320490800
.380643500
.392929700
.336318600
.380484500
.359260700
.380862099
.385380300
.345888600
.310534600
.332724601
.412912300
.442668200
.359039800
.382814700
.309074800
.377148100
.389058100
.376345700
.325557600
.383909600
.376313200
.514779700
.357371400
.350320700
.359205499
.357788701
.381973500
.351764600
.382533800
.423970000
.367427900
.402877300
.336144700
.432370300
.389326500
.377241799
.546797401
.350240500
.460223400
.347731400
.398868999
.350072400
.324054501
.439431599
.396608300
.369001500
.353664600
.355411000
.343609099
.330735400
.314396400
.317390800
.350026099
.367141000
.428744200
.314118500
.375674900
.429064200
.398625700
.356394700
.351491100
.359717500
.396926000
.312295800
.326673001
.340156900
.335131100
.311569800
.379250300
.434270200
.338907100
.347108700
.415833899
.366379100
.342365400
.391185600
.284059102
.323931100
.310909900
.314147200
.311376900
.504291100
.331771300
.426919600
.314098400
.359895900
.352894500
.370842500
.391916200
.345056100
.305847400
.353567800
.309393800
.343190200
.344476000
.352509100
.330167700
.337215200
.384879100
.353427600
.365474700
.320603400
.364970700
.391476301
.381249599
.351918100
.377960800
.381458400
.384747799
.343640001
.396610300
.331309100
.345506600
.319006200
.387305499
.365961300
.369891700
.291022900
.421814800
.324373100
.349176500
.324396300
.363525001
.310500000
.347658000
.326147400
.298581100
.453343700
.424191200
.404886700
.356489100
.421000399
.373361001
.357678198
.379214101
.352630200
.403339100
.352298300
.347990799
.318962800
.359446400
.371416000
.400565601
.382401600
.310704200
.401996000
.345198599
.391329501
.339125800
.363712000
.400120100
.367469399
.315827900
.388617600
.361512400
.332707200
.392814000
.377458600
.338474199
.396019301
.403314000
.310184000
.307371400
.387099399
.416205000
.376089400
.404856500
.372831901
.349040500
.432827000
.362552000
.466092500
.324203400
.474895400
.378081499
.361884400
.339606600
.464756100
.478657801
.348398100
.377131600
.396790600
.381500500
.382371500
.410902600
.383595400
.428886400
.342183500
.321041300
.347712300
.322080800
.358277000
.391641000
.350364800
.328645400
.441759200
.414246700
.347294700
.349550100
.344364300
.321563600
.287145300
.348917300
.360645100
.362375900
.349997900
.423330599
.396782100
.311090400
.371811900
.334872601
.330098000
.364271900
.388068500
.346407200
.462253500
.365461700
.336467600
.308470000
.459670500
.414484000
.381159300
.339533700
.425597600
.375342100
.337705100
.391057500
.305439499
.374810100
.303604900
.310846101
.376292700
.383284700
.340464200
.324955799
.363778501
.391673900
.420367600
.365168999
.313521500
.379340700
.336727800
.353448202
.405173000
.326762500
.350149500
.308311100
.387299899
.431050800
.337575200
.352437500
.484146600
.425144000
.352892200
.412319100
.330172700
.373431000
.378632600
.395509501
.461203400
.359164900
.339415200
.389089600
.356399900
.362874900
.416444100
.391836299
.377276500
.414223100
.317823700
.339653801
.354227400
.401204500
.324370900
.386108199
.388519600
.352303800
.344876500
.345014101
.376549500
.331289400
.455779600
.392025400
.335471200
.374268400
.444521900
.375548600
.416681899
.348217400
.343826100
.425539001
.401851500
.339274100
.331310300
.366393800
.388109400
.335083000
.362271100
.354795100
.386013000
.366244400
.340625600
.513097900
.374999800
.355712800
.364129600
.332616400
.374166400
.421019300
.320942300
.411130800
.393932300
.305748400
.324676500
.395062100
.360957800
.349518500
.365298100
.393564499
.372402200
.360374100
.342711900
.419038401
.371049200
.313432900
.291000000
.349941100
.376673600
.358540100
.328588400
.367334800
.395283500
.342982400
.369019700
.330964400
.434054100
.390200100
.343368200
.328299300
.382632800
.395996800
.351222700
.321250400
.428171200
.374430500
.327087900
.401753800
.369251800
.415735300
.306515900
.396489600
.355042300
.302300900
.286211200
.411605200
.379440500
.327936300
.308048200
.357246200
.379163599
.444653900
.413292400
.304413900
.398454301
.386282800
.305385400
.323753700
.399277299
.332916100
.330319000
.400702100
.377572600
.368694000
.363501200
.392481000
.382151800
.361731500
.343664900
.305517100
.338944601
.351368600
.373370300
.352596200
.336114699
.351756600
.351283200
.337200200
.377666300
.374545699
.392471800
.345291700
.367919300
.345607701
.343431600
.374694700
.309943800
.363663199
.395430500
.348878600
.290041100
.361488901
.389886800
.381444600
.390924300
.365095499
.360196900
.362010600
.304788600
.371619301
.327346800
.422724200
.342561800
.439187299
.327230800
.376556900
.345677900
.396370701
.318918800
.451424300
.351536800
.381822000
.348863600
.309265400
.377416000
.317303000
.366051101
.352618600
.397763400
.340028000
.417020701
.400010700
.342930900
.326843100
.384448798
.349705000
.307093300
.323612700
.479640100
.409199200
.370760400
.326363502
.357636300
.361992700
.398806400
.289708100
.360589300
.366978300
.378743800
.384304200
.371714701
.303836600
.308704800
.325178200
.380774500
.350860100
.365730700
.382695900
.393631300
.340066300
.326891800
.355583300
.415171100
.441422300
.392786900
.402949700
.327910499
.362686600
.395254500
.333829700
.367672001
.339233000
.383883400
.404774100
.370876600
.390253900
.354942500
.314732900
.349562699
.385921700
.339120600
.323019900
.345481901
.407239100
.368503100
.381762800
.367434900
.376096600
.378673400
.342476800
.329796200
.389479300
.319699700
.310883800
.409891200
.422564600
.320962000
.384980300
.342791200
.407659100
.371675900
.335714500
.332360100
.543779200
.481355700
.377921300
.362365799
.569778400
.272207300
.450555400
.452374600
.349017200
.324869500
.453656600
.333497300
.438505200
.409644300
.422033300
.456873101
.426017100
.443039099
.380190800
.338945100
.385465000
.385005600
.351184100
.354170800
.392046900
.383761801
.350834400
.367422100
.302560700
.357952700
.405264100
.350955200
.342923300
.433954300
.323266800
.331743400
.412300100
.368856100
.404212800
.363122300
.298796900
.331561500
.398570700
.377874600
.344945400
.328506400
.345857800
.437478600
.403310600
.356662800
.366174300
.377292800
.360708700
.399781500
.407474500
.320021600
.366486600
.387252899
.372894100
.411154800
.416232200
.366301500
.360826100
.416011600
.374240700
.365349100
.376663100
.341579500
.335564900
.414551801
.353642400
.347649500
.386421700
.368896000
.348196600
.348259900
.343144400
.472814199
.341584200
.341792600
.352259300
.375420801
.389735900
.321502100
.387025000
.403862999
.375084500
.369891200
.323469000
.349491101
.411041600
.367601100
.373526800
.362756999
.355307600
.356128000
.299835800
.347405801
.376966599
.365783700
.363218300
.362225599
.351293801
.379485500
.357011499
.405151901
.399972500
.362468700
.363155800
.300102500
.353970000
.370986900
.355201700
.343716600
.378387799
.353127500
.324312100
.357705500
.357878201
.403370100
.376303600
.303099300
.380598200
.334678500
.336541400
.285440100
.342607900
.417071500
.337404700
.340073200
.384801900
.365072099
.373864200
.407657200
.396089001
.350749600
.329610900
.377144600
.315352900
.429260600
.374659300
.359864500
.318369700
.387195800
.332587900
.376626699
.355814100
.380043601
.364452600
.352005100
.315337800
.351973900
.312856000
.315162400
.278646900
.338246300
.452981100
.326524600
.417394200
.378889000
.408330800
.347334400
.330724700
.311646100
.447200001
.388503900
.316562500
.350930601
.404457100
.347607800
.357034300
.354365199
.339361800
.419395400
.314200700
.371457099
.398732101
.362147700
.359866700
.383112800
.428205900
.394742900
.388327300
.315624699
.328115600
.392849900
.342041300
.335507900
.387918101
.386061000
.385206999
.330321000
.301629401
.371014800
.304998300
.269643900
.294411499
.435868500
.361284400
.328471800
.396629001
.445775300
.400041600
.319147500
.474141199
.389208800
.357099600
.383484200
.384774301
.309574600
.334192000
.343166000
.445727399
.355847700
.345249500
.371878300
.403493800
.369758500
.361964600
.379340900
.432497701
.386238900
.293909400
.378954700
.341297800
.382161600
.359446300
.361111000
.379191800
.344727900
.404783900
.438417100
.391462400
.300373000
.381785200
.318141900
.389056900
.381340000
.345259099
.330943301
.403687198
.435034900
.346190901
.362327899
.411541301
.373718400
.375003900
.372460700
.387496600
.399227200
.338934300
.300706900
.449238899
.373141000
.345135700
.312754100
.350704501
.348894100
.355134300
.387834899
.354166401
.393465700
.356987100
.316350900
.378943100
.368848800
.331306500
.369818700
.423050400
.380500000
.349761200
.330922600
.412878399
.381097000
.334291500
.323022100
.304792802
.355201500
.339076400
.324866400
.355027800
.285108600
.410855400
.334107800
.358098000
.351556199
.410926600
.364343100
.356109000
.368297401
.533971700
.353881400
.391163300
.435165099
.324247100
.323383400
.356729500
.421954100
.355209600
.374485500
.315596500
.502927100
.384115200
.360385100
.439462000
.384240300
.329962100
.400004100
.399355300
.301945000
.414285800
.396703800
.346635799
.365107400
.367002900
.369610600
.416351101
.355005400
.349164500
.409210000
.420893000
.336209500
.360310700
.393826400
.372428399
.408253000
.320607800
.333616900
.388812902
.328792899
.300376199
.278820199
.292943099
.329744300
.454782300
.374067000
.328868000
.358289200
.404127400
.368981900
.312072000
.416399900
.335217500
.371299700
.441387500
.411386799
.432416500
.369568100
.393121701
.365475200
.394463300
.395429000
.391364000
.390116000
.375978900
.362122300
.370952600
.372891700
.321832100
.342358400
.327854599
.375848500
.361897600
.345295500
.319997900
.349976600
.366286200
.401664600
.353185200
.379299099
.315629300
.394677300
.312088200
.345089300
.327630400
.313829700
.284564600
.375228300
.349971700
.420294800
.383058900
.345183200
.393782100
.374417200
.422283700
.374636600
.366275100
.384597300
