.459319699
.554800400
.617278300
.549139100
.613468600
.593176900
.626690501
.594120600
.540216200
.534037099
.506558000
.502148300
.593411301
.448228700
.550878401
.549447900
.486072100
.529413100
.576579800
.517183900
.420225200
.418605200
.538066200
.477112900
.501050600
.505277300
.539961599
.550288700
.572379600
.476432501
.606224600
.432306200
.602409300
.556170100
.441447001
.581042600
.538378800
.434604200
.474051300
.466771000
.531054100
.473506600
.578824100
.551498500
.540190700
.505109500
.453615200
.468477800
.517223300
.461350900
.503155500
.503661700
.490187500
.569774500
.426068800
.508029800
.539233700
.463643200
.496984499
.432141700
.558058100
.400412501
.637537999
.587220000
.394095100
.419596400
.503669100
.451110200
.416293200
.542606500
.431052300
.570714700
.500188500
.509130000
.440702900
.561329200
.494734600
.456721300
.406215200
.484040000
.445950600
.436884800
.437938100
.497157100
.439622900
.565276300
.439730999
.460328600
.483877601
.501023200
.473603500
.455193500
.392582500
.418857300
.492577899
.427973101
.474924400
.475540600
.484262201
.518080000
.426659900
.431444400
.431335600
.464826800
.438542800
.504437800
.522736000
.443966700
.420886000
.572996099
.476906400
.447702600
.434215300
.388629900
.503759799
.568899101
.420989000
.599720400
.456294600
.517921300
.453967300
.445267300
.446544900
.438395300
.448003399
.419733800
.454474800
.464643001
.458282300
.450215100
.476331700
.460806400
.480359600
.407607400
.456541399
.424463900
.517235100
.559041100
.458133400
.399093700
.453774801
.489161400
.414808200
.580334500
.716963000
.518388700
.479115100
.544731300
.527034000
.576140500
.501277000
.431207700
.400612000
.576922500
.370038400
.488836900
.419757800
.508223200
.428231500
.440312300
.454787500
.455067300
.485479400
.482335300
.445556999
.410484300
.408645600
.441744400
.423366901
.385303700
.432803100
.429726500
.456647300
.449076600
.477917400
.482726600
.436371600
.534342500
.532404600
.441370000
.416987700
.512786100
.443557400
.442795800
.402986300
.489164700
.441073700
.414675500
.519243300
.417576800
.394592500
.482228899
.570787801
.571847500
.470335299
.553612400
.494956599
.499596101
.591801100
.504049800
.484018600
.485191900
.424689300
.466584499
.459256100
.517168300
.493418701
.461641700
.431766300
.454703400
.434143400
.447842800
.397958800
.411746900
.422581900
.445093000
.541780500
.483144100
.497999600
.458159300
.463880400
.497515300
.456310399
.420906900
.450790300
.479204001
.470867500
.482848200
.537973000
.381897500
.439288400
.431464500
.452844200
.582893000
.463093599
.517451300
.451798600
.378368300
.432297101
.490683600
.426979200
.503431200
.457440800
.490508200
.482483299
.450630600
.422071300
.424560200
.454166401
.460985200
.580607700
.507364099
.470226000
.431289900
.436957601
.462992200
.414652400
.462935600
.401183700
.443238800
.444230800
.471699700
.452262000
.423622599
.438575801
.407609600
.455032900
.535366600
.405512200
.527653800
.475900200
.496584300
.513152700
.434381200
.431121300
.471216300
.402345200
.478992900
.430915399
.457328900
.504039701
.442637700
.426551900
.485726600
.495100599
.409145201
.520735899
.498622800
.471604100
.404976800
.461625900
.411400600
.450189702
.533773700
.432789600
.438032600
.452900299
.443294200
.426613600
.427620801
.476682100
.459077100
.379504900
.431057700
.661143600
.547786100
.444304200
.424558800
.446617300
.455131700
.439200200
.466715500
.411835599
.474206600
.461146100
.515829700
.459017500
.426288900
.483230500
.449880400
.422007100
.421649001
.467462300
.448868700
.453986400
.487662100
.456981800
.443254100
.528014299
.452626000
.437435500
.470874301
.460817100
.402204000
.452651600
.479165500
.422816500
.487960100
.491256200
.519666500
.441672700
.511227400
.484133300
.460539900
.444712499
.446829600
.437838200
.416103000
.435252900
.487837800
.439217600
.420074601
.503990100
.416155300
.489202000
.395771400
.406623600
.412471701
.483299100
.469955000
.506279600
.392857400
.458272600
.458482200
.426738700
.414856400
.438403600
.434339000
.450740800
.506332700
.497025099
.452725500
.438152900
.512259800
.494571600
.584771600
.524382600
.497898899
.508530401
.447993700
.534752099
.491166100
.464123101
.460930900
.474085500
.462294300
.513032900
.477730100
.371759500
.484419600
.438080600
.460614500
.463376700
.524095600
.427189000
.476476600
.429672800
.419413000
.443544000
.481159099
.426622700
.441925200
.457490301
.484488700
.480180400
.490136499
.435620600
.486211800
.448106201
.438149700
.492673400
.441279699
.576114900
.513649900
.468054200
.449096200
.466233800
.376233400
.435886400
.500133300
.472092500
.466233499
.484634200
.525718000
.469025101
.469210500
.443834300
.529635499
.476578100
.501826100
.456323800
.453930900
.456596100
.451422300
.502639100
.436834200
.506028001
.441223200
.449394400
.482427700
.476984900
.477362100
.398927800
.498271400
.447839000
.479061300
.483720600
.476566900
.453680900
.435530299
.433706900
.418416700
.476924300
.448501001
.428216500
.434116300
.494036000
.436769800
.447517800
.465066400
.479213300
.403599000
.422885200
.430743099
.442983500
.450541100
.482021900
.459434900
.495335800
.480154501
.433842500
.392628400
.485681400
.422714700
.442523400
.409752800
.448487700
.492198800
.424462200
.488555801
.446182199
.434444698
.473235901
.484526800
.495867900
.399722201
.432023700
.432819600
.459306099
.550354701
.508231800
.403920200
.454447999
.435357400
.477590200
.472754500
.396283300
.464831300
.432387102
.456730700
.460618400
.459411200
.436414500
.463456200
.465416200
.444353399
.436425800
.438346100
.501063201
.467127800
.436821100
.504493600
.465574300
.404925200
.446361200
.441956300
.428505200
.436933500
.456701300
.462316700
.423253800
.418040400
.473756900
.446977600
.463694900
.447577900
.449603400
.438535600
.467425200
.471700900
.420177300
.468896400
.418185200
.436875400
.424163800
.458401000
.459906200
.482948500
.480586299
.462347500
.439416900
.491457500
.428903300
.437237400
.440807901
.415681700
.430970400
.468286500
.434019900
.542822800
.423850400
.446481500
.456931600
.447891200
.477004000
.429653300
.444650900
.416718399
.432967800
.422504600
.442042800
.444709301
.481745500
.463561400
.413993300
.497416699
.395604700
.419191901
.533735200
.431329300
.403439200
.505850100
.451774100
.386243900
.442049200
.405576100
.465051400
.473787200
.433183400
.465005300
.434792200
.464012199
.421431300
.506945400
.419236401
.451963300
.400456500
.403212700
.487790900
.501581100
.476873500
.406236400
.423392200
.461620300
.428130300
.456080500
.377937900
.488006401
.456608600
.407215200
.463190900
.463127799
.454341700
.427306800
.396599401
.460604700
.474271700
.418814700
.410677800
.453222700
.466061600
.403780799
.466563300
.463225500
.394288601
.440543800
.401452000
.376676500
.433783700
.460343300
.424401300
.435539500
.485025400
.410826500
.406550400
.460869800
.487820600
.500196000
.486963100
.468694500
.379851200
.433642300
.430113000
.432580500
.445037200
.459799901
.428837400
.457845800
.432406500
.445439100
.483282200
.467313899
.439075700
.457022600
.436590201
.426312000
.401318200
.441495200
.454504799
.474631000
.435895200
.474205300
.465945500
.406382800
.407722800
.465531801
.422518800
.423214300
.422271299
.432257700
.419663500
.451145101
.425031600
.439867800
.412219800
.452122800
.431269100
.437354200
.463243600
.434501400
.518779400
.449091500
.425183100
.432926800
.435019900
.424453600
.479047600
.465064400
.428771400
.424996400
.457363100
.426704300
.559245500
.372871000
.412708300
.443814200
.481605100
.455731000
.495672500
.443196100
.396310299
.479171701
.430951600
.531816700
.456769600
.528976600
.488320800
.395248100
.570802600
.483119700
.671722400
.499511100
.450301200
.500760999
.451873000
.422626600
.437991801
.436502300
.426839300
.439471300
.447707300
.433507000
.436616900
.512372499
.467011700
.442074700
.462634301
.415552700
.491370800
.461116500
.444160600
.453629100
.465872000
.414082500
.436092599
.439055000
.506836201
.469071100
.411351600
.433144600
.401209101
.444970200
.526790000
.406312899
.482637500
.410880200
.494966801
.509600200
.432049700
.490851499
.492511100
.377510500
.418479000
.440572901
.478078400
.432378700
.423637300
.435508400
.420038400
.478324600
.423531800
.492698500
.469574401
.421487300
.470693700
.448447900
.439750499
.432634900
.475591901
.473995800
.474004300
.454509800
.477457000
.455772400
.480644100
.462747800
.382197300
.457920800
.460368700
.483577400
.543724200
.436709700
.435998600
.496553700
.468455000
.466898400
.437758300
.378966900
.416179600
.439392401
.465893600
.416080100
.457088299
.452414200
.459795200
.451601101
.498245000
.381649000
.449909600
.370885600
.490620400
.467615900
.466732300
.462709800
.426135700
.635825500
.754351400
.484921700
.543947000
.632984200
.647236000
.600201000
.677178900
.608659600
.626729700
.479185301
.572658600
.567922799
.516194200
.469446000
.531899201
.580967699
.421009802
.542152300
.535114900
.540724700
.506260099
.495608100
.423523100
.515942001
.503365000
.741844700
.602442900
.560306900
.537133100
.464489800
.493871800
.454458099
.427824000
.424005500
.510516301
.456023400
.426974300
.441252800
.494201000
.391319100
.442131600
.697520200
.490491700
.469310600
.489118700
.454028400
.440014600
.497498000
.384135200
.455025400
.355081200
.459147100
.395153400
.433055500
.439574500
.472901800
.479513400
.439051800
.438286700
.471703700
.428354400
.391342600
.422907700
.431437000
.438409799
.446330600
.479665600
.511518200
.458699600
.411193500
.462247101
.424712800
.406537000
.519431700
.399781000
.445386200
.436462800
.517323100
.551651900
.515863900
.440771100
.432922800
.485779500
.458670000
.447085900
.382106200
.391737500
.474789500
.451051900
.432405300
.502885100
.436987800
.414809300
.463990900
.437644400
.423700300
.451769200
.444296500
.424775900
.426359000
.443591400
.487890400
.486390500
.392474900
.449250300
.448658200
.422440600
.415758000
.403977700
.424607800
.428358600
.404430100
.433434300
.456093200
.470374800
.456271900
.461559600
.453208601
.438510500
.387314000
.444553299
.416597300
.440185400
.477031102
.472412401
.446390900
.482590000
.467472700
.398675300
.463381700
.475210400
.365864800
.429957600
.500324501
.455251700
.483757499
.466411598
.419289101
.455008400
.415893400
.459230900
.395094400
.431874300
.434218399
.422393600
.420709300
.385801600
.483823100
.385776700
.439731700
.462541701
.459708800
.424519900
.403433500
.427348500
.436020500
.429410000
.429240800
.436312600
.483956300
.454004801
.442906700
.503190800
.377724200
.406204300
.459085100
.435780200
.386999199
.432450100
.455334000
.408571800
.503305301
.434194200
.409326700
.473758100
.399831200
.402478100
.456851300
.450941501
.388334300
.488965900
.424728600
.420673500
.458518300
.501105400
.411869400
.481476300
.448623500
.486529600
.445326300
.466383500
.506269900
.442414300
.521230600
.468155800
.485014400
.435409400
.397519699
.500213000
.426605800
.392450501
.439781400
.398018200
.432827100
