.480702399
.629621700
.541954400
.565636999
.538239700
.608610300
.496890901
.504996100
.492363300
.536606200
.399093700
.542346300
.428153000
.444724900
.432995700
.583584199
.519569100
.519070800
.510261601
.537428600
.525007300
.516994200
.550369600
.537379400
.736272200
.505965000
.494876699
.524664600
.468311700
.492885401
.550988200
.536954400
.540283400
.459109400
.521850301
.433535800
.472995800
.498897900
.590818899
.509190100
.559963500
.551671200
.576692601
.392347500
.472308200
.502905100
.430388500
.449421900
.504170400
.496718600
.493198100
.420132000
.524085800
.440522000
.534126300
.474728700
.436101200
.665954800
.604150600
.588784300
.460623200
.439054799
.527715700
.462788100
.413741600
.409471300
.477696900
.428774800
.435629301
.520848400
.482944900
.468569900
.515035200
.467299300
.561193700
.456588300
.522306300
.416140599
.504359200
.523013100
.456929800
.404319600
.538739300
.516441701
.488859400
.456573400
.472530999
.491965900
.523171400
.494199400
.557339200
.485636600
.478131100
.533968900
.539775400
.501166201
.511647000
.450469200
.485904300
.458605200
.486331200
.466585500
.482564600
.484168400
.436115599
.442364000
.429040100
.445081101
.555752300
.416326200
.456007200
.480385000
.419447800
.421258600
.505084000
.447472200
.454981499
.450845301
.456993800
.492795200
.418369700
.527997700
.422525400
.428578699
.412600400
.494291900
.552832400
.470805100
.416668101
.409524900
.416764800
.411132299
.429932900
.496237001
.456570000
.486905400
.460240600
.420127900
.511869700
.440386100
.416458600
.406375400
.352197700
.389789401
.480103100
.414181800
.412726500
.460996200
.510064800
.467894200
.441191700
.415906500
.441332500
.438136899
.456276500
.417188300
.387639300
.411452701
.524169900
.467359500
.444305799
.505838100
.468872800
.537490801
.345228500
.442662700
.395151200
.483529000
.442855800
.417924100
.514304499
.460851600
.449364200
.449068701
.476996300
.481147500
.443630000
.441526400
.426113800
.429055100
.427679000
.502737700
.480284500
.450981100
.379825700
.416800000
.455935800
.421012700
.473148800
.462916000
.431513800
.423742100
.453580300
.489333400
.440613600
.461036700
.479469600
.476071900
.451094100
.393902801
.437729000
.459210000
.477065200
.443559099
.446762700
.453537200
.498985600
.462918800
.476270900
.485448500
.458413900
.456408700
.411530201
.460325500
.467808700
.467995100
.445786500
.396573400
.409370800
.449055400
.411892700
.446765200
.424143900
.399309500
.487427400
.485389100
.494726200
.428231200
.407108300
.455385100
.389249500
.438072400
.407920900
.439078100
.407150600
.463785100
.434771200
.449691300
.507804700
.515268000
.545851000
.381220500
.410394600
.490205800
.360685200
.487632200
.494259900
.403449500
.536146000
.496018900
.464114500
.407418999
.406936601
.484742400
.415425099
.418541900
.431498001
.492412100
.454100000
.472588099
.492016101
.435045200
.495026400
.486556000
.417316500
.471999100
.421673500
.466997200
.463537299
.440702400
.530421200
.575663200
.447996700
.390881300
.435546700
.453158101
.450041200
.410644000
.445454899
.518138400
.396220900
.363952501
.518972000
.467302600
.463571700
.521824900
.432629500
.421134800
.480762300
.418298300
.461436800
.485382800
.539559900
.433574600
.484542599
.475553601
.456702700
.427259400
.416159400
.496841000
.400895200
.471637000
.530584000
.488856500
.437551900
.481957000
.533137700
.447872200
.396225100
.447935400
.518814099
.443548200
.497684900
.471801101
.426865000
.500181500
.411313199
.416462900
.489288900
.405336300
.397635800
.443963600
.424743700
.527084100
.417599800
.447034900
.489948400
.493527200
.433634400
.424404500
.464155100
.424114300
.469772500
.518588600
.428070100
.598721900
.766637399
.494785800
.633748301
.584806500
.589125900
.544399200
.498727900
.553335700
.430763300
.562268400
.533675800
.592427800
.577445900
.511237799
.560181000
.535350500
.474247700
.417110599
.466406900
.444962001
.501680400
.425400900
.423052900
.536112900
.432133100
.434875100
.441894200
.425232600
.398913500
.486529900
.408913400
.460047200
.475096600
.451275000
.443999700
.366072100
.429000100
.413102500
.478605900
.439124899
.519884700
.403077000
.440553300
.470677300
.468238200
.459195300
.428424100
.417047800
.465806500
.470325500
.424321200
.438980400
.436287499
.451138200
.426028300
.421308200
.422523601
.430723900
.380383900
.454254500
.463207800
.424092800
.414791100
.483514700
.441534100
.417839700
.515453801
.490864700
.412115100
.431161200
.420721800
.501130100
.441351000
.419206000
.439828200
.443267300
.411264200
.428683800
.470958100
.459761499
.472538400
.454464000
.414219101
.502349100
.421780300
.408346400
.416477300
.436833700
.437671500
.658924100
.591653300
.462905100
.451476900
.447972200
.454997300
.448185100
.435825600
.555574300
.510943200
.491388600
.468020600
.477725100
.433394200
.441553200
.425679100
.443154800
.419208600
.463987900
.416308400
.493421400
.542368000
.588184500
.486779300
.448954100
.412206400
.467700400
.461289699
.481960700
.392358500
.440046000
.511435101
.502443500
.512780800
.450433700
.448306500
.515982000
.475757100
.505660000
.439560600
.436662400
.479502700
.458403800
.465027500
.484313500
.428379500
.457329100
.550073600
.428693700
.454733100
.479520200
.422754900
.462573100
.492381400
.462140100
.436997100
.463996000
.461657599
.490648100
.397117600
.385324999
.439407700
.459447300
.401104201
.459219800
.490808100
.409832600
.395624600
.400680000
.489567500
.357713699
.435550200
.509506100
.439659701
.397740500
.457638300
.495197200
.454726100
.426645400
.464870900
.422482299
.450471600
.425388500
.457831101
.433208100
.411193000
.388368000
.423822700
.494947500
.478509200
.446977500
.451939800
.439239300
.409458800
.476001499
.447106800
.447923800
.458863000
.453940300
.465290500
.497762700
.448099500
.388596700
.447760500
.441372800
.441200800
.448314300
.452333400
.441863000
.473597400
.470704299
.440161000
.416411500
.474772701
.449654800
.417449600
.450803200
.475360900
.452124800
.403945300
.436186600
.486883700
.469071800
.500612900
.445760000
.410623900
.412555300
.435320900
.436531700
.528046900
.437136600
.500064800
.475553899
.467200401
.466395500
.452391800
.460615799
.389188600
.428799600
.391135202
.387062400
.459623000
.412494800
.488097999
.483324100
.439163400
.426585301
.416404800
.457065400
.345974300
.400126600
.510833600
.372292900
.414654500
.443358499
.445266201
.515300000
.423263600
.465455000
.457307400
.432846700
.415172500
.398781200
.454239000
.425197600
.446704500
.464668300
.452312800
.461933000
.436392200
.485307000
.520935600
.456980000
.481252700
.400358800
.435305000
.412189500
.476109100
.415540200
.507004900
.443917499
.492014000
.367243000
.478309100
.510389900
.415675700
.417753201
.405610300
.464709500
.460309000
.474641399
.484134100
.452265400
.482166101
.476601100
.498632400
.508144600
.418385600
.464181300
.458701600
.410428200
.461760300
.503498100
.424668700
.449403600
.416918100
.419892800
.469707200
.419751200
.418822300
.463258200
.408866000
.424195000
.495832200
.374645600
.383851100
.467274900
.416576600
.449274000
.479896600
.426494200
.412601300
.424481399
.422826800
.515812300
.454650900
.494391101
.433779100
.506058200
.501633400
.377444900
.449690999
.430620301
.451303499
.458081300
.484440100
.472341900
.389585900
.464203500
.557388199
.437436200
.431767100
.424646100
.409708000
.449084000
.480199900
.486792201
.460083300
.456244500
.402422999
.437642000
.473264201
.454917399
.496400701
.398396000
.433177199
.502971600
.492366700
.474715601
.447845099
.458829900
.434214500
.424098500
.435706100
.417378900
.446264600
.497501600
.454108000
.490912700
.497251100
.443371700
.418157900
.487907000
.383331900
.468811600
.545233300
.415915900
.467634600
.512301800
.510084700
.501239500
.448085800
.409763400
.522425900
.490887600
.379122300
.462700700
.433125900
.460482100
.410562300
.452894000
.467133899
.430125700
.423246400
.460840901
.445427200
.415881400
.375291899
.481527701
.415927600
.443279100
.496008899
.507864700
.456326000
.510785000
.529041900
.689731000
.525228501
.500229500
.459377200
.537549400
.525632400
.494545900
.520387700
.360482000
.437047200
.586479300
.688413200
.464295300
.476672100
.515003900
.468467499
.412931300
.388015700
.449593600
.483888301
.510240600
.376500900
.492154800
.399071400
.395951700
.608052800
.500460400
.448367000
.613175699
.579536100
.486475100
.503122101
.469810800
.473966100
.502269900
.503453000
.748628000
.462929800
.457278300
.417232000
.409270600
.491278500
.513211100
.492934600
.611078700
.514535599
.470842800
.595839900
.443488400
.537232900
.557350500
.459408399
.564278000
.427766100
.447793901
.413111900
.516857000
.516342300
.470755500
.421084100
.544956800
.568135199
.402798400
.520646600
.450958401
.564413100
.533625900
.466048400
.729655000
.649364900
.440825300
.509571600
.575050400
.496526000
.439474200
.571093000
.465375200
.476814500
.554139300
.388842500
.527533900
.416628900
.721558100
.719311400
.633743400
.300734200
.504534200
.480047000
.428353600
.432396599
.465715800
.411352700
.620029001
.424020200
.555737500
.546366100
.465868000
.460343200
.478308799
.545538600
.878946001
.492728600
.615048400
.470840800
.460116100
.605398300
.468510200
.409314900
.450519800
.482553399
.530757301
.393058400
.404417800
.438592500
.427145900
.458933100
.654767099
.524280100
.440628201
.431181299
.448584799
.437978101
.406301100
.421978200
.396919700
.526098600
.497736800
.474897200
.501437300
.502317700
.460443500
.478278000
.439171899
.503896000
.498869700
.482355400
.528841500
.567099299
.616504500
.640774500
.739486901
.455512600
.547758600
.686183800
.758653300
.726121900
.553999400
.806605399
.673197500
.686967301
.484044200
.841204900
.367102600
.697956400
.966740600
.806628500
.649470600
.821059500
1.283095300
.770398000
.716800200
.540371000
.595849500
.656379199
.529493800
.556388801
.830026300
1.889528000
.790102100
.724954400
.511639500
1.078524599
1.687789200
.752749000
.833849101
.518321700
.627922400
1.088953599
.537544300
.716801300
.729207201
.551192400
.663599100
.579906200
.363293999
.524082500
.747422600
.409807400
.572246900
.478199200
.465412600
.623929600
.461518100
.474193400
.805100400
.422746600
.683885000
.501492200
.516108000
.363370300
.405082400
.625150600
.521782100
.302928900
.712304200
.256498700
.706540900
.453672800
.413576300
.479324600
.746716601
.497120200
.919709200
.807009400
.806619900
.877700500
1.606658399
1.193146000
.600898501
.580367300
.476369100
.422395999
.654152600
.444392300
.700890600
.602081500
.755696700
.605427300
.783156601
.790917200
1.277768199
.913289101
.761696100
1.103776500
.690887200
.541731100
.611189000
.497209000
.638384900
.685149900
.530011199
.606561600
.652828801
.505056500
.425067000
.464805599
.496566500
.384138300
.541116300
.503523700
.550157400
.585391700
.446655800
.452935300
.551100801
.491668500
.466988500
.561299299
.637485700
.491731100
.428391801
.457597200
.446493800
.514060399
.598868200
.485631800
.503553001
.431739800
.462450200
