.537596600
.464520099
.443214401
.485967700
.471313100
.453190400
.674112200
.472620500
.462666700
.422168300
.474374400
.461171600
.465054400
.483586099
.453805300
.485746800
.453094501
.541577600
.452716100
.455248399
.543561700
.438897600
.434326601
.473515900
.415618400
.468018600
.447027700
.472635800
.435231299
.501546301
.469394500
.495484899
.492376300
.455366000
.436739500
.473127700
.456851900
.448030200
.474080301
.526372100
.433649400
.494822200
.478252200
.460322000
.447274900
.470529799
.498109200
.450482900
.465433800
.512038800
.452654201
.467759799
.486540600
.456713100
.469805200
.462567300
.435262099
.450183501
.524222700
.457109299
.467084101
.474702800
.445841600
.474522699
.491143700
.468247000
.439340400
.477351100
.485122000
.451336900
.557010101
.471058200
.482637200
.461732299
.483896700
.747167301
.481727300
.440092400
.432732500
.481935300
.511095200
.439962000
.498022900
.473771900
.458409399
.473456600
.499624400
.460109100
.491877800
.474755200
.475126400
.472822699
.476129400
.451137500
.442987101
.476355200
.432652800
.465778901
.469582600
.441926900
.467800800
.503922899
.468217300
.442982200
.473458901
.482376000
.482822600
.528607800
.459808700
.580456800
.525663000
.459066500
.456739900
.496099900
.470396800
.449764600
.473576800
.487903500
.475325700
.445580100
.505232800
.475744399
.485833601
.496430500
.473584000
.455322499
.522996000
.479032100
.467563000
.457321300
.482682100
.473483001
.493454900
.433141000
.462898000
.596501200
.453450600
.452006000
.492483800
.460562600
.470622000
.467353400
.463612200
.647827300
.518159901
.477242700
.457856400
.463660300
.481243300
.448355300
.472234299
.473369400
.468131300
.488669700
.528030300
.473515500
.478242301
.485139900
.459277800
.467768299
.433339800
.461397100
.481833701
.478624600
.456405000
.493547300
.473757700
.469951000
.467466300
.477452600
.452458900
.463975900
.473438700
.468556800
.468541500
.476500100
.457586600
.505705700
.474254300
.482665900
.475769400
.461166600
.469472500
.456296200
.451928100
.528985400
.461180800
.454248400
.473592400
.493256600
.461952399
.470965800
.434992500
.467094400
.490425500
.491332700
.459915300
.465182500
.490145600
.429748200
.539011600
.478809400
.440527100
.533292300
.480570600
.459650400
.471511500
.479149400
.453140500
.479821700
.497409200
.479329100
.697151400
.480560700
.467658700
.489427600
.476604300
.535717200
.532908500
.473716800
.451094000
.487995100
.473033900
.456281100
.471937600
.516699600
.468722500
.448993100
.471727200
.439143300
.469209500
.476909200
.454087200
.473861500
.482465300
.441529900
.423682100
.472629600
.473998000
.437633400
.469609400
.457887300
.460885100
.446696299
.479185800
.444604600
.479925501
.601006800
.491294100
.576395900
.470421000
.506308200
.476302000
.488356600
.455505600
.468020800
.485207800
.437596500
.449244300
.537751100
.489310100
.430060201
.471385500
.515874400
.458486700
.486720000
.497842900
.466821300
.498501699
.474100500
.445205500
.482574701
.497261900
.429130500
.467864000
.564750600
.489051500
.489691299
.472092600
.464820300
.778951301
.465885300
.494476800
.484212601
.514157700
.508032200
.508411400
.471288900
.461316900
.463405599
.465372200
.457944000
.473828702
.493594903
.589713000
.476218499
.513388500
.452304701
.523513699
.485458200
.445216702
.468621500
.492502500
.445033600
.497942700
.487624600
.465507700
.540147000
.487578699
.494006000
.522782400
.485592900
.442934300
.645032001
.539903899
.492408601
.489163200
.508848700
.539235800
.474702300
.446076700
.458073100
.498333698
.469285300
.460431000
.484971301
.483937699
.445562400
.490779600
.526489100
.458896500
.468684100
.502660200
.467854100
.509267401
.498676100
.453662000
.453063800
.481797700
.474060700
.445745299
.472791200
.489755800
.457088100
.480296600
.468422500
.457553400
.519710200
.472272300
.488933501
.473668399
.480331300
.460852200
.482362901
.467696300
.481701900
.494616300
.469155399
.464895600
.518280000
.541241702
.457493999
.486480799
.500191000
.465284400
.492285799
.505531700
.461019300
.535693001
.578041900
.466944800
.517622099
.481813200
.539162901
.497451400
.480782200
.456781599
.502614902
.464165400
.485011699
.534467600
.504983300
.516443300
.498388000
.469659600
.463735400
.481245100
.477873200
.448128400
.483834499
.465711000
.472566101
.474154100
.459091600
.473505300
.432893300
.503826000
.495772900
.418304400
.503734000
.474404100
.450971000
.517642400
.460565300
.437405000
.505200700
.450116400
.489079900
.492789099
.481588400
.445191300
.486543900
.469014900
.506451200
.489854201
.471953000
.555582400
.486128000
.463888700
.525612300
.482232600
.481574000
.465341000
.502370800
.485920900
.479417400
.478610400
.459664800
.471392300
.476499499
.496267400
.466946500
.471284801
.520109000
.466244300
.469529899
.478991500
.441368500
.433738801
.492046500
.469493500
.464395101
.482399200
.442347600
.462187300
.453117099
.474939200
.454411300
.470314300
.462759100
.456272200
.534595601
.470766800
.487012500
.493702900
.482462800
.472609100
.440090000
.480675200
.517440900
.468347200
.483244800
.458197700
.457590099
.467537699
.475937700
.458394500
.488405100
.460514100
.473848000
.477302201
.475062200
.451025200
.503638099
.477784700
.468049500
.492123400
.469345200
.445839100
.461191001
.499050200
.466942400
.468470800
.462350700
.497291200
.456562700
.487642000
.444908600
.441456800
.500301899
.468119200
.459231000
.500477200
.503682500
.497812200
.620919601
.621666899
.606170701
.776029000
.522520500
.642764600
.771779000
.812558400
.662414400
.925589700
.475992199
.474938100
.473801300
.450481800
.511339301
.463712700
.435465300
.493305800
.510101200
.537538100
.490307400
.464536100
.497595400
.469863800
.466075900
.456318401
.454683900
.479068100
.483009100
.452638800
.457592900
.473028900
.432883900
.467475200
.470749100
.485053700
.470000600
.450210200
.451177600
.483264300
.467264000
.452442700
.446155400
.472874900
.540534200
.605586399
.492872700
.466912900
.493308600
.484770300
.464918600
.587787701
.480479400
.464820600
.510631700
.446947900
.427679700
.450084300
.485341000
.427723900
.445942000
.488673000
.457152700
.462980401
.468596300
.437733000
.471913900
.500077800
.503362700
.440622400
.478002999
.503193100
.428274900
.461565101
.498942500
.422680900
.472834800
.480685300
.432886300
.469082600
.484770200
.464950100
.468681300
.487735599
.476443800
.428309200
.555498401
.463321800
.433686600
.480674200
.467861900
.574557999
.479328300
.476375400
.465323000
.506906501
.471538100
.456027600
.499438700
.470917600
.479350300
.473743800
.477976600
.475889100
.471308199
.508717000
.464232200
.446667101
.484864900
.486390100
.441622800
.472815300
.476566400
.427619000
.511772000
.469435000
.516466800
.511996699
.468319300
.469523700
.658762801
.461254100
.621953900
.486316300
.457602000
.458663900
.482210900
.456298600
.463326200
.484616900
.470906900
.418121400
.489823899
.469269600
.453836600
.507366799
.457454900
.458934000
.474970700
.461806700
.465980200
.472572600
.510227000
.467687600
.440968101
.495354100
.427580200
.430370900
.539688000
.452979700
.437452600
.505125399
.459188500
.442186800
.510100301
.461795200
.442160600
.506448500
.456487700
.440479900
.443481300
.467317800
.478398100
.441158200
.452220000
.448559200
.460534300
.456299799
.448626700
.469156600
.486835499
.473423000
.467596700
.484261701
.470433100
.451023000
.450918499
.474155200
.464175400
.443953801
.533735200
.489493700
.432735299
.516519000
.533531800
.445442001
.484611100
.456377900
.468749000
.476758300
.503552500
.464097099
.484755800
.473466000
.475990999
.481313901
.464432500
.473215100
.491812099
.476387400
.471706200
.500012500
.491928900
.459699200
.485013401
.480849500
.462669500
.454954300
.467035200
.461597200
.456929900
.467515000
.468836599
.465746701
.494735200
.477753000
.475526199
.477050200
.500692200
.429096000
.479716701
.449285700
.496604700
.517648600
.474140000
.486211300
.464670100
.499197900
.473544700
.484828300
.462943600
.441753700
.487529599
.466940500
.558025400
.466954701
.491846800
.460134200
.445724200
.485512500
.462428300
.437610600
.466402300
.464139600
.491770900
.462344900
.461622600
.442453599
.496270301
.465671800
.451776499
.496859301
.460769900
.463146399
.489571701
.464140500
.478498200
.583015500
.458032200
.446381399
.483638401
.462551700
.449491300
.448993799
.479753900
.447799400
.481190501
.477036000
.465449100
.517963200
.484573400
.457882500
.439764500
.480111499
.469329600
.483336600
.474284500
.486636400
.455411600
.493460801
.543803200
.485526900
.486963299
.493209900
.457850600
.547565501
.489413700
.447395300
.492978500
.480594900
.446928100
.562124199
.476918800
.440010200
.501379400
.465303300
.450841400
.446982001
.501745500
.434707901
.468928600
.478763100
.472203300
.456163000
.500063900
.477341300
.498479900
.484737099
.479100800
.462173100
.488004201
.492781600
.441375000
.460117300
.524177300
.496938800
.491023099
.468779600
.462325400
.486538901
.483252900
.451726800
.448785899
.470102500
.457875400
.465903601
.513479900
.474924500
.448484300
.456755200
.470932000
.481555599
.485812500
.445222000
.428437900
.477515300
.459555500
.428061300
.476982101
.459755500
.434560000
.444314200
.484569800
.529165999
.434040201
.451130500
.540257900
.452764500
.490227500
.472229800
.474234900
.531315400
.489594700
.448760800
.447735999
.475436800
.411627000
.460928301
.492806700
.447393200
.468872000
.490063500
.441897700
.445553700
.464387400
.428604500
.472576801
.456038300
.438198300
.462515100
.495419299
.468834500
.454250200
.527744401
.482108400
.506008400
.446558100
.464091200
.474628500
.487070400
.467732200
.464301200
.443527200
.508895900
.423939600
.463367000
.558335800
.451020600
.415138100
.464644700
.467522800
.447038100
.468484899
.476811400
.452239800
.463437201
.515763600
.496253100
.514942300
.472532100
.514182600
.539999800
.488878600
.453165300
.502714600
.466631500
.483030600
.517078000
.463700400
.501991100
.517156999
.527897500
.450976700
.501605100
.471236900
.453251700
.488186101
.481205100
.442552800
.447251300
.467601300
.489567400
.455711699
.484868700
.465550100
.481570301
.531133700
.460674000
.442284101
.681671498
.442195500
.453154301
.488548300
.513823600
.441451399
.472591800
.451050200
.481443800
.565751601
.446049800
.489681400
.485750799
.497124900
.482092199
.460733700
.451389300
.459965200
.501261900
.471947900
.448896600
.495410101
.479340400
.461816600
.479053200
.469639100
.461695000
.436425799
.475513600
.481424100
.447650700
.519262100
.470315800
.456651400
.637397299
.482331000
.455943098
.472146000
.470783400
.471956801
.458583500
.438400200
.466031700
.459479599
.470116300
.454644300
.486966101
.587319400
.505762200
.494694100
.461256400
.470470100
.525867000
.478745100
.444841300
.480757900
.473332900
.454789199
.495568200
.675242000
.464915900
.484143701
.481604200
.471208900
.488931899
.458640100
.464971200
.466027601
.470333800
.469936500
.441491400
.507013900
.448757400
.451824400
.470080400
.494980500
