.309541401
.296308200
.302576800
.274776700
.271455000
.292559700
.311263700
.276609100
.278857400
.238158600
.291066900
.281175400
.276341900
.287322000
.278475100
.276679500
.264654300
.274913100
.240709500
.280235200
.294222200
.280842700
.291198600
.281726600
.247027100
.254167700
.291416300
.276461000
.283023800
.276970300
.238338700
.276698100
.269855000
.268360200
.268413100
.272500500
.259288000
.280750299
.292158900
.292401200
.322859101
.291110699
.311038801
.383474000
.318432100
.339314500
.247919700
.300552099
.283519600
.276996300
.264075700
.238978700
.288675201
.256750100
.275628500
.283804700
.236926900
.232918399
.279858000
.276859400
.284389000
.274963600
.236484700
.276800200
.302914700
.272651200
.286657600
.304698700
.293377100
.280001300
.288897200
.255971100
.260912900
.277551801
.288739700
.291531400
.276753400
.239236500
.236412300
.285861799
.292570200
.283154800
.280807300
.318616700
.273627300
.271717400
.287152500
.273117900
.252006200
.260989301
.272649000
.289576100
.265683100
.276293500
.234725300
.302157900
.267634900
.272953700
.263125600
.246302100
.262836599
.286638100
.273523900
.360033100
.242899600
.235939901
.276900600
.278490900
.276521000
.282607500
.268508700
.327891500
.304159300
.277452800
.266945700
.240261700
.272872800
.270914500
.267751300
.275567300
.269951700
.263835700
.308741600
.297198300
.271607200
.281031599
.274659401
.287580799
.268668500
.232292500
.268049000
.267245900
.248593501
.296510400
.263328000
.284742700
.264873400
.270319800
.301014300
.285058400
.274680700
.272965700
.274202100
.272530200
.302474800
.273109500
.271294900
.269835400
.275424900
.272117100
.271288900
.275721900
.276517200
.240272399
.292721400
.276398000
.284692700
.263473500
.273521902
.306149300
.284846500
.278388300
.306640000
.273586100
.285010000
.277156700
.280207600
.275415600
.272837400
.287703800
.275240599
.297089000
.279753800
.233041200
.272076400
.282855801
.341282600
.277725900
.264478400
.273040800
.302924000
.286468700
.276693899
.276064500
.260898700
.239434101
.292008100
.284740800
.271491700
.280830000
.274203200
.272700700
.269189500
.272362500
.281154199
.271294900
.279623101
.263075300
.318318400
.274093700
.269938400
.243838200
.296532498
.299730401
.279883599
.245855500
.238456400
.273346700
.278978200
.273056601
.272083200
.268815900
.286860500
.293299100
.289529700
.281738200
.253349500
.281820400
.283426599
.280866600
.352176400
.272737400
.278991800
.284973699
.279437300
.247637400
.281795900
.259298100
.363694000
.289217000
.278293500
.245575300
.281051400
.296224100
.293409600
.282106400
.267892300
.269143400
.238450201
.282667300
.298290400
.257638700
.279710400
.241223500
.340272299
.274017300
.256797800
.266675200
.267413500
.303735600
.271914100
.316584900
.296068400
.271337100
.277022101
.267946500
.287348900
.272256700
.261227800
.234383300
.273609400
.279766500
.279371600
.273968800
.279474100
.272072200
.284912800
.297376600
.286894200
.266097600
.290260700
.298666100
.273762500
.286106500
.271075800
.274507100
.293660099
.283435800
.275834700
.275356300
.269708599
.351413001
.283248500
.305493600
.280085599
.280419801
.306535098
.304094300
.274350400
.273927701
.273758199
.299976200
.280833200
.286432700
.264588800
.272268900
.293116100
.315296700
.276571300
.267518400
.265222800
.268437001
.287243700
.276101900
.274546500
.274253900
.270636100
.304243499
.297604400
.272578800
.266455801
.265362000
.279657499
.291703200
.272494500
.268947300
.255644700
.292413801
.296306800
.414266000
.265370300
.280223700
.273470899
.290616200
.271458400
.271055300
.285811500
.268852701
.279042500
.268001200
.268442300
.239091700
.237509100
.273497599
.273555600
.266064200
.366849000
.239005100
.290230401
.288446400
.325225500
.291678700
.237557700
.240317199
.297562900
.292813900
.299531900
.291686500
.276463401
.281423300
.283006600
.272776400
.282429600
.273048900
.294708899
.286213800
.281980600
.275336300
.285068600
.287573300
.299313600
.282255000
.277893900
.269061800
.279227601
.276873300
.278123800
.274106300
.268382000
.240401700
.288363700
.291198900
.284089500
.296291400
.272672700
.295985599
.293244000
.292545600
.243642800
.236784400
.290786500
.307808400
.283107500
.290169800
.269754800
.279754801
.276863700
.278131200
.276433000
.290725800
.240964600
.285704399
.287792900
.274216000
.449482900
.283233801
.293143000
.309165800
.268784000
.289978300
.272611499
.276893900
.300908600
.286486000
.265681900
.242802301
.294888300
.294327800
.281180700
.283554400
.273413800
.286051400
.290603300
.265110000
.238685900
.244656800
.274540000
.276933900
.283117900
.271664100
.268456000
.269151100
.295579601
.287526400
.294803700
.275287700
.272555900
.302949300
.292642400
.292626900
.265655300
.270009600
.300179100
.277307700
.293422500
.260470900
.272808900
.237462101
.271549400
.290285600
.276761400
.260043100
.280694300
.325052801
.293292300
.282207400
.268121500
.275491600
.279531299
.274170900
.279552100
.260885400
.290069001
.269957599
.263595700
.275513000
.271525000
.262050901
.231631199
.263242400
.275200000
.349134300
.268807000
.273848501
.295537000
.279983800
.277932500
.277059100
.280842500
.260885900
.310244400
.319915400
.268839099
.279725500
.261875201
.297429800
.273488500
.273720701
.249640700
.275495000
.273296000
.273375400
.281319800
.288016100
.282013800
.263958400
.286349300
.280369800
.285890200
.272850700
.229992200
.278888099
.260904300
.274320400
.276815200
.286394700
.304943201
.294123800
.280764900
.273056900
.231439300
.283161699
.293956400
.270127000
.275573100
.296652600
.278119101
.280938601
.276744700
.264622300
.389667400
.268826000
.309613900
.280818000
.278505800
.294285500
.278062899
.303757901
.285557399
.310429400
.275009800
.269936100
.281970301
.272642700
.293888100
.272853700
.273241100
.289599800
.295899600
.280492800
.280275400
.247649500
.261653399
.283181100
.280912900
.274138700
.292718800
.285515101
.281082100
.294381900
.283852400
.239853900
.273166500
.291733900
.273137100
.293365800
.276276599
.272533301
.302053199
.299677100
.275692700
.271398100
.274989000
.305499600
.293453200
.298126000
.275658000
.269802600
.250314900
.282585699
.285509800
.269056100
.240019800
.243036600
.273900301
.280755600
.286325300
.281989100
.354280200
.272860700
.289722000
.280877400
.277308100
.271257900
.266186600
.287621100
.273104200
.275128200
.267243400
.285162200
.299594500
.275148500
.280867700
.260720500
.253974900
.265923000
.272867500
.279831900
.274149000
.264699100
.244106600
.283101000
.294023000
.275745800
.269872100
.263318400
.301064900
.270358500
.281667800
.260561800
.234152200
.272199300
.298410200
.286711900
.274219900
.241146699
.301615001
.289050600
.249992000
.278675400
.273968100
.267830900
.282004000
.264643400
.281009500
.263418300
.267447500
.238752100
.294411599
.277796800
.270340300
.267109400
.231098600
.270296000
.287634200
.275419600
.265903300
.340756900
.294789701
.301647400
.277479500
.279060100
.285096500
.272105099
.285376000
.285757200
.260638700
.269712300
.274932100
.280460401
.267746600
.272600300
.308732900
.302042400
.314864000
.271296600
.286061800
.267650100
.278000100
.289408400
.268497900
.275322900
.275510200
.239645200
.240446900
.277324399
.269485900
.276763000
.284598700
.271829500
.280932301
.418243800
.290157400
.261748300
.267893200
.313935599
.295302900
.270268600
.257951900
.243555100
.297772101
.271099800
.259510000
.272748600
.272672700
.275697800
.266079100
.287746100
.272541600
.280879200
.274356700
.277944200
.240110700
.286376400
.278818400
.290229700
.293795900
.288707800
.274038200
.274034700
.228449400
.268656300
.290078499
.282395200
.273180500
.264878400
.255088800
.292749801
.320676000
.273723400
.273795500
.264494800
.281682300
.344717100
.319176300
.268451900
.268515000
.278222900
.276915900
.264564099
.270018500
.272945400
.275780600
.287746800
.289739500
.283317800
.293407000
.242909300
.297408200
.315609900
.285389100
.278376400
.261107000
.327127900
.296864100
.284527400
.290147500
.250830800
.363718401
.272634300
.298131800
.267207300
.233258900
.362865600
.297800700
.272369800
.269840600
.237672200
.287407799
.316033000
.284931600
.267471200
.356398900
.287595101
.283456600
.286010200
.277753200
.237485900
.276983800
.303760199
.282802600
.277085900
.277699300
.232733500
.275158400
.270294800
.285038200
.284127900
.266119000
.289183900
.279445100
.282985400
.272788800
.266315299
.288790101
.281788099
.278576800
.287404800
.292603800
.293021200
.279350000
.307783400
.344408800
.270069600
.268245600
.278579599
.276933300
.260874000
.261691300
.268888900
.302452700
.307484700
.284641800
.279611600
.268638200
.298335101
.298157500
.282622500
.303273400
.250413400
.253171200
.315081100
.280392200
.262169900
.272378500
.245561200
.275384599
.282806600
.275058200
.275292200
.334470800
.279210700
.263468600
.284906500
.301753800
.270708200
.285777301
.276282400
.280239500
.276741200
.284911900
.275551101
.300962900
.297624200
.274248400
.301341999
.277010501
.274776699
.292909400
.280692400
.276177300
.248926600
.289032600
.274904500
.291598700
.286544300
.274898100
.317773401
.294875900
.281631700
.285437100
.245456200
.273234199
.294363300
.276606200
.267705200
.262009000
.245276701
.291884799
.310119100
.265330400
.273976000
.236830400
.293929200
.303494000
.268523300
.280064600
.268639400
.323338500
.272423700
.298199700
.270026500
.275256800
.240777001
.295011000
.300886700
.272865600
.264559400
.379377900
.315803500
.293541100
.283819000
.333183000
.243857999
.296950600
.285035300
.280981000
.241338400
.282237100
.314935000
.289903000
.271666500
.278079800
.238089100
.327833801
.300416600
.288732500
.265819800
.281338000
.296826800
.353974900
.274457200
.274943700
.272706900
.277352699
.278591400
.288725300
.266459000
.277743800
.287403401
.299979000
.261838900
.311186200
.241917900
.246368699
.309510200
.302383300
.307569400
.272391800
.271975300
.302358301
.245517400
.299907500
.268652400
.277544999
.313258901
.283136100
.290483100
.268614600
.242341600
.244115299
.295877800
.288918200
.266968300
.265069600
.348776700
.271524900
.272355300
.274768900
.277632700
.277802499
.284917101
.295899800
.273563000
.272519900
.277583000
.310026199
.319389201
.280391200
.296516000
.239290000
.269461400
.278470600
.276528100
.279581100
.264677500
.242085800
.301067800
.273167200
.293596000
.262411000
.276329200
.288114499
.289567700
.272429200
.274437200
.240849400
.270740201
.284946500
.272499500
.266390200
.267157800
.236163500
.280997500
.278799400
.291521100
.268784900
.283278300
.266320600
.284348300
.268614700
.278710100
.273759100
.278416700
.309910299
.301913200
.278174400
.278311500
.392171600
.339915500
.295285600
.276740100
.289848900
.306663100
.298195400
.284633200
.270557100
.267087400
.276751600
.296764600
.298126100
.290053900
.284304800
.279849700
.339471500
.276193700
.286848800
.313854300
.246949200
.288320600
.276100200
.322158700
.276086000
.282247900
.309255899
.285825700
.307497400
.287078200
.282650000
.298881601
