1.189744615
1.427901957
1.675015747
1.194966748
1.517640205
1.549230023
1.185600926
1.532179004
1.516411060
1.203639258
1.529115812
1.536793894
1.529128838
1.542491620
1.535548195
1.576325651
1.187616506
1.537903860
1.559683660
1.194838653
1.538192761
1.546277550
1.764357630
1.541909460
1.558464495
1.195167918
1.548390025
1.542133362
1.707450183
1.545617200
1.529804833
1.671075179
1.194966421
1.531064528
1.671660066
1.193951430
1.536116839
1.670095968
1.179724149
1.527619646
2.077560795
1.203590462
1.535162729
1.532702887
1.526539758
1.545584450
1.540915875
1.654039224
1.175157620
1.553701865
1.697610849
1.560967776
1.539211017
1.625380939
1.190164332
1.530132114
1.529426589
1.198376889
1.526627914
1.539370731
1.597510799
1.520662243
1.560557950
1.560956930
1.540699308
1.547959756
1.677414168
1.163307098
1.544821745
1.683092157
1.189092678
1.528343616
1.543811020
1.206046914
1.539835459
1.563964465
1.216510141
1.566470071
1.567909460
1.619179229
1.573473539
1.568204253
1.572530588
1.151309455
1.579458306
1.712750541
1.195979737
1.566747937
1.695765925
1.206104218
1.568681713
1.693530919
1.198323627
1.599536931
1.911060422
1.390357302
1.564649636
1.546514873
1.202160558
1.557060412
1.564598461
1.568477988
1.566789886
1.556453222
1.714872941
1.212336607
1.557235850
1.692118860
1.202520256
1.555085727
1.694148490
1.200399259
1.549741797
1.689753989
1.188990318
1.571734347
1.703344664
1.205771493
1.558640229
1.633720181
1.203453784
1.555951562
1.576864142
1.211443195
1.569895615
1.579166204
1.217928078
1.580496254
1.575997056
1.571902763
1.568233814
1.369081389
1.712326125
1.209373678
1.569603639
1.705044228
1.212604396
1.571931326
1.696338665
1.208685210
1.573521052
1.703653159
1.216872409
1.568110368
1.657053523
1.217126328
1.591701366
1.670628634
1.216724900
1.608532574
1.557110256
1.219205930
1.580936425
1.581925204
1.217041953
1.570413616
1.583642192
1.583996061
1.563237541
1.599979748
1.578934937
1.590020492
1.582364541
1.707802641
1.217555797
1.581405161
1.694180206
1.209651401
1.495365111
1.667692056
1.212850834
1.568937299
1.634134791
1.213171159
1.575598510
1.583353117
1.222939940
1.574339193
1.574708672
1.221961223
1.578348398
1.564848349
1.593974658
1.641813913
1.654119356
1.652682694
1.645209275
1.663225865
1.634968436
1.655002609
1.649653883
1.666726894
1.658608619
1.651770747
1.680268052
1.656351306
1.646008690
1.686114421
1.651939519
1.667697211
1.661173177
1.643071555
1.669121203
1.662108587
1.657158000
1.664894075
1.660186149
1.669522468
1.629529409
1.692843126
1.651548454
1.656558340
1.681287086
1.643645467
1.673297598
1.669228806
1.644161345
1.656284823
1.658934548
1.666734550
1.638681774
1.663308993
1.661303280
1.636510289
1.694051577
1.667224972
1.655702916
1.686338369
1.634377765
1.668497550
1.671829997
1.629728120
1.660474374
1.733336919
1.626002648
1.656008639
1.700435202
1.615401616
1.654196694
1.721286373
1.642041261
1.655828225
1.790766624
1.258598543
1.644100876
1.649627479
1.650811220
1.650514356
1.655950884
1.669227861
1.645218826
1.685779750
1.662739871
1.665482791
1.671237388
1.654834450
1.665602569
1.651001211
1.653279332
1.679115438
1.658517070
1.659384968
1.651625544
1.646774612
1.682351470
1.644772812
1.678153482
1.658661130
1.659093950
1.663578775
1.647364341
1.664259840
1.651489711
1.649569208
1.656526944
1.666702820
1.671528113
1.647538958
1.665227239
1.670737952
1.649236066
1.690365321
1.665588440
1.651031891
1.664382980
1.636846073
1.670013953
1.641869757
1.668620374
1.649663511
1.689861061
1.644159636
1.668655081
1.666979499
1.656211208
1.645451743
1.734373677
1.234407632
1.640383688
1.669984890
1.639914772
1.675696251
1.651746719
1.661270659
1.645941045
1.703494388
1.626185481
1.645739099
1.778233063
1.245956356
1.626169711
1.653622738
1.661037453
1.662197211
1.663474024
1.661511508
1.646957081
1.661765319
1.667901814
1.637194650
1.669963116
1.664186917
1.647692680
1.671894812
1.652033567
1.669829122
1.671192095
1.644140825
1.661149929
1.657966255
1.660448503
1.651073665
1.680154464
1.660130289
1.635281333
1.681612847
1.658099847
1.649482172
1.694828085
1.641382217
1.668720636
1.628398432
1.642975495
1.660933607
1.781120581
1.245427536
1.626268283
1.647065384
1.653286561
1.638970740
1.722936473
1.691471506
1.700603018
1.697992367
1.684983569
1.689203227
1.697522126
1.686209397
1.686555574
1.698999190
1.675123695
1.687114677
1.718579570
1.683431823
1.674401578
1.699464971
1.686887347
1.684632758
1.702898132
1.687701742
1.674285966
1.703443618
1.692203502
1.700920681
1.705938325
1.757105889
1.623512285
1.714573457
1.689248705
1.687334376
1.706914590
1.678779129
1.688784512
1.688158417
1.688120340
1.693353386
1.695904163
1.677912514
1.695226495
1.703646137
1.699678766
1.683846760
1.716149645
1.753681304
1.629840597
1.703219358
1.698145079
1.670317618
1.690322198
1.731750569
1.705031912
1.718934548
1.726197177
1.703433268
1.717479873
1.713352202
1.697221979
1.711274905
1.711553859
1.696437789
1.743926849
1.770001445
1.638024555
1.723277581
1.705788945
1.716455779
1.718789992
1.711292487
1.713367262
1.720775575
1.714401299
1.724850488
1.743645012
1.710782168
1.717452712
1.703815005
1.696322547
1.694270867
1.715308605
1.757535933
1.674546121
1.695629154
1.721677750
1.719572512
1.698905185
1.716623214
1.727304848
1.700757184
1.703256105
1.713853612
1.709699702
1.738211041
1.724196962
1.689882226
1.707011093
1.693538282
1.717884311
1.759242910
1.653399138
1.713010201
1.719901653
1.693626062
1.704690199
1.744621951
1.750165409
1.727140787
1.745431608
1.720020206
1.750620655
1.757480823
1.738106478
1.787877504
1.745526365
1.731063885
1.720477038
1.754491967
1.711273411
1.735773544
1.734866942
1.749647331
1.734331339
1.737791651
1.754918823
1.754627760
1.747960016
1.729028930
1.746192557
1.717546491
1.748552489
1.736548440
1.742357621
1.746514354
1.725951124
1.498409981
1.737611058
1.761172212
1.745582237
1.737145516
1.768018612
1.745946798
1.729137226
1.747305101
1.736875132
1.725594533
1.753546112
1.734566658
1.746111774
1.745820957
1.747694543
1.726718080
1.838845633
1.693050947
1.734201337
1.840045777
1.343987022
1.725347371
1.735966500
1.740900942
1.744266968
1.745883088
1.756549651
1.736970266
1.736416142
1.748971353
1.723457705
1.759931892
1.749557034
1.738345279
1.824711848
1.725455416
1.764231846
1.856373354
1.780263766
1.786059487
1.917872719
1.759157647
1.768161768
1.772236955
1.793428293
1.775206396
1.806864771
1.799029226
1.778595227
1.918220695
1.775070059
1.765713419
1.804539979
1.786073178
1.781346739
1.983295097
1.769015951
1.783673909
1.951451333
1.775583216
1.799405802
1.339772599
1.772055413
1.888317233
1.331023921
1.755014799
1.776748411
1.767307716
1.777894186
1.800102548
1.813948186
1.782005666
1.808827891
1.778215631
1.799204103
1.778440179
1.791637895
1.794197405
1.871054009
1.772806617
1.776319302
1.762081326
1.802850418
1.783015196
1.854577748
1.856728525
1.846844730
1.374021991
1.838079126
1.874878165
1.361195152
1.834644714
1.821824852
1.814863747
1.844879618
1.912399821
1.826495126
1.828904887
2.021786536
1.817304463
1.822908083
1.839369266
1.840679519
1.838882456
1.853879282
1.837837684
1.857240047
1.863114736
1.842344230
1.866054826
2.105388870
1.819173456
1.938921193
1.357133267
1.827684540
1.829967417
1.859035559
1.843065396
1.845726023
1.838914042
1.852072940
2.037390779
1.821330069
1.844569745
2.083728925
1.817916971
1.944730981
1.369974404
1.826715378
1.845080160
1.825838865
1.847618433
2.021547692
1.824998262
2.455190116
1.412544266
1.826903634
1.991108587
1.851757129
1.825060519
1.948311775
1.836045061
1.912855280
1.391982510
1.887700943
1.873902694
1.409950634
1.880200893
1.966745336
1.895945712
1.888288474
1.422532276
1.880500240
1.968448404
1.581426171
1.903650884
1.997338408
1.825263115
1.901932926
1.404060290
1.889684814
1.995678000
1.414221636
1.887340806
1.426335165
1.891208802
1.997059687
1.387453429
1.863440813
1.881249154
1.887172132
1.902724156
1.404245488
1.883493818
1.907141363
1.394119398
1.895427681
2.046542058
1.874200148
1.995211566
1.389393397
1.878618328
1.886656222
1.932559482
2.001719157
1.455796809
1.983411705
2.051410550
1.959255529
2.007681911
1.458308908
1.957671349
1.971015021
1.993743202
2.003562938
1.484004543
1.966446473
2.003119695
1.970804860
2.010709312
1.480001312
1.969928476
2.033644984
1.910002442
2.019099051
1.472413184
1.966351039
1.977349218
1.888118323
1.989264963
1.456496059
1.986333063
1.970408576
1.968397525
2.015108727
1.446865984
1.992505769
2.060524105
1.912176064
2.008934859
1.472393312
1.979702822
2.015688252
1.478060239
2.118824506
1.480152650
1.983517949
1.975536867
1.976858717
2.578659821
1.619147211
1.972627693
2.071210652
1.925511064
1.997990074
1.476545591
1.994359761
1.971839391
1.978475053
1.996534650
1.472177814
1.989230767
1.966374758
1.998310114
1.991410948
1.453204988
2.002741254
2.063257379
1.895442483
2.003170688
1.463156265
1.974244289
2.000452702
1.976129628
2.566701597
1.619453398
1.984132050
2.031426505
1.672747680
2.124963237
1.449567829
2.030503726
2.147947786
2.040513139
2.186499114
1.513240071
2.076688826
2.076066051
2.085816486
2.197576490
1.519795485
2.063694170
2.241086390
2.070159405
2.387762982
1.986841044
2.080345095
2.181037813
2.059415617
2.206217536
1.507810047
2.064146457
2.098871333
2.087589523
2.212830586
1.529787043
2.066861564
2.254391357
2.073898558
2.227037307
1.505740704
2.056028052
2.232871384
2.099621384
2.144109438
1.522427343
2.078963929
2.185652253
2.080477035
2.098102399
1.123521589
1.393202781
1.420470200
1.404956529
1.411673819
1.427828743
1.932172687
1.129538501
1.396467386
1.414431568
1.432348349
1.403413915
1.311641066
1.370666068
1.419854054
1.404233621
1.427665311
1.405457074
1.102324466
1.405124596
1.400913922
1.413563794
1.418614169
1.416564242
1.399640299
1.096599615
1.415905585
1.424258871
1.404072555
1.413573266
1.406950160
1.402244190
1.098679710
1.424475370
1.386858036
1.407772332
1.402628471
1.442747276
1.406283871
1.108535889
1.382244594
1.388613794
1.418963881
1.385882100
1.411980155
1.851754480
1.168688742
1.409662408
1.392820929
1.422605477
1.424797033
1.413293343
1.414372838
1.097463172
1.423756853
1.395010048
1.406433133
1.410176864
1.407347268
1.403862056
1.106348684
1.399860143
1.409312742
1.442263246
1.399518304
1.410140427
1.414637969
1.084782935
1.400903417
1.417232218
1.401659333
1.409832519
1.408143784
1.433245560
1.115697115
1.439011851
1.406281196
1.438703732
1.418551345
1.445415624
1.575266670
1.127615228
1.412986275
1.411954362
1.434596293
1.418410273
1.427549274
1.777025713
1.266381582
1.418318319
1.434500739
1.433060872
1.416038622
1.430579532
1.558418964
1.092121083
1.420582520
1.424276666
1.443898753
1.426624421
1.438952557
1.565294835
1.118043161
1.413447190
1.424883374
1.437133959
1.411278018
1.438876106
1.563686260
1.134040640
1.449748377
1.418229017
1.455223594
1.418156936
1.429561491
1.588071637
1.122386630
1.394710310
1.411149583
1.444154209
1.420604008
1.424557952
1.563864744
1.120262309
1.420361919
1.450593253
1.486584416
1.445358192
1.463126335
1.574654943
1.112280054
1.465134246
1.436990719
1.440098801
1.446574479
1.457373361
1.585169694
1.128532793
1.269126002
1.412374474
1.433056805
1.450228506
1.473828120
1.729555841
1.362879459
1.455324450
1.453708100
1.448005005
1.448412588
1.450830826
1.592707603
1.130023449
1.432679427
1.451839821
1.449334232
1.446104397
1.455610338
1.585441285
1.148532560
1.428765343
1.437358127
1.465597741
1.442627527
1.453125842
1.590289737
1.125875670
1.440056134
1.438843946
1.613590300
1.426558781
1.447904004
1.564892337
1.126025879
1.431923802
1.441523241
1.446976117
1.461391939
1.444060807
1.726227194
1.372643423
1.467603475
1.452495033
1.606233544
1.455220782
1.446304310
1.567440718
1.120835888
1.443799618
1.463554789
1.438414902
1.450960755
1.470405898
1.751181768
1.373395144
1.447920875
1.431819113
1.514423949
1.443448219
1.446035010
1.575953928
1.123808182
1.460546537
1.458709582
1.458203341
1.446296210
1.466755468
1.744836429
1.379273480
1.432785883
1.472923569
1.478129280
1.452844916
1.452215317
1.621646695
1.140280832
1.448750638
