.284419800
.298136200
.289815200
.254757400
.299045800
.280482300
.293629800
.294045000
.303922300
.267839500
.289376500
.299703899
.301696900
.256438800
.275190500
.342804700
.285163001
.300571400
.333333500
.290101500
.291770800
.305562900
.323737800
.262750800
.289786600
.280987800
.299492000
.289501400
.309266700
.259107900
.278450200
.314386500
.274500200
.300486300
.343336500
.262675500
.317308299
.301685300
.277507800
.250960700
.277984900
.274546801
.313240000
.249463400
.286223800
.291510500
.358806300
.297719600
.284068300
.299070100
.281482400
.294805100
.387347400
.254338600
.276548000
.250761200
.277897900
.340663200
.287080500
.308454900
.259901600
.251194099
.292137400
.304360200
.276001500
.250579200
.317521500
.285465300
.385618300
.284753200
.277484100
.238855700
.323951600
.298221700
.260572500
.283989500
.297062001
.301177300
.292530100
.304477100
.257176900
.253254100
.305257400
.313089700
.251650300
.288469500
.308040200
.299439700
.324671400
.252651000
.274222900
.268441000
.339897500
.247236300
.280596600
.292733400
.268690700
.277121300
.317007200
.282159000
.297369500
.250763400
.248232100
.288481301
.293343400
.248085000
.252290100
.245040200
.257726100
.232701000
.281789900
.247392600
.246859800
.253325900
.300788799
.280011000
.259206900
.239806400
.257514300
.249906900
.303180100
.278760600
.249534500
.268263300
.247389199
.288280901
.292204900
.255635900
.280161800
.250519600
.293999000
.249600100
.257469600
.251786200
.242597500
.242249100
.299207899
.242948900
.286742700
.247604000
.293067400
.246793901
.304589000
.291040600
.258288500
.252801500
.247874900
.277238200
.294646800
.288905100
.280016401
.248400100
.276061000
.284238800
.276813100
.244131700
.291119600
.249766600
.314735500
.296205400
.315474600
.250151000
.252653700
.292210300
.326021900
.254277800
.255105800
.250433600
.300815400
.244572600
.283740700
.235165800
.278674100
.267799100
.279882899
.290083700
.247176300
.248082600
.240423700
.305432101
.318001000
.276291200
.248611500
.264806500
.280292700
.296633500
.282507300
.258351000
.337309200
.248280300
.274123799
.279558400
.275934400
.244600500
.241789600
.248176800
.303375100
.303132100
.257105100
.253857501
.245535599
.290698499
.301663700
.243348200
.245501400
.242302800
.270513800
.238559500
.274159900
.277705900
.252510600
.232714500
.250833499
.279263200
.282542400
.245990600
.262519401
.257857799
.302293801
.244664400
.256767100
.279982500
.244539900
.264009299
.290472000
.280015600
.249460900
.241244100
.248053200
.297275201
.246411600
.303443700
.250410700
.253023700
.253979500
.285012300
.284288200
.236046800
.249971700
.241075100
.294762100
.271282200
.284563500
.240198200
.275217100
.238427601
.269978199
.297569300
.311629300
.248388100
.258855101
.280825099
.300174700
.256936200
.256642600
.248894200
.246581401
.239873000
.276154300
.284669000
.251177600
.258310600
.284364099
.235432700
.293052600
.253486900
.242734600
.238397800
.279964501
.262665400
.288423600
.245907700
.240652200
.264727300
.289557600
.292252800
.249674000
.283807600
.242944100
.306251000
.292863500
.288301800
.251824500
.248570400
.307815400
.308955100
.240212200
.238271900
.261128600
.243414000
.291634599
.299717800
.257400200
.379207700
.285335202
.278817800
.249043400
.266586500
.242382000
.254233200
.282811200
.293160900
.267850200
.245081300
.238342700
.256866300
.279675700
.269101300
.251415500
.354399000
.277655500
.309441100
.291153700
.289219800
.239512300
.239627800
.286372600
.288483000
.239186100
.248283100
.251856000
.249734200
.283224800
.247609500
.289055100
.276877900
.257837600
.249984300
.252689099
.269374100
.249541001
.250163400
.235896100
.234043400
.251358700
.291963900
.249785100
.240558200
.241194900
.319324499
.250746800
.280493400
.247596100
.249080400
.235997300
.319712801
.258600100
.261793100
.267578800
.278980700
.263458900
.279949700
.270804000
.277842900
.242024300
.268784900
.251590901
.289967600
.250526700
.249198300
.242071300
.254407200
.289317900
.273626800
.248165000
.263122000
.289541100
.290820300
.264062800
.243526200
.242703100
.263633500
.253350300
.288006000
.272582200
.249594800
.237376000
.258086300
.302890000
.283096700
.315034800
.293833300
.262826500
.298535500
.250449600
.303536800
.252547800
.229499600
.255037800
.294947499
.281810100
.245955200
.247804800
.261104100
.324557201
.268942901
.243441499
.275135399
.242542099
.241619101
.296063100
.285422400
.248534400
.237225400
.284299300
.499863800
.268381100
.254574200
.281610100
.243539500
.272824600
.287453600
.304190600
.251172700
.263170100
.250276500
.304692800
.243472500
.246923200
.248638600
.252708400
.287233899
.304748900
.251050100
.237323500
.237806700
.263761101
.296910899
.309197800
.248795000
.243153000
.247280700
.305922901
.256218200
.288483300
.243996000
.249783300
.235457800
.286831599
.248146000
.246750100
.281735600
.249779100
.251664901
.248844900
.279704100
.241518500
.246352200
.245793500
.307218200
.291706900
.245634900
.286795900
.248406200
.242917300
.283839400
.286205500
.234277500
.245551200
.264400200
.305701400
.322351800
.279429500
.243328800
.254359000
.251425101
.468074300
.277733600
.243742400
.258292600
.297731100
.241367700
.254214300
.237251500
.252923800
.264245800
.245624400
.290257800
.277446500
.256772800
.249901400
.256134900
.245208600
.246795300
.239463900
.240459900
.239984000
.245333000
.251197900
.285427000
.300550600
.250332600
.245474100
.248685699
.288216800
.250447200
.240462800
.254357100
.264964000
.250771601
.240222800
.296410200
.256080900
.243709100
.254397400
.287604600
.235594600
.283908600
.289422800
.252886300
.250951500
.303029800
.260517999
.245604400
.244500800
.233749500
.252793801
.257925900
.289041500
.247807400
.243761100
.245002100
.271804499
.281039500
.247065300
.237357800
.248968400
.225596801
.344363400
.293404100
.248497400
.248990300
.235994500
.330884200
.275552900
.285254900
.253973000
.248974600
.257176800
.305667400
.277530500
.247179000
.246118100
.236744100
.252883200
.268302700
.289321400
.241253500
.245746700
.255965599
.302279101
.283056000
.272646300
.263103900
.250986100
.270708200
.278138600
.257174300
.245468500
.253059800
.246573200
.290142300
.284924900
.254112800
.234530100
.249307500
.301952900
.241590900
.278769600
.237059800
.256213500
.243352200
.288149500
.254653400
.257270800
.265025100
.250359599
.241482500
.310865601
.299903900
.244026200
.243691900
.261345500
.275303099
.301223700
.241787700
.253929401
.279545000
.248056700
.359432700
.281900100
.245827100
.252864500
.239488000
.297200700
.276489600
.243117000
.246142800
.298112100
.291293100
.268230200
.290973900
.266349600
.258578100
.241416900
.246799700
.285293400
.271223100
.244888600
.256537400
.242470800
.297141600
.291009300
.265847000
.262595500
.254526100
.245992900
.246531100
.286294300
.239329700
.236482800
.239204800
.237825700
.251804300
.321683100
.257980400
.245289100
.246976400
.264450301
.246376900
.284651500
.273038400
.253421400
.287745099
.308494800
.277247200
.256794700
.248281400
.254582201
.280547500
.249531300
.245855600
.277681200
.250700000
.237443700
.296308200
.278159200
.251729200
.245443300
.250793700
.397681599
.252442600
.260317100
.237414900
.248384100
.297774701
.297180800
.277645000
.247417000
.253566000
.244977299
.266226401
.283439299
.286688400
.234477600
.256906100
.298471500
.296443500
.264534000
.254805400
.254673600
.249739901
.291321499
.296627500
.247513800
.248812700
.258402800
.245235600
.303627700
.300175700
.263404600
.248197900
.242436600
.301069100
.259651100
.259102700
.249971800
.265892000
.319150500
.248193100
.280485800
.255254600
.238842200
.259371600
.283383500
.286228700
.279753200
.250490900
.248499900
.291974700
.300035500
.300844000
.249160900
.250914500
.246452001
.276604000
.261554800
.260749100
.244815600
.246234500
.287910599
.364924000
.249416700
.241587500
.250167000
.260648801
.282330500
.364081700
.243682300
.245351200
.254860200
.287487900
.242039200
.294672099
.251159700
.254907000
.259369301
.297571500
.297481200
.244577800
.255453400
.236908800
.277976400
.301375000
.251289500
.236698200
.265908600
.263224899
.243224900
.277256800
.231675900
.242406800
.245400500
.322236999
.318790900
.256938100
.244568800
.249395600
.238466400
.278195300
.280762100
.294737100
.249307100
.239768800
.285873499
.304402100
.302699400
.254616800
.237667000
.248982700
.283854701
.270864600
.274688500
.291392200
.254487500
.244973800
.296868500
.280758700
.240115400
.241854300
.233887800
.304687600
.277847900
.244630200
.269314400
.248158900
.281605300
.282980900
.290070500
.273730400
.267380300
.256098201
.287992700
.300862700
.258034999
.246744700
.243630000
.291952101
.256004200
.235938400
.291551300
.228357000
.300024400
.408255400
.244556000
.284872100
.242930701
.251390099
.255680498
.247007500
.258345600
.250405000
.233360900
.249181300
.365439800
.288837700
.246428100
.249931300
.249900500
.249708701
.242951800
.242798000
.274096100
.250656300
.241746700
.249252099
.314024300
.247905700
.246755500
.266791600
.237965602
.284897800
.252475700
.251786500
.284676800
.245443699
.240965600
.268934900
.288925100
.232758200
.241045200
.330272701
.311847500
.439011900
.403807999
.456933601
.432057200
.285946999
.927546501
1.034493800
.432847300
.337085900
.264949300
.287287800
.267556899
.299633601
.335769600
.321805700
.288227900
.249671600
.300319700
.286372000
.262493300
.247209000
.262138700
.294918799
.292477100
.295109300
.249983700
.254022401
.239579800
.311338701
.309912800
.246102800
.241205400
.244887199
.329208401
.305469900
.243652700
.236263200
.242427900
.236801200
.265677100
.275206300
.288419600
.232613200
.253209600
.289295398
.309717700
.258190400
.257186701
.248466700
.245147899
.281807200
.305964502
.286737300
.259023800
.252343500
.237705600
.248623300
.291154700
.274270400
.286767001
.239240300
.289004998
.296394900
.239053700
.244516400
.274134902
.293942099
.249920700
.238922300
.244980900
.245374000
.269909100
.259200301
.244364600
.238578300
.245790900
.271953500
.241331400
.272818800
.300857800
.252503100
.245595400
.246348200
.237373800
.244451900
.281977900
.296382600
.244731900
.240489000
.250029800
.318237900
.279338700
.243930900
.249924300
.292415800
.229610800
.236062000
.288974300
.250530700
.236005900
.294098199
.318060700
.266136500
.261165901
.249516300
.251647699
.311967601
.287513100
.242223300
.263898800
.281243800
.360631800
.287139400
.244381900
.242344400
.241514000
.246181999
.251874200
.305997700
.262024100
.241417600
.244385600
.248598201
.242080900
.290290600
.244427800
.238889300
.252540600
.326463199
.301854500
.255246000
.235639200
.279568100
.264940301
.239060100
.293504200
.304379500
.273555700
.255501501
.285677400
.287270900
.248291500
.243689600
.248572800
.301311500
.292885300
.299361900
.267992100
.253076400
.297288300
.244977100
.282324500
.290746400
.249503200
.244967100
.339790900
.327483700
.251848200
.240025000
.252607800
.301658001
.242634200
.250451600
.244542899
.243580899
.252907300
.296961000
