.850150688
.838374833
.848265421
.849040062
.842231698
.854335441
.854053428
.840246178
.840272517
.845590885
.848817492
.851989940
.849794340
.850579081
.844526096
.840550038
.852767676
.851206253
.851136558
.839430339
.847785269
.843155098
.838884309
.855625583
.849654331
.843428555
.863783710
.848924419
.844333958
.839825752
.857733697
.837835596
.848900039
.835084267
.837479352
.845947783
.855268610
.784442176
.838378345
.849859274
.841091626
.842302513
.852427939
.830382386
.855840971
.842618704
.844681251
.851037798
.840688859
.852107141
.847215532
.847244861
.834584912
.885615095
.836555053
.846596670
.852048725
.845725712
.847104497
.838407352
.849347910
.802915693
.847305274
.847254151
.843047311
.844387104
.846288518
.842140350
.838289435
.857353268
.852081101
.876175090
.867220404
.861503614
.855924370
.851068175
.853504820
.876161182
.851968188
.862246304
.852935918
.855459311
.856241626
.868937494
.854493377
.856669119
.857759538
.854177767
.858948614
.879511702
.862750561
.853237926
.865056180
.840208319
.864277623
.896786636
.820561317
.857887356
.856384847
.848625518
.866141071
.864060326
.854273087
.864348389
.849085021
.856695227
.849878280
.870044476
.858871932
.851230757
.860220984
.848090030
.876198634
.949242544
.873302526
.854115926
.845263941
.844695923
.845284354
.847056838
.858214276
.847105664
.855767801
.852678590
.861406526
.884194175
.852609468
.865684934
.849685405
.849143093
.897965231
.834767223
.852900586
.847238842
.860700455
.866547126
.855132050
.861065071
.864549949
.845173856
.853740240
.860641078
.856496846
.877496598
.862759000
.842785904
.857149786
.866306978
.847275702
.858868189
.872082636
.843130524
.864443681
.857441100
.864157556
.874574165
.858544655
.849476489
.855950552
.859181135
.849163787
.866219555
.844985716
.877736932
.853922184
.902818937
.842213338
.859410055
.854446644
.849752115
.863020463
.848312446
.853866462
.868985518
.859769825
.846179300
.847769811
.897300446
.863710375
.965060838
.883224187
.866266425
.859878804
.861861337
.860891233
.865322363
.861897830
.873719862
.866851713
.872982908
.866065848
.887353468
.859124446
.886192497
.861625430
.861318700
.877935695
.890161173
.864221880
.870360192
.870141186
.863653018
.874473529
.964318689
.877964465
.865480753
.856844536
.853369214
.885091489
.868300166
.863198781
.857166657
.870161656
.867082326
.871654516
.881986521
.871913203
.875605898
.876352181
.882502735
.867175145
.921466589
.864913171
.875203695
.869718196
.872269439
.873220961
.868330636
.871168362
.864264233
.876022787
.878146158
.877127922
.865275199
.877249584
.858244671
.871062684
.866357460
.875248746
.873140451
.878212652
.878392266
.862030530
.865976612
.875453331
.894093687
.867232092
.878605968
.865236057
.869634032
.871383464
.882984563
.877545994
.858811232
.873338676
.868047496
.878206188
.883171550
.871224322
.872124116
.883234149
.870569599
.874581239
.873416209
.868253817
.884258419
.870936595
.878649659
.871818696
.891770154
.889647141
.872896800
.879424823
.861665168
.882747719
.881704249
.871767733
.880302868
.880141880
.870261670
.869562239
.895194409
.876708252
.869420495
.888255066
.855725139
.870599810
.879855871
.875063201
.875430592
.872147949
.870069238
.864077351
.971437996
.884842368
.860204800
.860947916
.864643156
.870077738
.868747526
.864568920
.872253581
.891615063
.861157224
.875801616
.883682073
.872553399
.883957378
.901209621
.896091973
.899967490
1.003745105
.907382326
.880071425
.892534287
.893266873
.882877481
.897139293
.882792193
.938417738
.852246343
.906479147
.889932176
1.094630336
.887190419
.888696991
.893196918
.879237560
.896991600
.894231573
.880770555
.904964916
.897406238
.892362835
.895666092
.898908311
.893946083
.887746856
.891695243
.919578188
.897874228
1.073928764
.892107057
.893147889
.873848057
.891635792
.872072637
1.069203361
.900761668
.897446924
.882147458
.893222287
.887083576
.856478043
.888820654
.901579614
.900247387
.918188794
.892205628
.911348030
.898615974
.889852904
.896807098
.895152792
.890043649
.998837824
.904103991
.892988497
.876828200
.890228569
.891007109
1.075444758
.889092944
.892719823
.894545402
.882882841
.893016035
1.015718986
.898091519
.888755953
.867741776
.899055921
.881859042
.895522659
.891947102
.891794975
.896404118
.900479305
.891905846
.983858998
.912412584
.890308677
.882625849
.880280119
.896058324
.898208618
.885010760
.894446515
.905926585
.895557246
.899026026
.908782564
.914429230
.932346055
.920849640
.929006093
.930383915
.451582240
.926757840
.915317600
.908278047
.921981527
1.092382757
.919805579
.919427631
.904216553
.924215214
.912261309
.455856268
.930367243
.911408031
.931627747
.918729175
.816421644
.950893108
.931967028
.933078227
.922491728
.928643019
1.120676745
.926252513
.909199760
.919644807
.912117307
.918108023
.459219360
.919493935
.907972087
.914374013
.922175619
.931664139
.911166121
.920250960
.922488319
.922252211
.940076295
.463189257
.922489605
.920153828
.916330554
.916980192
1.102908592
.909716005
.927215722
.919783051
.917171141
.911657275
.457217853
.913363314
.915893497
.905570150
.918529313
.928295107
.918887182
.922540441
.927330745
.925995112
.926664909
.452489271
.911712494
.917133350
.914715229
.922692855
1.023016200
.940872935
.897143796
.915220248
.923344911
.912453698
.460217887
.913034941
.924408890
.910260215
.920887199
.927752260
.910635983
.917462111
.922865976
.927662243
.918601281
.448819722
.926962453
.914287762
.910492044
.916047184
.918566192
.927269964
.920869154
.920993994
.919446794
.932245190
.472164546
.912934316
.904620283
.918511140
.929317488
.993427107
.941459942
.916251296
.914523420
.925048970
.906552276
.471951038
.933100836
.955154264
.941549776
.942482105
.961980005
.937511219
.951333481
.952626119
.943082994
.953134664
.473127701
.938601596
.951430564
.950222100
.933613930
.459551535
.923013286
.953831613
.941001008
.945202183
.932594894
.952130999
.941522598
.956377660
.952415516
.949084128
.474741506
.945622641
.936185445
.959915638
.951950318
.469660240
.941672066
.938075728
.943069157
.950442034
1.021417716
.968912948
.935918587
.937261977
.947629594
.945350102
.473502184
.935662436
.941138310
.949243648
.966775869
.473485515
.950497119
.941399685
.951820090
.946614962
.948389082
.941213134
.954443312
.954011646
.965896620
1.623718356
.488482529
.940603062
.942408592
.952747923
.939534831
1.142483891
.961112967
.937711195
.954479251
.936369195
.939936294
.468958713
.954194644
.943935695
.942108124
.930396217
.474930660
.948448636
.956443573
.941973499
.945070395
1.109481848
.937543213
.969460533
.981438830
.993440894
.982416595
.993082413
.989898700
1.004489982
1.004249040
.992573488
1.005314298
.992119547
1.022632794
1.005637226
1.000558656
1.005522576
1.001377564
.998070982
1.007541053
.997212892
1.011029859
1.009699777
.997139394
.995732677
1.003677364
.996603080
.990970010
.996505073
.986567422
.999163984
.994053619
1.008121214
1.004599286
1.006295324
.996484967
1.006218042
.998473346
1.011227279
.998074031
1.026489885
1.014031416
1.006499160
1.004420695
.998504325
1.007403727
.995689118
.999841683
1.000576024
.992180467
1.004650091
1.008093842
.988587143
1.007294984
.989800847
1.004561932
1.009615403
.997433641
1.007742200
1.014754914
.997126641
1.002304196
1.007371469
.999795521
.998974743
1.004299785
.998760049
1.001237643
1.001675502
1.008836043
1.015536012
.999084540
.999734168
1.001795954
1.001136925
1.003967871
.998729172
.988860096
1.011305992
.985583244
1.026173526
1.001352806
.996880908
.988340058
.999034111
1.010635042
.998062186
.998059267
.998613107
1.001767224
1.008839364
1.007796004
.993198502
1.007012237
1.003155404
1.017668203
1.007164976
.997852948
.999404004
1.009504144
1.018108878
1.010702077
1.004173649
.992368204
1.011519244
1.021471837
.993197246
1.000266701
.996780195
1.000858225
1.015707251
1.002048552
1.000315958
.999214116
1.004073852
1.031523489
1.000661567
.999140083
1.001840649
.987226707
1.024720348
1.006545090
1.007795158
1.008022302
1.004503772
1.036481175
1.006009879
1.001458488
1.008322342
1.005746642
1.017259312
1.013059763
.987976443
.994264156
1.008018124
1.010138583
.995614185
.992154121
.996374413
.993047512
1.014298071
1.005881097
1.011758281
1.026044292
1.048691902
1.047605157
1.049513531
1.051043897
1.044540162
1.047614083
1.060397469
1.059359808
1.052918684
1.064667366
1.040091012
1.046951142
1.054148640
1.054132457
1.049229315
1.040242320
1.140529907
1.050234033
1.038171142
1.029744476
1.036657065
1.038925927
1.033777611
1.048968861
1.049781131
1.043895580
1.062473429
1.045337201
1.055975780
1.052352173
1.048001624
1.050957982
1.044405495
1.035053392
1.052476197
1.037662696
1.151610771
1.052872240
1.044635971
1.034326117
1.041493779
1.034912558
1.040496257
1.037834106
1.058413121
1.038398260
1.094315675
1.042799691
1.064376054
1.041305921
1.048173792
1.062485008
1.047499344
1.046578319
1.046753070
1.043605679
1.061295834
1.050287767
1.045570999
1.051724078
1.043274222
1.106745267
1.048869122
1.041193008
1.042097387
1.071172015
1.068510274
1.045434010
1.050138772
1.048479549
1.042746801
1.136269807
.815131390
.823148317
.711881390
.724911998
.697098834
.705499709
.698643728
.697292469
.707818537
.719985387
.711089552
.720514708
.710370652
.733547389
.712419846
.703188544
.730549417
.696567592
.735971391
.702816065
.726215777
.705924738
.720669235
.693113016
.713173185
.706947464
.701715197
.714534852
.718398039
.704266799
.706254102
.721953415
.676454829
.703502372
.746551647
.708507530
.713281629
.693463618
.737996668
.699643865
.721764272
.706530845
.710136492
.709872764
.719411329
.710434713
.706989136
.715291258
.734577663
.704244863
.724346619
.710009189
.705706635
.709459386
.720548656
.701365254
.709832971
.708221876
.735431890
.699176030
.736697166
.708009791
.729949177
.699366915
.714494049
.703866904
.719571090
.726728676
.717268579
.730820402
.711377937
.703066718
.709148071
.714641293
.699636228
.718177497
.723010394
.701953923
.708563460
.702823944
.714869767
.710384985
.715451763
.695259144
.717807187
.697996577
.716030959
.696990587
.719329101
.713996185
.704120416
.704162582
.708321748
.705827820
.709146211
.703479703
.720318612
.734663404
.710946769
.704222989
.717809635
.711135560
.725591704
.707738107
.759703866
.717093687
.704852379
.720872903
.700533893
.697792220
.710690946
.683461246
.720326574
.703497237
.713918361
.703201334
.709823860
.704356538
.695903044
.715669796
.715061807
.704817886
.712875482
.708024147
.713318780
.706667301
.701651243
.705255547
.712016928
.714259339
.717592973
.706809199
.739004511
.703040152
.721118881
.713173968
.733183897
.722750151
.705021698
.736625759
.715800484
.712542885
.703002572
.727213433
.706311551
.713340306
.724520820
.713817478
.702985907
.710954304
.713020733
.697409194
.713007992
.706453913
.729800915
.713510318
.717862400
.714147558
.718464199
.716142340
.719335218
.722471198
.714109584
.708434767
.730397960
.667827652
.733387048
.727040615
.711123708
.709976468
.723748822
.706525579
.721576262
.722858681
.717442876
.709653935
.718098281
.721499130
.708142381
.713924365
.713174932
.722802709
.722586359
.713469759
.723447618
.742509859
.696690375
.716563520
.730083179
.720905371
.724651443
.707878076
