.336526700
.247956900
.295532500
.285712000
.400265300
.305811400
.277526901
.350542998
.392338200
.341438300
.297969500
.342930901
.377535700
.335385800
.287402400
.302190300
.376409000
.318343800
.282397800
.322193500
.348364400
.332025900
.328457300
.309044800
.369239700
.363656300
.312859800
.289698100
.366180600
.462403800
.360347500
.302054800
.360347200
.379499100
.299279200
.312678000
.352914500
.338221199
.279221100
.285427400
.354449800
.279475500
.338194301
.330790100
.366894800
.384527500
.326399499
.328736200
.379351000
.340185400
.296025802
.342453100
.419682900
.347526500
.316728700
.332416400
.374306400
.320606700
.296002000
.389392600
.416194300
.319672300
.279428100
.287876000
.399974300
.321525800
.305415600
.309787300
.379651699
.347083500
.298920400
.300078600
.367579701
.332710000
.310291300
.364272700
.343179300
.351838200
.325399200
.326547500
.348489600
.326418999
.325831700
.302186200
.372554900
.336668701
.329348400
.285861000
.394878400
.343450700
.353837599
.275855400
.360460900
.316180000
.312929701
.288829500
.346307300
.340069300
.301064200
.280927899
.383410000
.391453400
.283678000
.296272600
.405127300
.372786300
.320472500
.292687900
.368777601
.326207100
.298645000
.302982300
.377086900
.396164400
.286350300
.281921600
.347614200
.355541599
.286549300
.287049800
.456838000
.372116200
.300152100
.280248000
.368918101
.344019100
.349166200
.289212700
.379398000
.340590499
.326194301
.319178600
.391470300
.322092200
.345277700
.346498800
.412893900
.327460100
.285576100
.301018100
.372975800
.345329900
.285049600
.337766200
.432150200
.316912800
.301014700
.287907500
.375143600
.319788400
.297643200
.292588601
.401563500
.319301000
.309729400
.294253900
.363889099
.359965900
.297207700
.293552400
.329443300
.352132601
.287624500
.307433900
.393646500
.340001100
.294520900
.288335900
.356031600
.286069200
.280397099
.304660400
.363797000
.356373600
.299648101
.327392900
.495845300
.312176700
.294122800
.341779600
.421741400
.336543700
.300924500
.318167600
.364727500
.281831500
.313081400
.277051000
.371099000
.348996100
.296801400
.272972400
.415400700
.353182800
.305466400
.352773100
.408177899
.333946100
.277850000
.310532700
.347886200
.283478601
.316818700
.294229700
.412672900
.342127900
.308555100
.296973400
.427634100
.294842100
.364408300
.347804200
.397849700
.288113300
.308063599
.331106900
.416722100
.291097300
.342930301
.305273700
.346085700
.302094600
.286862899
.281640301
.341063900
.328319500
.346546399
.278990501
.335611300
.325809500
.282192200
.315399400
.342460799
.344252600
.341053400
.311883400
.289795700
.365308401
.337770600
.326770200
.334970800
.383667699
.283216600
.298188000
.286417401
.347770500
.298194700
.300980100
.304323600
.294087900
.286325000
.275433100
.293828700
.302310300
.291356000
.334386100
.332769299
.339166100
.298448700
.278500800
.340703600
.327475900
.298376800
.299112100
.282198700
.312743999
.313063800
.286774700
.303507900
.316831200
.271162501
.301646500
.309998000
.299739700
.313086600
.314017900
.281529600
.315072000
.317349100
.293157799
.305883699
.336374600
.287578400
.281239300
.278501800
.300118000
.290326900
.291537000
.334438900
.314541199
.290480300
.315618900
.280871700
.293614400
.304218501
.376141500
.278843600
.313835700
.311013900
.284900799
.284377100
.282055200
.299602900
.292915800
.313603801
.361035800
.336696800
.305085600
.283961700
.327688000
.331225800
.277278200
.367217200
.349695700
.277335200
.289125900
.313937400
.303816700
.310895500
.352251400
.301962700
.330152400
.325151699
.323802300
.282640200
.280074800
.293788300
.303811100
.328279100
.277904400
.321228600
.282980300
.377391001
.343835400
.317284200
.301466800
.309563600
.374880400
.337940500
.309049400
.280194600
.358673999
.293966600
.371100400
.333254700
.272406100
.305674401
.314026200
.348825800
.292281700
.374741900
.318113900
.338281800
.319727800
.335453400
.333318700
.319262900
.287612700
.274470500
.278230900
.289613700
.294221600
.303908100
.291428900
.310509100
.305432499
.328275600
.294816200
.286749700
.362448300
.298625100
.307031200
.296580900
.308602700
.325342100
.282954400
.313876200
.292599800
.281682400
.358527101
.305988499
.307638301
.375690100
.304087100
.292826300
.310384600
.326919800
.316471000
.333869499
.287994300
.330565200
.272034900
.288553500
.304990601
.282079000
.311021500
.304789900
.292309000
.360760200
.287276500
.293829900
.312389500
.322200600
.335907300
.375534100
.320340900
.301432400
.330606500
.340384600
.309419500
.310432100
.280422600
.373425500
.341346400
.283069400
.276734000
.282838099
.335340900
.317547200
.306766200
.370961600
.337570099
.281595500
.300377800
.315882700
.283623800
.312089001
.276144100
.384878600
.313008400
.280539000
.300473300
.349846200
.295953400
.276484800
.366126500
.349871500
.286960700
.306949900
.269180600
.396555499
.283737400
.278640300
.307908700
.279150700
.289303400
.270565100
.307835700
.329560100
.283950700
.334836001
.322473100
.354255500
.294687100
.309922800
.291041000
.329590600
.297810900
.313635200
.291888699
.355557100
.313480700
.283982300
.288542500
.343422901
.270874000
.274386400
.286358800
.325944200
.300382300
.292234699
.284639601
.430346900
.337554900
.282020800
.291484600
.311449000
.290697800
.326196699
.332412800
.345597500
.307988900
.291594500
.367769001
.315240200
.311855300
.300162900
.287531400
.343366400
.337434200
.294446800
.315502000
.317746000
.363885400
.304909800
.291748400
.292269500
.287032900
.276883700
.326781800
.276172100
.311853800
.351270200
.295725200
.310015100
.293622200
.286497699
.345644700
.280785900
.313337000
.285502700
.366319900
.344384700
.307730000
.291556400
.296862200
.388854100
.371301600
.300971100
.285726000
.327724500
.318464900
.308419200
.314089700
.285727100
.352760999
.326153900
.277023200
.282215900
.308320200
.289804701
.320108800
.305238400
.319868500
.301650801
.358514500
.277891400
.284972400
.298181800
.285821300
.318336800
.303154300
.308881000
.284514400
.349323500
.296250500
.294889700
.300856500
.278777600
.335677499
.306635600
.305575100
.295730600
.313247600
.337231200
.269062100
.291208200
.303553600
.296140500
.279830100
.306624100
.296242400
.291188200
.288894400
.327725801
.358418400
.287725800
.316251200
.369197600
.317138500
.279972100
.308414800
.284194100
.326351499
.343766100
.285153600
.294350100
.287644900
.354284300
.297486100
.285236201
.332939400
.325809499
.282056799
.279083200
.294580300
.275604600
.322617701
.327812800
.352238000
.311504100
.349204400
.311481200
.330394900
.289936900
.278865900
.306560700
.290415700
.344970800
.295223200
.281137000
.290686699
.287488800
.283327700
.304534400
.291368700
.326280800
.305306200
.324572100
.272521800
.290011300
.318009699
.328028200
.288943700
.303925400
.315193900
.384751401
.294359900
.288245800
.312995700
.312429800
.346545200
.311605200
.285136000
.285211100
.274965400
.346098800
.297798000
.336049800
.339269500
.327073400
.379038900
.280329600
.281596900
.271780300
.344627500
.276556300
.290112600
.292472800
.281318900
.321781100
.271469100
.275117500
.294416900
.300223300
.342850200
.325985100
.315423300
.329234000
.344761000
.345219100
.307697400
.300758700
.278488400
.308387599
.316977200
.306920200
.296835800
.289422800
.371709200
.283893100
.304695400
.328778000
.333271201
.374767700
.272648700
.319748900
.316576800
.377636499
.294137700
.268795000
.344531900
.300788700
.284834101
.310723101
.303219299
.292741500
.308290100
.357376099
.325207700
.350879700
.302285100
.387074599
.300609800
.341743600
.279154600
.286758300
.341139401
.296899600
.286138100
.282111800
.303404501
.333004700
.280119100
.321584800
.322035400
.361009899
.310908600
.287169500
.284134700
.309342300
.307762301
.283309700
.331717200
.268176900
.277349300
.309565800
.328263300
.321004600
.319735800
.337437100
.301940700
.359130400
.288062500
.292843500
.331335899
.351825900
.287524900
.304295600
.306282800
.325730300
.333130000
.358601200
.326584000
.346824301
.364505700
.306075900
.334657900
.237946900
.314811900
.333822000
.282834600
.312159300
.287088401
.311746700
.289596900
.336271200
.292535700
.330630699
.302494400
.327723300
.278293000
.307698200
.337863900
.340193700
.280328600
.300352000
.295614500
.318520001
.312781300
.283953300
.309191800
.338101100
.308446799
.340779300
.301805700
.332035100
.356032900
.317830500
.348786000
.301449000
.334413800
.453961000
.299589400
.316490399
.296636300
.376709801
.312604700
.390943400
.313691400
.444601000
.444924600
.296201600
.366667200
.413482200
.424488500
.308392700
.342921500
.339593100
.396495300
.392710000
.333303400
.433486499
.420077501
.396777300
.310263600
.437064900
.316441800
.287949000
.289156800
.320044600
.343312300
.286732200
.312584100
.272066200
.342680600
.326034200
.311461700
.281003200
.315453101
.345366300
.339260200
.318777500
.270170300
.340118700
.309149500
.290320500
.288316600
.324769700
.338592500
.291256200
.290582700
.284997800
.345967399
.303454501
.269831700
.315246400
.331804000
.311528799
.295956800
.322456000
.333274100
.288018300
.306651100
.359439200
.321950200
.325866700
.279419600
.333855400
.301462600
.282902201
.280581400
.319530700
.373483300
.326240000
.295776000
.290934000
.334595399
.325121200
.298482000
.263978600
.304647300
.331459900
.287319600
.288604800
.310129300
.295523900
.347928600
.328582500
.355148300
.327586200
.365849400
.340628600
.290985400
.315908100
.288376600
.327455901
.307415400
.298042000
.297919900
.279800100
.363757200
.299582300
.307430300
.365181500
.367847200
.306508000
.275134600
.309756300
.284221800
.344741800
.284076500
.318746700
.324497600
.289251600
.417335500
.336512900
.274797800
.288118200
.344646900
.355030400
.351698100
.322571900
.277626300
.334632500
.322740200
.326866600
.297625800
.349744499
.296264600
.272933700
.417663300
.280163500
.339947701
.286564600
.294045300
.351777800
.317615799
.353218300
.293030000
.328701100
.292073900
.347167600
.269685500
.330214100
.302471400
.287676300
.330292801
.330676800
.287290000
.302783300
.297732700
.396664100
.328083600
.311777600
.346082700
.344148500
.273317800
.330630100
.279364900
.287890800
.316213099
.297559000
.292706900
.303472301
.285057100
.336417400
.299085400
.322280100
.332639600
.356175200
.385555400
.293549600
.289340599
.308752400
.315222698
.316436000
.327485100
.272645800
.294005400
.329580300
.306829700
.319791300
.302167500
.359013501
.325448300
.319232500
.272445400
.301975700
.322229800
.289140800
.275731300
.307927900
.311289000
.311965400
.284650800
.338699400
.322098500
.307602200
.330345000
.351194300
.325378999
.319525000
.338697201
.325371800
.335391600
.294631300
.278138900
.356997300
.318061800
.321134800
.282319000
.334866800
.331894500
.318216600
.274893400
.308682200
.355163000
.315432500
.286626400
.299819700
.289679200
.348766100
.276581000
.312546000
.316237000
.291852500
.338241599
.312202300
.336532300
.294347900
.352780801
.367195500
.350696300
.289573100
.276606400
.338761200
.272152700
.286715600
.277274500
