.308882540
.589119244
.564701152
.555112721
.559825655
.566788659
.560247635
.573681128
.566239185
.557387163
.562970325
.567287658
.549393392
.561009705
.564781966
.554128182
.565082600
.566641026
.552363612
.568400702
.554450319
.555808380
.565424217
.551865788
.564804746
.565249185
.558443718
.559141067
.572347401
.550507563
.565397114
.572000299
.560089188
.562125650
.560373885
.551573738
.565369197
.551184888
.557548724
.564487349
.551601419
.561058657
.568113667
.552567247
.567815806
.564792893
.554306433
.562142173
.560180103
.557445502
.379106840
.372254571
.368270308
.381227252
.374103877
.369739581
.402851063
.376949277
.379202398
.377685044
.373549014
.371756171
.384991694
.376774787
.372969988
.384885742
.378960114
.370736361
.382522965
.405894957
.380676229
.374792548
.381058689
.377961049
.373679875
.381052608
.376901142
.377010274
.376268544
.378017808
.373977806
.379602207
.399667268
.385800838
.378734161
.377019279
.374559895
.381399298
.377931941
.387103795
.377202389
.376808167
.375783985
.375810249
.379011500
.376585454
.093227886
.381192661
.374130367
.381576049
.374870113
.371998938
.374589591
.367270836
.372127296
.375125628
.371219308
.376239464
.380391739
.377122705
.377043859
.378097771
.361308145
.373163723
.378990810
.360488581
.378199002
.379844205
.363080772
.377224204
.378206099
.361310449
.393044252
.374133472
.377178338
.362244345
.376188752
.378039546
.362469621
.375829660
.374340182
.365055077
.376222506
.376243010
.363230425
.373853505
.394213433
.383483086
.366986185
.375243022
.380534377
.363984869
.373021550
.377272759
.365303062
.376035898
.375261111
.363020003
.373400970
.380677065
.374784796
.363689782
.374875613
.376862344
.362499509
.377100208
.377232036
.364352748
.378995801
.375200675
.370522342
.373842515
.381065938
.368176033
.386133714
.385375996
.357410159
.377928265
.376321251
.361045598
.372711391
.378710370
.361095028
.376804352
.373336148
.364249745
.382833778
.370686070
.390109886
.385995907
.371255486
.384258663
.389775797
.375604640
.385292056
.383159933
.376023050
.387032641
.382808563
.387527116
.393116115
.382408056
.383220888
.386291024
.378239201
.381526845
.384873351
.375535638
.388333659
.391336005
.376104504
.386237072
.394210550
.374362726
.393194362
.392254413
.378893292
.387623400
.385062432
.378892708
.387434973
.393499942
.403849386
.375721112
.383178930
.395983719
.380546064
.391320093
.388197118
.384578198
.380524945
.391272148
.382213026
.387483866
.392683419
.374952093
.383716735
.393208594
.380692086
.386874855
.404297006
.381645361
.386435808
.388833133
.380155809
.383239148
.387706259
.374166618
.382732878
.386330228
.376996302
.390260180
.382773416
.394584768
.399244988
.384269902
.380105382
.386143152
.382198842
.380581209
.385489074
.376443534
.383150303
.386106610
.383349546
.388001150
.400869899
.390615325
.376175117
.387596710
.382720029
.388854277
.383350202
.383183998
.383153396
.388234498
.380059269
.388264122
.389333779
.380928329
.390702162
.371784000
.384361217
.387110448
.373732924
.387871231
.384881489
.376945756
.388525801
.381078883
.386649130
.389781145
.384391631
.385175341
.387290105
.376003290
.388670995
.391001930
.375820338
.386078771
.389822662
.376532382
.387406380
.396887074
.376083992
.391545599
.397036278
.374735463
.386197704
.387634094
.376615275
.386257974
.401625178
.391186911
.378709381
.384427411
.392143572
.377506086
.397676479
.390753888
.379647498
.376762229
.389111735
.379250477
.381391456
.389033316
.373406201
.384964755
.386218237
.379102441
.388238598
.400239285
.380871974
.383614569
.388258498
.375081843
.387821106
.390310364
.375209621
.389672504
.384946547
.378522764
.392025165
.382024154
.387885966
.397958724
.383185185
.379055298
.390616538
.378959239
.380277293
.386145234
.376514991
.381971422
.390137102
.390200619
.381627459
.400855544
.394967803
.387257964
.372237995
.384462157
.385620302
.375639207
.388707313
.381334884
.380776367
.386771430
.387956731
.383574473
.397175118
.391376058
.372334829
.384947182
.389186654
.376337479
.387471719
.382301051
.381346470
.390102853
.378541500
.387207679
.387289838
.388115512
.386192418
.387216238
.376217785
.386483962
.386670933
.378194398
.385188845
.388772071
.377620778
.389960785
.383106807
.374224638
.393705511
.384648454
.379201649
.386745288
.381266036
.383341266
.391838106
.404178261
.407044776
.411227119
.421902377
.411030253
.405155882
.414164298
.409327451
.390237099
.408304908
.407728481
.400193558
.410266666
.397911569
.405992044
.407465625
.392810658
.410904056
.411475552
.399262747
.411256165
.403844662
.400208098
.408147783
.395901297
.406618426
.413810326
.393688754
.410719728
.415776415
.396309814
.411024327
.403596882
.402881999
.409110265
.389307346
.403974131
.409253253
.391029561
.408200954
.405897925
.397197178
.409193251
.397113597
.407719117
.424448525
.475300143
.408354864
.390080056
.407123818
.409200832
.392087528
.412104836
.400083943
.401217131
.406193873
.389169998
.406717138
.095279539
.401492443
.409477211
.404485114
.401259868
.404164278
.397239010
.414166469
.406065554
.389170652
.404808474
.407400823
.413203907
.419858788
.399498832
.401786754
.411700685
.392092277
.406477945
.413396484
.391693879
.410997154
.404734823
.400833104
.411393720
.540144500
.413373349
.407984962
.389063258
.408377457
.401347194
.403934208
.411018663
.396220532
.405297782
.407962937
.386932355
.097243450
.422599421
.391818026
.400420420
.409587729
.400012575
.409557905
.409752961
.390882451
.409304079
.408936566
.409036780
.429194258
.403539945
.402359489
.410612523
.391665058
.404622125
.414787044
.386046050
.415958925
.403155743
.400069785
.407431222
.399163919
.411986995
.412440897
.391152166
.413351421
.400294613
.409997919
.413173222
.386763041
.405795238
.409128946
.388214421
.408050298
.418656539
.395835408
.414907873
.399885581
.401764746
.412283960
.396872917
.407768559
.413894891
.393078895
.412121821
.404544277
.402515658
.463432532
.429814896
.404014345
.410675530
.405241099
.413932940
.389345846
.410583000
.408204832
.393723495
.412781886
.402755851
.401744851
.098687655
.394798898
.411490222
.413107997
.395800133
.410467500
.405265110
.399305086
.409419216
.393337295
.408663974
.420497090
.409547158
.412957791
.410222170
.394968438
.413458157
.398731758
.409632762
.413176528
.392117933
.407784136
.408746387
.397055538
.418673742
.404852251
.408118683
.399308632
.414554409
.410174158
.395091805
.406343243
.407207910
.392212864
.409189974
.395098623
.402190096
.422433475
.396056282
.405773055
.416973150
.411908275
.410968976
.393740009
.408646252
.411923246
.393221887
.407028330
.401196784
.400212764
.431523197
.459973023
.406034989
.407073356
.391315779
.408125897
.402317854
.400836131
.410176433
.388153849
.406066072
.411004515
.394014480
.097784115
.410664635
.410601998
.406855518
.397123037
.404626371
.412681569
.397836255
.407162936
.410146919
.394424951
.417765962
.406260487
.413359173
.397468917
.408961532
.414130807
.388003282
.413274899
.405443899
.403383310
.412670399
.389915898
.403305222
.428762797
.396885235
.411070993
.412439210
.404860469
.410188806
.391213027
.407306404
.404195068
.395128930
.409067167
.394218864
.401260454
.422466719
.399095501
.417514092
.411128869
.389871829
.409049428
.411693798
.395948033
.410090824
.400198354
.404750823
.410778188
.395369756
.427567617
.473785403
.393162231
.413207089
.398210111
.403947040
.406075002
.391533994
.406082115
.408853830
.398376819
.411673605
.401989447
.413205009
.413375358
.394325587
.410044024
.405239263
.395783170
.410673927
.398215760
.398206425
.407910449
.390375996
.404029129
.423940506
.393585325
.406575286
.409878796
.408686131
.408404761
.395822632
.412695893
.407155283
.402592717
.413343069
.395557669
.407418213
.427846838
.397550318
.409632598
.410782362
.392127605
.408235937
.401010606
.404328386
.410875826
.390334908
.408842461
.411756607
.396062857
.424566430
.406951351
.398993422
.411300289
.395176722
.407950147
.411780911
.393316779
.413400412
.401370890
.399518082
.415425308
.394513790
.418065050
.415685330
.397530518
.404190975
.413507862
.392140245
.410182347
.412123627
.393212626
.413253341
.399898823
.408652274
.412757932
.541350452
.416603603
.394743021
.405054892
.411865132
.393946404
.406171667
.408299195
.396696369
.417608211
.396938085
.417195504
.427548742
.394887527
.407630778
.407430231
.399031020
.409128409
.399403258
.402591092
.411722647
.407462868
.395438193
.408005108
.426514479
.491876200
.417577637
.421490844
.426072944
.407527375
.427541106
.415687912
.420704146
.426052752
.409027226
.429192824
.428191941
.425699987
.421821648
.431001455
.410927190
.430240242
.426009567
.421099622
.430141409
.418998407
.424560234
.427609705
.426447780
.431131140
.415203294
.423549154
.422222633
.428997093
.422894948
.419153181
.428974205
.420655379
.423885823
.431724896
.424767388
.434956278
.441386674
.417215626
.419290031
.429234611
.410994111
.428266344
.426762439
.426177205
.428976056
.414176638
.433787657
.436756410
.417716082
.425266141
.419722235
.420658087
.426217553
.409145139
.430974382
.422141535
.414688887
.425510870
.420776001
.432711895
.424331040
.423367416
.428552245
.414283466
.426102001
.426446140
.427958415
.429642189
.412195947
.428210854
.432387462
.424480502
.429293624
.409782999
.425197560
.428896104
.422712008
.425190250
.421165024
.423258305
.434602446
.433431706
.432912298
.427561155
.430127474
.411200471
.428007205
.421627231
.425333545
.432107466
.415175097
.421776601
.426499429
.418159209
.436080580
.417227176
.434031790
.420024364
.421515595
.430334028
.413440560
.425732029
.427978631
.414213172
.432576634
.416398399
.454346451
.438125251
.432996679
.414142555
.422132828
.424100947
.420166126
.436141956
.412229229
.423358539
.424805852
.413072002
.439922723
.427106736
.420791682
.426730689
.411918063
.427309770
.423460924
.426297058
.429735058
.413065647
.426723897
.429365107
.428647221
.445310046
.437900627
.425088057
.419644011
.429980675
.437815782
.427282078
.412194170
.427043329
.423290885
.417317215
.445103975
.422792592
.424075389
.428878714
.411685593
.417592571
.435390761
.420208600
.428832385
.410187991
.424330725
.423971524
.429449552
.435686921
.415626293
.431041088
.425531296
.419712897
.429286069
.411425707
.435487409
.424755756
.418428544
.429861243
.426284165
.431966936
.419213076
.419225703
.422965397
.412203363
.430158586
.418093568
.418235743
.425833403
.410290735
.424939329
.436210062
.425659708
.428983024
.414369446
.427417581
.433831916
.421184379
.428795245
.413922229
.426699587
.426811855
.420140072
.438790499
.415428370
.424463105
.424114273
.434615917
.426925379
.422827671
.426446649
.415256000
.423578196
.424584295
.423219691
.438960399
.414768917
.427440926
.424361485
.421669871
.433719578
.414568458
.423007401
.428732796
.419424084
.428077175
.418588835
.433201498
.278532034
.305193990
.300310491
.294223472
.288899687
.302271613
.278202106
.298066987
.296161379
.289935929
.277148074
.290205787
.287139270
.289920174
.283082424
.306291267
.305327290
.298717474
