.005600747
.005701808
.005656102
.005639717
.005582655
.005686820
.005613962
.005699721
.005603502
.005634645
.005678815
.005830458
.005696181
.005704135
.005588308
.005708075
.005550817
.005663410
.005631379
.005680744
.005588418
.005687330
.005607107
.005667731
.005738266
.005716005
.005592962
.005673323
.006696863
.005698329
.005546796
.005702760
.005687309
.005587811
.005693846
.005663520
.005556093
.005759501
.005632365
.005712651
.006519920
.005635197
.005754532
.006692600
.005560897
.005676081
.005701626
.005726051
.005551429
.005706574
.005527737
.005722985
.005732646
.005686020
.005637318
.005690537
.005591170
.005673039
.005541151
.006651361
.005538148
.005773658
.006714976
.005686143
.005677374
.005662470
.005579761
.005673955
.005653757
.005702000
.005646883
.005650190
.006577193
.005641909
.005643592
.005669462
.005599493
.005719872
.005637709
.005724405
.005629339
.006633216
.005670846
.005714128
.005660776
.006697169
.005526065
.005712049
.006544534
.005702099
.007491464
.005597539
.005724414
.005629389
.005716073
.005543252
.005754755
.005669244
.005648030
.005624806
.006662733
.005557530
.005767407
.005592926
.005649127
.005555637
.005702285
.005597908
.005743590
.005618280
.005671994
.005697388
.005685373
.005727220
.005639429
.005548697
.005651735
.005591457
.005698508
.005583186
.005644083
.005515444
.005640289
.005583157
.005773319
.005621721
.005714116
.005657470
.006711735
.005560951
.005690609
.005538106
.005735900
.005553590
.005784733
.005644981
.005716314
.005644975
.005691006
.005586568
.005659930
.005567034
.005722513
.005589185
.005684455
.005586367
.005781903
.005604767
.005755948
.005539427
.005677445
.005617682
.005765883
.005586571
.005663222
.005557075
.005686904
.006593112
.005737003
.005583225
.005670817
.005689638
.005709542
.005632890
.006714586
.005554254
.005646673
.005590088
.005677494
.005587337
.005735187
.005590111
.005677253
.005541364
.005702023
.005621016
.005706709
.005550198
.005735723
.005608243
.005587175
.005588237
.005800527
.005588559
.005766327
.005577840
.005621570
.005595439
.006734010
.005573216
.005647128
.005582330
.005733628
.005563984
.006749714
.005597953
.005717484
.005693177
.005644544
.005565805
.006662664
.005565852
.005726136
.005611111
.005617205
.007520799
.005555944
.005666332
.005620591
.006707153
.005654698
.005748544
.005699315
.005738881
.005613194
.005659076
.005592467
.005699461
.005683345
.005695525
.005536849
.005670348
.006611988
.005693324
.005724695
.005713447
.005676241
.005700062
.005666347
.005606737
.005598465
.005663572
.005691256
.005677679
.005681094
.005770922
.005608936
.005667564
.005555278
.005648555
.005591420
.005656239
.005674222
.005672922
.005592411
.005673948
.005668285
.005733305
.005587190
.005718814
.005680638
.005650867
.005727714
.005657769
.005564311
.005618881
.005630595
.005697656
.005572794
.005759621
.005629294
.006714921
.005668647
.006686374
.005618940
.005690202
.005576771
.005687195
.005625710
.005618998
.006620803
.005735642
.005548325
.005721545
.005655710
.006669038
.005598998
.005679800
.005639495
.005617741
.005628597
.005675365
.005808575
.005619304
.005727515
.005673765
.005612920
.005683389
.005595474
.005581917
.005660856
.005694096
.005714252
.005660846
.005625378
.005621003
.005770424
.006775927
.005511145
.005702488
.005631807
.005706278
.005682782
.005768704
.005600113
.005715596
.005647797
.006716553
.005639446
.005642627
.005593378
.005724842
.005754079
.005768474
.005595378
.005606467
.005637680
.006696315
.005617221
.007531541
.005807684
.005710117
.005682361
.005608847
.005770592
.005668841
.005707846
.005586821
.005823765
.005602440
.005685512
.005639803
.005776642
.005633050
.005766348
.005641303
.005721910
.005643678
.005643376
.005687914
.005730934
.005572011
.005762413
.005610840
.005723820
.005617808
.005773009
.005689235
.005664705
.005597045
.005666455
.005546023
.005777797
.005617273
.005643810
.005590735
.005700158
.005621266
.005686643
.005644207
.005683239
.005750348
.005727541
.005762665
.005667497
.005653409
.005715857
.005594096
.005731007
.005608476
.005741395
.005637656
.005692095
.005614462
.005745240
.005661210
.005745211
.005571899
.005790573
.006607261
.005768764
.005577487
.005928668
.005533341
.005790080
.005565625
.006676605
.005589666
.005682306
.005550132
.005758983
.005571948
.005795335
.005610984
.006674993
.005613276
.005752506
.005699316
.005621667
.005621009
.005712809
.005696967
.005706459
.005626834
.006707107
.005666841
.005696614
.005585991
.005733612
.005658429
.005697616
.006676123
.005798632
.005655612
.005769519
.005605707
.005699314
.005584209
.006676323
.005630828
.005727570
.005573419
.006696647
.013108712
.005698410
.005680607
.005681849
.006617925
.005839010
.005598004
.005830451
.005525121
.007650758
.005610360
.005702569
.005637093
.005641324
.005681327
.005610513
.005819135
.005750961
.005715737
.005773615
.005695979
.005651351
.005694392
.005785256
.005764910
.005627859
.005685076
.005692551
.005674453
.005673496
.005719916
.006670203
.005669184
.005557177
.006707453
.006611334
.005700844
.006599398
.005872106
.005699719
.005778657
.005601624
.005783181
.005558678
.005690689
.005586936
.005686905
.006675063
.005760875
.005554915
.005662116
.006729240
.005733863
.005573589
.005654082
.005682982
.005677929
.006612126
.005773408
.005654022
.005708096
.005670693
.005768931
.005551585
.006658830
.005591313
.005638705
.005642976
.005708338
.005679879
.005623378
.005638589
.005702030
.005737156
.005758856
.006609087
.005692055
.005596637
.005758527
.005601978
.005727363
.005640380
.005754581
.005614245
.005677611
.005563063
.005785834
.006534716
.005796404
.005644611
.005749699
.005569844
.005737240
.005542889
.005699028
.005644404
.005727276
.005622199
.005709431
.005555862
.005693531
.005694832
.005668718
.005600002
.005634766
.005662975
.005753703
.005606915
.005692428
.005688386
.005703541
.005644911
.005707050
.005586352
.005818627
.005586378
.005710265
.005499254
.005754398
.005655831
.006708641
.005618263
.005692722
.008651465
.006632484
.005704251
.005593706
.006723531
.005604217
.005735123
.005689838
.005732073
.005544126
.005778044
.005528115
.005669589
.005628748
.005690509
.005704444
.006729111
.005695239
.005703978
.005613829
.005703334
.005655855
.005657048
.005617261
.005660292
.005653908
.005719208
.005614174
.005768163
.005581791
.005655700
.005594728
.006785224
.005655795
.005632355
.005570611
.005740885
.006587123
.005809352
.005626112
.005719209
.005614456
.005737021
.005589296
.005771648
.005534193
.005719126
.005601873
.005705606
.005575850
.005793539
.005624121
.005693156
.005589807
.005716359
.005612460
.005719273
.005550288
.005765544
.005540642
.005679053
.005606108
.005666569
.005536308
.005738897
.006627082
.005769946
.005628708
.005744407
.005509785
.005654189
.005627009
.005730710
.005566465
.005692588
.005545165
.005704427
.005572763
.005751149
.005623053
.005677531
.005586402
.005777079
.005560245
.005790308
.005547659
.005849032
.005638445
.005832427
.005498814
.005791146
.006625375
.005652077
.005610487
.005679360
.005578927
.005822095
.005600177
.005736925
.005547029
.005713310
.005701480
.005665608
.005638739
.005675363
.005598607
.005799163
.005618474
.005671026
.005559286
.005688532
.005643461
.005687713
.006673070
.007567807
.005777437
.005741457
.005841978
.005575747
.005699436
.005614023
.005674492
.005576211
.005668864
.005570415
.005716382
.006641702
.005660247
.005676583
.005731385
.005597240
.005642299
.005702191
.005734832
.005592386
.005633926
.005709244
.005631912
.005731108
.005682418
.005571386
.005703584
.005545206
.005707565
.005555098
.005666816
.005757398
.005666558
.005647151
.006601142
.005703706
.005697738
.005575939
.005706377
.005599984
.005708720
.005640422
.005667534
.005712679
.005680765
.006666258
.005635532
.005695802
.005684420
.005638827
.005756471
.005723501
.005744829
.005634824
.005703130
.005597180
.005598688
.005673884
.005712285
.005620445
.005697924
.005640063
.005665540
.005697534
.005663004
.005670817
.005642024
.005776178
.006732140
.005613522
.005660454
.005654507
.005739831
.005628788
.005664838
.005635360
.005718345
.005574426
.005717474
.005544660
.005723037
.005658128
.005773043
.005580807
.005702219
.005712846
.005727720
.005602558
.005721550
.005638589
.005666420
.005714846
.006704455
.006571443
.005847257
.005612438
.005798600
.005543890
.005737357
.006619379
.005765531
.005672405
.005772590
.005616913
.005616397
.005600111
.005771001
.005614991
.005765682
.005621317
.005708170
.005557855
.005770775
.007597366
.005559240
.005754092
.005597453
.005829187
.005579123
.005728158
.005559450
.005745262
.005547678
.005838212
.005559918
.005704402
.006590697
.005694536
.005546796
.005719699
.005544025
.005819880
.005584910
.005758608
.005587469
.005811676
.005664938
.005707332
.005567313
.006693168
.005598336
.005713863
.005522516
.006759769
.005624840
.005660209
.005543418
.005723414
.006586682
.005636192
.005695097
.005728473
.005700820
.005703104
.005583421
.005663225
.005609134
.005709824
.005601198
.005641445
.005636821
.005723905
.006591373
.005784729
.005638202
.006666285
.005588777
.005752913
.006581848
.005727105
.005562245
.005817818
.005524237
.005777327
.005582477
.005672700
.005595578
.005655946
.005565624
.005720599
.005575711
.006784104
.005531598
.005678978
.005636429
.005782378
.005677620
.005742247
.005585002
.005712094
.005558134
.006846688
.005565856
.005655432
.005599157
.005673007
.005575862
.005722288
.006606852
.005763347
.005599859
.005814238
.005690206
.005636655
.005626388
.005674984
.005636557
.005698195
.005639782
.005659348
.006577520
.005722888
.005537061
.005839389
.005606760
.005707769
.005557284
.005770743
.005566532
.005686538
.005619883
.005789947
.005559686
.005774474
.005640145
.006705773
.005615132
.007457057
.005675772
.005572199
.006544594
.005650018
.005743619
.005550662
.005715176
.005658933
.006739659
.005558838
.005633728
.005626666
.005666622
.005696487
.005708649
.005559076
.005629547
.006621477
.005757013
.005563971
.005673582
.005640541
.005834115
.005605088
.006761910
.005604067
.005642926
.006683215
.005752862
.005543836
.005784891
.005641817
.005741217
.005567458
.005681014
.005603620
.005688480
.006584219
.005694867
.005657891
.005727009
.006625874
.005706793
.006687758
.005630175
.005693701
.005675183
.005630053
.005686945
.005620070
.005645351
.005639102
.005734981
.005784405
.006691832
.006625336
.005732549
.005662333
.005884232
.005589887
.005724054
.005615148
.005705229
.005653616
.005740628
.005636122
.005706644
.005588624
.005736754
.005558490
.005775982
.005644585
.005820859
.005635205
.005760330
.005602083
.005695644
.005579505
.005730403
.005583466
.005649087
.005603270
.005708249
.005577098
.005718384
.005696667
.005717386
.005587798
.005754304
.005697212
.005704541
.005607198
.005655321
.005683892
.005662879
.005666785
.005749951
.005571876
.005729867
.011158536
.006659345
.005568369
.005679011
.005708604
.006686796
.005621104
.005763216
.006658559
.005804166
.005657213
.005720038
