.165616401
.167952300
.167786700
.172055600
.173961700
.166232500
.164892800
.166822300
.160321700
.172552700
.164227100
.161935900
.164516800
.169240800
.171949600
.168903400
.168345700
.160167300
.173112900
.172088400
.169690000
.171879000
.169839300
.167980400
.173567399
.168884300
.165548201
.167312600
.167290100
.168544800
.176384400
.173769400
.177605300
.172732500
.177404900
.171788100
.177577600
.175060600
.168701700
.168050500
.172130700
.165868700
.173353300
.170378900
.167973500
.166711100
.162970800
.165491500
.167996600
.165722100
.173519000
.174695400
.177214599
.171868800
.171820000
.166904100
.169808400
.170167500
.160350700
.169706200
.174200401
.166137400
.163355300
.163796100
.163590400
.166176100
.167163700
.163213200
.164509800
.163412700
.163455300
.161727400
.163250000
.161216800
.164446100
.173756500
.167884200
.172799400
.171680000
.163254900
.163240400
.162076400
.163069800
.162367200
.162783000
.161740900
.161897500
.161486700
.164215300
.169100100
.164673600
.166417100
.169840000
.166875800
.165758200
.167298500
.167847400
.170257400
.168685100
.166403800
.180642500
.180249300
.176292300
.176316100
.171769500
.167215800
.176040700
.175200600
.174896000
.178863100
.174912500
.168965800
.166248900
.171698000
.174536200
.162509000
.160989300
.161962400
.163019300
.161902000
.189680999
.182281001
.178265000
.169617699
.175430400
.164224100
.173275000
.356413400
.169954300
.169238401
.179841800
.160314000
.169091200
.177373900
.171656700
.165633700
.162704400
.164740400
.163523699
.166529300
.172398900
.166342800
.165419800
.162534500
.161916300
.163369600
.164248300
.165777700
.169443700
.169943400
.172335100
.163310100
.164577899
.164627800
.172471800
.177986701
.168722300
.177296900
.171290300
.174424600
.175042600
.175331300
.166057600
.166106299
.166911501
.162214100
.162433700
.162399900
.165281900
.163095100
.165503200
.168325500
.172095400
.184414900
.172110000
.177272500
.178139000
.181750800
.178122200
.168714000
.168955300
.169822000
.171242100
.161807600
.167533400
.168057500
.167184900
.166207000
.169479000
.184254200
.163554600
.163379900
.167112000
.170264300
.167621700
.170031700
.173103400
.167313100
.166580000
.166214500
.161707700
.169592700
.164760200
.166468900
.165710000
.170120700
.163127500
.166097200
.167952600
.164750500
.165215800
.168143800
.169996900
.172357200
.172599300
.171429799
.170921600
.171510300
.174538500
.164870300
.165020400
.163846600
.160509800
.166579600
.167256900
.163909600
.163643400
.170305700
.165286600
.163951200
.160284900
.164252300
.161987800
.163347000
.166614500
.164731600
.164164800
.164384800
.162431200
.165455400
.162565500
.163953900
.163657200
.166028200
.165022100
.162910400
.165304100
.169128200
.161193900
.164251700
.164601100
.167762299
.166252500
.163745300
.163579200
.166832900
.172137700
.170041300
.170742500
.170889600
.163472201
.163298900
.234701400
.172352100
.171146000
.164670600
.161375800
.164681600
.166902400
.162649400
.166911000
.163166700
.163086000
.161342600
.160980200
.165514800
.167072800
.161726300
.176933300
.173299800
.171935700
.165789100
.162968500
.169075400
.172764500
.176615900
.174161099
.164824300
.164312600
.162791500
.168261800
.172599200
.162774500
.164527800
.172672900
.164756100
.165511800
.173856200
.173133300
.161241100
.161202400
.172514200
.164280900
.169558501
.164041300
.167873500
.168178400
.172560100
.174258200
.172469900
.175144800
.177653001
.169748200
.169362500
.172197100
.182394100
.173017500
.163142500
.162629500
.171827300
.160533100
.162217500
.160843900
.165582000
.162814700
.160762100
.161122000
.166877300
.166254500
.171806300
.168579400
.169104100
.168254600
.170243500
.170111900
.174681800
.171112000
.171818700
.169280001
.168454600
.168941500
.167230400
.167942000
.176217900
.171998000
.164947400
.167877400
.161310100
.164542500
.164554800
.166136400
.162570400
.169632000
.174909600
.169985200
.175461399
.171020300
.169177100
.169411100
.165116300
.163921800
.163799300
.169391700
.169735100
.167950301
.168449100
.174448400
.169758300
.168897500
.168963700
.171193900
.165398000
.167831100
.162967700
.165978300
.164441800
.165851500
.166776800
.160292300
.161322900
.166763500
.161286900
.163911600
.165464900
.163888200
.166688900
.158978100
.163907300
.163689900
.165296600
.173201899
.169128300
.166440900
.162057100
.164622000
.163777000
.164635000
.169951100
.176741300
.165421401
.165536400
.171315300
.173641900
.167424100
.162877600
.161019500
.165084800
.169758400
.190768001
.165919700
.165031400
.165978500
.169160300
.165688200
.165577200
.163630400
.164294800
.163049300
.162423000
.166438900
.170846800
.170924300
.162240800
.161718700
.164893500
.164751900
.166169600
.163772400
.164513900
.160357600
.163203100
.167595500
.164238800
.161888500
.164776600
.162946600
.167411400
.163367000
.163906900
.163986600
.162400100
.163978900
.163283300
.166421700
.165621600
.164575900
.164557300
.164958200
.165734500
.163196300
.174327600
.171889200
.165888999
.165214400
.165649200
.164080900
.169447300
.164736100
.178877800
.175614900
.173445701
.162587500
.164070400
.163970000
.165322300
.165832200
.166130000
.193637600
.188169300
.161425099
.161607400
.165839300
.166470200
.163961500
.165318500
.161849800
.164579200
.165241000
.165237600
.163290700
.165834900
.159260500
.158372500
.165772300
.162144100
.161003100
.162102100
.164242601
.170420300
.169265500
.170656500
.163631300
.162916800
.164469400
.168685100
.172181700
.168996600
.165487300
.171187600
.174521700
.165852800
.168308400
.169860800
.166688000
.170519800
.174798200
.166778100
.178220900
.174991400
.174272300
.172065900
.180547000
.177820000
.165596099
.160691300
.162636200
.162017000
.176182800
.174090900
.166635600
.172885800
.170761500
.174490300
.165159700
.163470600
.167376400
.165447900
.167379000
.170442800
.168478200
.171592400
.177057800
.177981000
.164451200
.171243200
.177805300
.177112800
.175391900
.179933100
.176324500
.176313200
.180146300
.179334900
.177044600
.170723800
.170600600
.170909200
.172538500
.171525500
.170990900
.170725900
.159924900
.175061400
.165342700
.165440700
.164517700
.165093200
.164908500
.165498600
.178326000
.174509400
.174009400
.167289700
.177672200
.161378600
.176243500
.167926300
.164459800
.165565800
.162109900
.168217700
.160936900
.162445400
.169528300
.170658800
.161375200
.165663300
.171727200
.169208600
.172277200
.171813900
.163932800
.169420600
.170076700
.169562900
.164417400
.160026000
.167947800
.176374400
.172990900
.169809699
.177354600
.165584800
.162204700
.171375100
.175186900
.163523300
.162309600
.165795700
.164899001
.168332300
.177452100
.169707400
.163084900
.166563100
.175295100
.165469800
.169541699
.168163300
.164226800
.163716300
.165268800
.166875800
.164084500
.167444000
.164433300
.169804001
.168045300
.161600200
.169121400
.161884800
.164362000
.169264200
.170552800
.174547400
.173143400
.167080300
.161996400
.164186300
.162561900
.166085600
.175550700
.163575100
.164807000
.161991600
.170544300
.171703800
.164621200
.167106100
.163007600
.171391601
.168793400
.169510599
.177132900
.180041400
.169226300
.173787200
.173263800
.176392700
.178887900
.178869800
.178111101
.174606500
.175643500
.167482600
.173165900
.163666699
.165172200
.163721600
.163929401
.166707300
.169698600
.167842000
.160719300
.163320400
.163900700
.164170600
.168586400
.167830100
.167665100
.168492800
.164853000
.172553800
.171566600
.170345900
.168815300
.168081700
.167157199
.172229700
.171511300
.170977900
.171097700
.167445500
.161829400
.158539700
.183455301
.169436800
.163066200
.161560700
.164807000
.161552700
.168403700
.162446100
.166603000
.166081901
.174866900
.176986500
.183682700
.173827100
.171171000
.168309100
.172986500
.165093100
.169250000
.172380600
.164795100
.168246200
.161226900
.166041400
.170395300
.163963500
.163278700
.166143000
.161703000
.162365500
.166250900
.165821500
.161528900
.166192500
.166257700
.165026900
.170286200
.166407200
.164407600
.163552800
.165482900
.160044400
.160772300
.163628600
.168176600
.161380200
.163923000
.165003800
.160201700
.163302000
.167463800
.163343600
.163148800
.163276000
.160915600
.168529500
.164491300
.166946900
.168661700
.166131200
.163378400
.164823900
.163234500
.162537300
.165515300
.176748700
.181280600
.178560500
.178216700
.178117700
.171069300
.169150800
.167736700
.165994700
.164024300
.163004900
.164677600
.162700600
.165157100
.164288500
.164145000
.165311800
.164278900
.163863400
.162998500
.164236100
.164282900
.167228300
.164617800
.165568900
.168021500
.166746600
.164143800
.172984500
.161347500
.163081400
.164044000
.163008999
.163092300
.164789500
.161744900
.164208700
.172204200
.163348700
.170573800
.167026200
.178819301
.163227600
.166505900
.168414200
.170298800
.172110700
.175453800
.168234900
.170828200
.171288900
.170499600
.172971200
.174048700
.164975200
.165750600
.165987900
.163820600
.168439399
.163039500
.164093900
.169084800
.180355300
.180084900
.174293300
.168030800
.168116400
.170363701
.174006500
.169609000
.165644300
.164638500
.163805200
.163327200
.168247200
.163026800
.164604199
.164543000
.160782900
.159777000
.163763700
.166522700
.163869200
.163838000
.163710001
.162164500
.163699700
.164412600
.164745600
.163801100
.169001700
.174191500
.161095600
.166310399
.161013600
.166851600
.199527200
.165220300
.160703300
.164587800
.164116100
.163782900
.162764301
.165358500
.165414500
.166079700
.161617300
.169034300
.168720000
.163065400
.162000700
.162845000
.163435000
.167207300
.164361700
.165481000
.162035500
.167858800
.163590200
.165862100
.165241400
.163369600
.167982800
.167835800
.164438700
.166345000
.159731200
.176206100
.164216199
.167955200
.163524800
.165999600
.162410700
.165401300
.172130000
.167717400
.164081200
.162676900
.160861900
.163454600
.165686700
.163410600
.169894600
.172608601
.164892000
.171934400
.171243300
.163610000
.161941400
.161086200
.161973800
.162320800
.162707500
.163111300
.172554100
.166839300
.177356100
.195833700
.164605700
.164232400
.167551700
.167819300
.164617500
.162527400
.172986600
.163935700
.166569100
.166861700
.171178400
.170968700
.166204300
.171916600
.176170500
.173372700
.171200000
.164482000
.164867200
.171160300
.172749500
.171956600
.173180700
.162263600
.165691800
.172325200
.171252400
.170327800
.162930200
.168952600
.166165700
.167588701
.166366300
.168797300
.167464100
.162767400
.165846100
.172149300
.181183200
.171711600
.171213199
.168830800
.174774700
.169814900
.183268600
.179682500
.182206700
.168641100
.171479600
.181268201
.182166400
.182342600
.170683700
.177229800
.174408600
.162329200
.196697100
.175522300
.163584200
.165990900
.162736000
.163949600
.166188100
.165354300
.160386400
.161553200
.160126499
.162284600
.166523800
.166116400
.164086800
.168353900
.175568500
.182010700
.169652300
.172256800
.174526500
.168429100
.175381900
.169643700
.161564000
.168392500
.165048900
.165389400
.168418800
.162954500
.162101200
.168446300
.159891000
.163121700
.164201500
.163647700
