.005507641
.005681196
.006614792
.005630633
.005561446
.005650627
.005560356
.005756600
.005535561
.005635187
.007455409
.005671772
.005707621
.005635708
.005698389
.005631011
.005676131
.006621001
.005619223
.005553869
.005721066
.006568580
.005667586
.005564428
.005722627
.005569642
.005673252
.005566978
.005709333
.005495397
.005651313
.005500821
.005739461
.005612656
.005723806
.005591460
.005691126
.005628552
.005681619
.005583738
.005672304
.005504793
.005719071
.006632223
.005621402
.005547880
.005728862
.005697235
.005643321
.006498345
.005586061
.005597624
.005738929
.005584017
.005732041
.005560609
.005628820
.005539410
.005613062
.005518539
.005690494
.005665777
.005656903
.005623846
.006639110
.005527571
.005629219
.005627357
.005694057
.005551559
.005676179
.005589257
.005642701
.005596858
.005715291
.005880190
.005669363
.005538143
.005745219
.005486249
.005670014
.005618983
.005761532
.006552843
.005727474
.005551283
.005629932
.006648957
.005687935
.005527541
.005633093
.005556303
.005783635
.005531403
.005678796
.005494687
.005684223
.005674024
.005608644
.005615785
.005644452
.005578051
.005811553
.005500261
.005702865
.005469295
.005606222
.005589286
.005654755
.005546429
.005688631
.005662531
.005731911
.005711838
.005699142
.006527298
.005650597
.005578671
.006721772
.005527818
.005763542
.005605243
.005652888
.005616319
.005767678
.006510613
.005659884
.005536769
.008610562
.005622073
.005587446
.005648748
.005713013
.005675669
.005738197
.005631211
.005527093
.005645178
.005632675
.006645530
.005512903
.005616761
.005732224
.005636469
.005584399
.005628913
.005658975
.005687231
.005538014
.005680990
.005527924
.005692100
.005667015
.005680950
.005613361
.005663985
.005562393
.005637724
.005564758
.005694037
.005576548
.005758144
.005642031
.005761887
.005545367
.005661012
.005517343
.005632049
.005597069
.005711776
.005577982
.005613033
.005654405
.005663380
.005623886
.005716185
.005650962
.005703682
.005631307
.005667244
.005526426
.005623356
.005613166
.005638769
.005696937
.005637839
.005663096
.005668851
.005505903
.005678045
.005536761
.006633037
.005715504
.005665791
.005575075
.005606001
.005678930
.005721101
.005596067
.005666495
.005570142
.005734614
.005792407
.005626956
.005623683
.005586796
.005576821
.005667064
.005672456
.005656397
.005561444
.005696743
.005679967
.005740769
.005637505
.005599110
.006577063
.005650053
.005551445
.005721646
.005548602
.005644651
.005516249
.006654856
.005645884
.005596395
.006606158
.005574290
.005732803
.005666774
.005599799
.005639980
.005794429
.005658464
.005710863
.005637439
.006573173
.005731450
.005574033
.005648709
.005596979
.006677034
.005671650
.005751458
.005585380
.005600997
.007584459
.005651598
.005652483
.005491973
.005617896
.005610054
.005835254
.005585979
.005666214
.005498625
.005645568
.005614923
.005682037
.005493846
.006642553
.005645250
.005764350
.005723201
.005694853
.005551367
.005635447
.005548372
.005676844
.005557333
.005704139
.005561100
.005665672
.005566728
.006731427
.005568493
.005617913
.005563007
.005770046
.005580575
.005661818
.005604201
.006729718
.005520241
.005748099
.005569077
.005673959
.010331559
.005674645
.005510509
.005638465
.005569583
.005720436
.005554751
.005772584
.005541854
.005800383
.006663090
.005644379
.005507766
.005672343
.005628775
.005821905
.005533397
.005670730
.005551892
.006698749
.005625517
.006647193
.005533375
.005680404
.005628771
.005748014
.006610741
.005657635
.005530646
.005681257
.005508452
.005785770
.005531418
.005639145
.005608406
.005690840
.005557453
.005737141
.005622873
.005628883
.005666453
.005787371
.005604764
.005670451
.005597891
.005749021
.005523347
.005752873
.005635117
.005757812
.005623454
.005635350
.005547587
.006663621
.005560139
.005812787
.005533751
.005628494
.005609545
.005765337
.005613104
.005640314
.005574446
.005600438
.006538814
.005778981
.005564614
.005737332
.005555606
.006680398
.005499521
.005619887
.005594748
.005647750
.005671782
.005826879
.007578267
.005600587
.005624743
.005617006
.005677486
.005585374
.005682310
.005612078
.006666407
.005618113
.005695485
.005658817
.005653840
.005533930
.005619799
.005668786
.005614976
.005586204
.005680713
.005669405
.005646408
.005701072
.005673939
.006495618
.005695210
.006573203
.005711084
.005539333
.005660462
.005652538
.005681516
.005591065
.005582985
.005613083
.005763814
.005643149
.005650666
.006527149
.005664089
.005645657
.005669707
.005633320
.005647848
.006604584
.005713351
.005739784
.005625882
.005594271
.005744834
.005720406
.005733685
.005608084
.005625984
.005737841
.005684699
.005578770
.005643829
.005664619
.005724801
.005621014
.005702608
.006700458
.005639125
.006581489
.005715826
.005663997
.005598047
.005647411
.005663767
.005727391
.005663980
.005730444
.005686529
.005504335
.005731490
.005542960
.005691824
.005524346
.005709230
.005660158
.005692636
.005548020
.005647549
.005666092
.005721626
.005576598
.005654149
.006514374
.005704831
.005703777
.005698365
.005622132
.005636558
.005705119
.005705373
.005635849
.005694033
.005635460
.005833004
.005721911
.005744698
.005567839
.005701486
.006622020
.005693911
.005912760
.005632650
.006615801
.005751426
.006535327
.005653980
.005683510
.005663272
.005564172
.005673211
.005623473
.005668786
.007398654
.005627238
.005849721
.005592310
.005684571
.005653577
.005738930
.005600461
.005669604
.005598193
.005654547
.005545242
.005816459
.005575624
.005680623
.005545814
.005772568
.005699731
.005726085
.006578493
.005677797
.005606393
.005796611
.005563783
.005741756
.005491995
.005709677
.005662935
.005676668
.005600626
.005690374
.005707391
.006797776
.005624138
.005658278
.005549603
.005722608
.005559441
.005687791
.005603431
.005723153
.005622525
.005656424
.005638697
.005722174
.005634070
.005670659
.005587279
.005824318
.005557490
.005697639
.005563161
.005761053
.005589465
.005819756
.005675179
.005721710
.006598803
.005668676
.006540655
.005683247
.005524096
.005721991
.005618854
.005704591
.005652510
.005780119
.005637259
.005733503
.005553930
.005651239
.005570405
.005860081
.005645588
.005675843
.005550020
.005734367
.005615505
.006684083
.005542479
.005696040
.005676861
.005698016
.005759114
.005652490
.005576636
.005636166
.005624123
.005673363
.006534965
.005712799
.005571533
.005677687
.005635853
.005788284
.005580295
.005775031
.005582858
.005687187
.005570373
.005727854
.005595808
.005765308
.005584870
.005799986
.005575293
.005680410
.005648253
.005643776
.005622053
.005697384
.005576402
.005864366
.005635527
.005678327
.005572378
.005733046
.005713122
.007539325
.005672718
.005617472
.005708293
.005645182
.005663460
.005589011
.005678245
.005616688
.005649888
.005578706
.005668404
.005580051
.005770771
.005672930
.005697388
.006592935
.005670427
.005594924
.005669194
.005597160
.005674687
.005686199
.005701312
.005646082
.006667197
.005723685
.005695383
.005531938
.005606328
.005672783
.006675351
.005656550
.005743307
.005689337
.005651791
.005673024
.005714114
.005563863
.005669488
.005569426
.005797415
.005576238
.005665538
.005690714
.005675306
.005637457
.005723519
.005689228
.005709081
.005612325
.005710606
.005554931
.005755464
.005687987
.005702079
.005591950
.005724362
.005604869
.005699612
.005632692
.005690612
.005593557
.005760772
.005684082
.005686473
.005575397
.005723740
.005522980
.005679127
.005686793
.005688836
.005571881
.005667449
.005628628
.005652891
.005625916
.005717634
.005631181
.005667116
.005713821
.005704381
.005576450
.005786877
.005654069
.006680875
.005696410
.005695326
.005526003
.005682017
.006521004
.005695515
.005566449
.005645216
.005734399
.005710749
.005601351
.005654602
.005675953
.005679787
.005577448
.005747036
.005579936
.005719043
.005727494
.005694399
.005625562
.005700470
.005624558
.005681195
.005610521
.005742297
.005528317
.005746617
.005687901
.005747842
.005597675
.005681345
.007500526
.006585293
.005658175
.005563493
.005740697
.005567089
.006711261
.005517854
.005786545
.005579357
.005586083
.005631479
.005757990
.005667480
.006705426
.005527530
.005749608
.005618230
.005834815
.005599541
.005699439
.005626251
.005719256
.005574432
.005691986
.006611850
.005754920
.005602459
.005704625
.005576211
.005669151
.005725022
.005631267
.005566766
.005641161
.005594506
.005768786
.005622243
.005643898
.005570843
.005647965
.006593478
.005733068
.006596881
.005716326
.005664854
.005700683
.006699105
.005666563
.005596117
.005637161
.005623401
.005752882
.006574579
.005674608
.005607584
.005736667
.005596151
.005728956
.005604233
.005683466
.005604196
.005771114
.005668851
.005675442
.005596291
.005799493
.005634986
.005830813
.005600361
.005677286
.005596445
.005728931
.005558622
.005676875
.005635880
.005782834
.005594857
.006680674
.005506862
.005700152
.005661451
.005731434
.005552748
.006649043
.005559696
.005784354
.005539426
.005701278
.005607061
.005659304
.006611721
.005687407
.005631931
.005623876
.005696231
.005758322
.005695047
.005654419
.005615068
.005677985
.005581151
.005688476
.005675936
.005634381
.005541554
.005600594
.005621742
.005770441
.005640775
.005663171
.005588113
.005790162
.005604965
.005679369
.005583963
.005808941
.007539897
.005685346
.005690512
.005547757
.005707145
.005571644
.005666209
.005619899
.005633159
.005694100
.005693712
.005604613
.005657840
.005747957
.005756921
.005624594
.005694414
.005581520
.006658826
.005646612
.005645708
.005599841
.005656878
.005579584
.005738725
.005567316
.005752233
.005633109
.005656308
.005695930
.005883520
.005632144
.005684477
.005575390
.005686361
.005594044
.010253796
.005600153
.005689521
.005606699
.005723441
.005649827
.005655811
.005529190
.005739271
.005647263
.005622723
.005555188
.005701188
.005687339
.006648361
.005687715
.005636832
.005593889
.005782412
.005542106
.006698693
.005625658
.005656364
.005758302
.005747701
.005590223
.005642740
.005720004
.005806408
.005575540
.005625327
.005571615
.006655617
.005745602
.005633666
.005627707
.005655510
.005698457
.005759976
.005624938
.005732976
.005663570
.005708288
.005765224
.005766866
.005658441
.005720922
.005520390
.005776188
.005626736
.005714906
.005631391
.005728075
.005610452
.005667673
.005736034
.005635852
.006553451
.005752324
.005649993
.005713207
.006573174
.005672310
.005718039
.005683915
.005638411
.005599466
.006658313
.005718435
.005600497
.005673879
.006624893
.005656523
.006720435
.005601661
.005616263
.005717458
.006694196
.005741034
.005590690
.007503867
.005628215
.006534507
.005781275
.005639019
.005704090
.005629436
.005621310
.005709442
.005710233
.005613655
.005613551
.005666359
.005802597
.005706712
.005672683
.005623194
.006642009
.005610302
.006732180
.005572914
.005686717
.005615092
.005737986
.005553617
.005720734
.005634855
.006684271
.005612170
.005714525
.006576115
.005665034
.005570870
.005817902
.005583079
.005774674
.005542327
.005696700
.005558686
.005689272
.005574313
.005757744
.005561407
.005861662
.005568577
.005758906
.005637925
.005782021
.005677587
.005699676
.005557318
