.005783899
.005643444
.005841822
.005614630
.005899400
.005681986
.005779131
.005630390
.006841515
.005622030
.005785153
.005696726
.005816269
.005717425
.005750634
.005681539
.005884922
.006726867
.005778772
.005636977
.005828212
.005617037
.005795953
.005685350
.005784097
.006591500
.005753788
.005727587
.005790399
.005682213
.005752024
.005714220
.005913910
.005704435
.005786693
.005585053
.005771852
.005600604
.005818169
.005725976
.006894121
.005623366
.005841737
.005573482
.005759561
.007649557
.005701907
.005768536
.005742460
.005836285
.005700680
.005844436
.005689308
.006739506
.005560661
.005941163
.005594924
.005724295
.005561878
.006865329
.005532943
.005882633
.005686030
.005812213
.005552153
.005810947
.005631960
.005847189
.005576450
.005895948
.005647414
.005876756
.005623107
.005900009
.005748468
.005799625
.005559137
.005982244
.005677251
.005935442
.005603465
.005872845
.005768640
.005906660
.005749703
.005734847
.005668758
.005750858
.005689158
.006836540
.005677347
.005764419
.005685083
.005862446
.005541413
.005913946
.005755078
.005838138
.005706751
.005816503
.005694135
.005875129
.005730903
.005855487
.005578076
.005856265
.005573944
.005798695
.005533451
.005833313
.005550509
.005799993
.005673444
.005908323
.006567823
.005913535
.005610197
.005779742
.005573047
.005914963
.005576752
.005802435
.005528799
.005776317
.005638131
.005778616
.005582816
.005819858
.005681396
.005869477
.005636233
.005861319
.005678171
.005838705
.005659528
.005779726
.005643748
.005865590
.005643504
.005800335
.005700966
.005829244
.005674454
.005722787
.005614652
.005817784
.005724521
.005817349
.005698489
.005755381
.005726700
.006820713
.005717065
.005832267
.005568051
.005857647
.005529216
.005831632
.005551795
.005787269
.005523009
.005807977
.007651278
.005709676
.005807783
.005707400
.005824399
.005665741
.005714140
.005667053
.005805603
.005597595
.005847880
.005671048
.005720374
.005692024
.005808058
.005662662
.005884082
.005659078
.005814843
.005638241
.006776376
.005628151
.005826767
.005555165
.005913555
.005553247
.005893135
.005677390
.005913658
.006673370
.005809051
.005578462
.005738987
.006648618
.005821861
.005702685
.005898376
.005681256
.005927024
.005605131
.005764847
.005657482
.005882778
.005719725
.005772677
.005580207
.005887313
.006590285
.005778946
.005689065
.005775822
.005638718
.005750705
.005671450
.005831350
.005699627
.005827971
.005691777
.005816057
.005621220
.005849377
.005751685
.005807578
.005614117
.005805963
.005663368
.005886824
.005709944
.005708175
.005697485
.005760498
.005671267
.005767175
.006582469
.005826902
.005627302
.005875605
.005725435
.006933243
.005634441
.005841500
.005608022
.005885835
.005679717
.005891057
.005687966
.005817982
.005687462
.005777828
.005640607
.005883567
.005594457
.005778557
.005665177
.005870780
.005559022
.005695706
.005522737
.005779928
.005720047
.005907560
.005688126
.005809927
.005686872
.005794516
.005705048
.005832490
.005660136
.005834817
.005649857
.005823213
.005727499
.005817872
.006505345
.005756311
.005671058
.019127060
.005921158
.005557297
.005787627
.005659209
.005778901
.005681352
.005759090
.005684935
.005812204
.005690587
.006741275
.005685470
.005776820
.005645279
.005819747
.005572448
.005883493
.005671261
.005859808
.005643079
.005786656
.005668587
.005781102
.006746658
.005821475
.005602215
.005792566
.005618711
.005742314
.005591540
.005733140
.006495978
.005859730
.005682367
.005832647
.005623523
.005770097
.005701345
.005868661
.005634478
.005873252
.005568711
.005788777
.005561395
.005881730
.005712956
.005789740
.005579745
.005835036
.005683986
.005905208
.005593270
.005901253
.006676869
.005814866
.005680273
.005772428
.005753137
.005877511
.005666080
.005877783
.005648886
.005864972
.006676892
.005780462
.005500100
.005935203
.005705899
.005897800
.005746645
.005882553
.005698904
.005798013
.005644339
.006880032
.005617883
.005884538
.005590496
.005739513
.005612730
.005779107
.006662650
.005851535
.005677355
.005839890
.006542087
.005840645
.005726267
.005858698
.005585038
.005913995
.005616866
.007833543
.005596425
.006869968
.005644771
.005782238
.005570776
.005812656
.005754646
.005800295
.005711758
.005802903
.005722603
.005901552
.005683208
.005771592
.005701779
.006786386
.005612535
.005797036
.005685795
.005843522
.005740324
.007685498
.006753269
.005690895
.005804434
.005746469
.005802912
.006705048
.006809512
.006600070
.005812416
.005628870
.005807078
.005727352
.006863072
.005634732
.005855020
.005579586
.005790367
.005713989
.005815203
.005683773
.005731846
.005707226
.005802588
.005743631
.005863465
.005713231
.005819877
.005635362
.005795185
.005725141
.005849226
.005675850
.005835035
.005749770
.005898220
.005640748
.005830859
.005689762
.005831105
.005685797
.005793651
.005659485
.005892657
.005631705
.005816252
.005664070
.005876648
.005688753
.005881683
.005651770
.005770772
.006809313
.005820906
.005747960
.005791865
.005729435
.005829192
.005592950
.005859434
.005683648
.005801788
.005699393
.005741184
.005656313
.005772201
.005618668
.005809935
.005715968
.005843126
.005751723
.005858391
.005726303
.005792862
.005631608
.005871080
.005720748
.005819019
.005628139
.006905565
.005684288
.006800764
.005560896
.005769911
.005755678
.005858489
.005734815
.005841285
.005742836
.005888693
.005782752
.005914318
.005604716
.005819288
.005632701
.005925260
.005718676
.005786438
.005737055
.005861618
.005639147
.005872012
.005737008
.005867108
.005801975
.005831539
.005740187
.005834233
.005613934
.005757470
.005603534
.006743652
.005767476
.005796857
.005606011
.005852193
.007624743
.005668936
.006771646
.005692221
.005882982
.005587759
.005928357
.006723354
.005807888
.005598563
.005921596
.005665461
.005764025
.005598940
.005837422
.005708645
.005770804
.005614996
.005878188
.006717929
.005830866
.005582798
.005931963
.005700885
.005917245
.005746106
.006850804
.005674894
.005845638
.005646578
.005889034
.005620818
.005789500
.006678331
.005876718
.006610883
.006104650
.006769248
.005811150
.005675913
.005883455
.006652670
.005877982
.005751543
.005812725
.005601431
.007836018
.005651091
.005858836
.005630583
.005822600
.005646370
.005857705
.005706920
.005760381
.005596047
.005835948
.005757371
.005881942
.005605996
.005864523
.005653858
.005785958
.006627306
.005820430
.005719007
.005844265
.005631103
.005872326
.005716341
.005880466
.005569185
.005823011
.005716463
.005919110
.005757633
.005886826
.005749222
.005852398
.005759292
.007836877
.005695294
.005905485
.005718302
.005796348
.005644289
.005829793
.005700570
.005907690
.005681818
.005785405
.005682638
.007833393
.005728115
.005849605
.005614553
.005860668
.005604507
.006854561
.005618167
.005892740
.005588633
.005821668
.005703705
.005897608
.006645781
.005844815
.006671984
.005743555
.005628978
.005857528
.005648523
.005895345
.005656476
.007671488
.005814210
.005599197
.005766078
.005725027
.005894434
.005658925
.006878306
.005750295
.005853405
.005706540
.005802233
.005672203
.005833193
.005570065
.005762913
.005712532
.005923300
.005720071
.005826225
.005623580
.005772677
.005696275
.005741403
.005696518
.005767905
.005689033
.005812039
.005563560
.005971755
.005635778
.006873030
.005685195
.005787247
.005610525
.005845420
.005587122
.005842186
.005726468
.005859060
.005743973
.005785900
.005701712
.005883915
.005644419
.005828678
.005705107
.005823366
.005594435
.005845007
.005693975
.005911930
.005610895
.005812280
.005711628
.005802925
.005676855
.005900979
.005656625
.005873932
.005663682
.005876228
.005614981
.005955169
.005639706
.005854271
.005727858
.005940912
.005679597
.005850660
.005610504
.005800087
.005739142
.005922247
.005662650
.006843466
.005687798
.005924758
.005625423
.005911890
.006632928
.005916252
.005719239
.005861700
.005610047
.006809945
.005637533
.005825379
.005719738
.005861613
.005765115
.005864616
.005759100
.005745515
.005672703
.005884131
.005748107
.005777364
.005749231
.005842222
.005772307
.005853330
.005693160
.005878003
.005719259
.005956078
.005738053
.005805175
.005741016
.005903485
.005704661
.005963100
.005634782
.005839436
.005606205
.005853137
.007621133
.005783801
.005903558
.006747904
.005865290
.005661606
.005854449
.005747073
.005870933
.006698883
.005891883
.005778329
.005936064
.005826108
.005912882
.005599960
.005941090
.005705927
.005931153
.005614907
.005884840
.005599839
.005897333
.005784580
.005818964
.005605480
.005851449
.005681493
.005800043
.005647138
.005981519
.005684040
.005864813
.005673879
.005853752
.005723420
.005939069
.005634558
.005931878
.005761922
.006877820
.005655456
.005866962
.005785312
.005854544
.005726683
.005866346
.005725509
.005796451
.005650602
.005833150
.005737888
.005928162
.005791407
.005940048
.005620206
.006824235
.005691745
.005870760
.005735155
.005851087
.005698565
.005838768
.005748365
.005831373
.005615778
.005805413
.005614727
.005847717
.005613948
.005789117
.005624921
.005914458
.005703909
.005842970
.005656775
.005745634
.005744472
.005763497
.005696608
.005814695
.005619367
.005928591
.005631571
.005961592
.005770082
.005801386
.006584175
.005824081
.005890643
.005902635
.005641958
.005870198
.005670387
.005842290
.006729019
.005871126
.005690565
.005744592
.005689120
.005828672
.005757820
.006886248
.005731350
.005829803
.005631800
.005878098
.005787415
.005732689
.005662744
.005783035
.030351255
.005879608
.007676299
.005614442
.005912253
.005747694
.005904975
.005677080
.005794283
.005659834
.005917844
.005795519
.005870290
.005736485
.005824524
.005746234
.005841494
.005719480
.005854271
.005701631
.005865778
.005608557
.005841530
.005722650
.005822697
.005642045
.005796354
.005777806
.005869585
.005766883
.005778900
.005684450
.005886960
.005717931
.005811489
.005651864
.005774355
.005630419
.005759981
.005792378
.005814985
.005684125
.005737897
.005609154
.005790005
.005690456
.005825915
.005741260
.005844430
.006699993
.005815407
.005619220
.005876106
.006662809
.005755810
.005696132
.005817120
.006619834
.005856227
.006674129
.005800613
.005748995
.005833339
.005765900
.006814139
.005735368
.005742360
.005712295
.005863661
.005740960
.005789203
.005698307
.005898130
.005734870
.005835715
.005622726
.005797472
.005709558
.005757305
.005699502
.005819753
.005787187
.005737687
.005724847
.005791566
.006629068
.005782656
.005667712
.005861962
.005728433
.005836654
.005723546
.005898023
.006583597
.005788490
.005750352
.005804871
.005692858
.005795445
.005700852
.005930005
.005607246
.005841417
.005578963
.005788775
.005735548
.005859262
.005653622
.005894550
.005636853
.005762051
.005809970
.005771746
.005714262
.005851173
.006697174
.005873387
.005700083
.007634548
.005856261
.005616625
.005817372
.005628359
.005796785
.005738724
.005789187
.005674465
.005854507
.006706608
.005802384
.005651840
.005808140
.005685272
.005847035
.005705558
.005713180
.005666891
.005815467
.005738207
.005863280
.005757220
.005777369
.005704760
.005831787
.005658675
.005818470
.005771899
.005872542
.005698133
.005848704
