.380187900
.536329199
.392470500
.395345300
.447284601
.382266200
.426048100
.393682501
.517868100
.335435000
.448462400
.534840200
.458793800
.440823900
.478982600
.442706500
.375053600
.369530900
.388091500
.374505900
.437763400
.408551300
.415197500
.428866600
.575627000
.435873100
.403940100
.430668900
.409790900
.413433500
.381090800
.386067600
.406354700
.368728700
.366942900
.435533800
.490116000
.435088400
.368794700
.427666099
.426279300
.371200200
.372903701
.440158799
.356167900
.354008200
.357256501
.478306600
.445907300
.406539600
.416115599
.422353300
.381520100
.356233500
.400563601
.354258000
.352070900
.299186900
.313749100
.332270400
.253170900
.291746800
.292729200
.384766000
.425530700
.350441100
.331475600
.384494000
.339730800
.340053200
.293089500
.321348799
.336990000
.366240000
.350637800
.399286601
.402704599
.344557400
.317367000
.375556601
.287449700
.313762000
.308600000
.302657700
.335091800
.326564200
.320955400
.324216600
.350832700
.378093399
.400197200
.427931100
.413594500
.391436800
.318305500
.321941300
.370885900
.334271000
.348495600
.307784200
.316592200
.346115800
.380751400
.324531500
.347518000
.353461100
.402651800
.305993200
.314144000
.400471400
.306090400
.385858800
.333715000
.304400000
.442924800
.347237000
.293312900
.344209600
.387221299
.351120000
.432505100
.341907200
.325971901
.348480800
.299050500
.321836300
.338819100
.313563200
.334206500
.298518700
.298422900
.329396300
.335618200
.363998800
.379441900
.436790700
.411293700
.352233400
.313597500
.330218400
.349240700
.358850700
.308700900
.324952300
.348067800
.299420500
.321382800
.305519400
.389263800
.412346900
.363201700
.360839300
.370482600
.291461100
.350214800
.331034100
.324170100
.338366100
.297054500
.298249500
.324768300
.343868800
.409777900
.436716500
.371006600
.360308899
.317899200
.357920300
.295820500
.334679500
.335659700
.293776100
.338475100
.289560500
.334629300
.331662000
.330840500
.348613200
.345467600
.446795400
.329385700
.341542900
.406471800
.340127900
.294074900
.334607200
.334715400
.344650101
.331591000
.317363200
.290389300
.345393700
.419934600
.349399800
.409200800
.367075500
.319529600
.335220100
.322417100
.301754900
.344731900
.299431400
.317538200
.324065400
.342862300
.317312300
.296359100
.336517300
.359066200
.392361599
.357873800
.321708900
.287847100
.332287199
.340484100
.313557900
.335441900
.336356901
.290259800
.381593200
.302877900
.334459100
.381034100
.412831900
.419320800
.368632301
.372649701
.347877900
.331591600
.343868701
.366324400
.336982500
.339898800
.305171400
.343740199
.330115800
.345299000
.376892300
.382645701
.427638900
.364689700
.332948700
.395973200
.363853000
.330276200
.294769500
.288032300
.357264000
.327954300
.324397100
.306186000
.289570400
.386744600
.353025600
.358620600
.396794500
.399583200
.361966800
.347123800
.416247300
.381686000
.327528800
.359922300
.391180700
.347111100
.326938600
.408482100
.391206399
.367910000
.389438100
.289593900
.346142101
.347022800
.320099700
.296285800
.291603700
.331762700
.320615200
.310958800
.331660600
.384952299
.425535500
.370752200
.367663900
.337113501
.336135000
.372052000
.298512700
.351512500
.351830799
.336523100
.324428100
.357864600
.380740500
.404214900
.333783500
.311385200
.465686200
.435333900
.318572500
.316369900
.382714299
.413503300
.342126600
.306955100
.343131101
.364468800
.339356300
.344176300
.374304800
.396084200
.331953700
.299089900
.369928199
.301865800
.300212100
.363474200
.313784400
.320913600
.348602100
.320312900
.326007300
.387862401
.388202200
.333538000
.360534800
.382175699
.359073600
.332556500
.292015800
.303492800
.355364800
.303735200
.295737000
.289971000
.346337201
.352714300
.370475600
.363032900
.384800500
.382723699
.387549100
.332446300
.295417800
.338066499
.356132000
.292747500
.305230200
.399120801
.289303000
.359276300
.348244300
.323687099
.351292601
.391746000
.315712900
.334657399
.386843501
.361544600
.289782100
.301907000
.364599100
.343729500
.316280700
.328271400
.327306600
.357399600
.349934400
.395622000
.434836501
.348417600
.334290300
.315985200
.325230100
.346090300
.342937100
.316502600
.336037100
.297085401
.333152700
.304148300
.304556000
.318421200
.408875100
.417930400
.406490400
.340760800
.333342399
.381304100
.302392300
.309216400
.371768601
.330177200
.325344500
.313753700
.285428900
.342789900
.399476000
.362100400
.381245400
.358737800
.363946200
.291594500
.359320500
.374497899
.356267000
.349997800
.310725300
.290449701
.335008200
.324454100
.387184500
.327437600
.402286200
.350829400
.378732600
.374778500
.356469900
.336802100
.347509300
.300579400
.324341700
.325651200
.330752800
.313280700
.310991000
.384085800
.360535299
.351728100
.338604200
.471920401
.365394900
.374840300
.301141600
.358568300
.359375300
.334602600
.303201500
.317481700
.356249100
.360601500
.338192800
.394651500
.386846700
.357035200
.414658100
.630088600
.460491200
.430627999
.544306300
.492930301
.479387600
.410064199
.503350800
.360912000
.425469101
.482387600
.369113500
.443951400
.385059200
.398231400
.356496400
.374995600
.357458399
.347667200
.364717300
.369850000
.371383801
.406405000
.376819400
.343655600
.385948500
.344636200
.403685600
.444771500
.375082301
.353869200
.331566499
.247856999
.394490399
.410775400
.426181900
.388552300
.511206500
.408128200
.436539300
.384860101
.374175500
.325179200
.357779400
.380348300
.396347900
.439575500
.337033400
.367377800
.393155800
.427918400
.445421299
.427649200
.315264900
.328405900
.345683301
.421137600
.396354100
.391509100
.458781100
.394069900
.356323100
.379722900
.302729499
.375977100
.349405200
.312913400
.380598000
.351362600
.290886100
.284250000
.343825200
.409037900
.426021700
.371527400
.337945902
.341435800
.334974200
.295158900
.304597600
.308907199
.351716400
.329834000
.301155500
.354229701
.369336899
.391257800
.350756500
.359613800
.401888200
.348609400
.331205100
.370013300
.379742400
.395644400
.392825800
.357614000
.362868800
.356342400
.362784700
.357094700
.423486800
.362694200
.311146200
.282678000
.345764200
.354657500
.297993800
.320337100
.289768599
.361316100
.332199200
.315577300
.321133100
.437429499
.413013800
.394476900
.343901502
.381721900
.297220800
.407968000
.365392300
.373368200
.382907200
.328443700
.320033400
.328989600
.354511700
.563431600
.405427900
.415263500
.324076700
.380752100
.330868200
.363310600
.356810200
.387434500
.318297300
.346720999
.292787200
.317137900
.330552100
.373462001
.420755400
.353178800
.333789700
.358752500
.347006300
.338879100
.336273500
.419816400
.338995200
.364751500
.291750600
.296817200
.347276299
.354243700
.363366000
.364185700
.384397901
.375701100
.348409500
.303436700
.336055200
.343798800
.303030100
.348199300
.288686899
.329801699
.364069800
.398286700
.329773900
.374346300
.475652900
.399186100
.330826001
.404239500
.323408500
.297429800
.311461300
.361450099
.338230400
.294757800
.295124400
.317847701
.362012999
.385310200
.436727600
.396255800
.406285500
.384809800
.326537700
.284084299
.347373500
.349424700
.333522900
.323193400
.350908300
.351930200
.348237700
.393506600
.430890600
.374216500
.307917600
.291388500
.368739500
.386791200
.338723200
.344681000
.358170100
.337459700
.301597600
.289456700
.295520700
.410548900
.376826500
.391476500
.372096500
.397282700
.348360500
.360105900
.346974400
.326283700
.393743800
.341804500
.316285800
.361788399
.364222300
.339504600
.342432700
.311277901
.380849200
.373214000
.330365500
.362334600
.383155000
.360209400
.426277500
.395311200
.360488000
.389991500
.382075700
.408292400
.425656700
.392293900
.312876500
.338735999
.366679800
.327766800
.291901700
.331067401
.325785299
.351197100
.324413300
.336459100
.352983300
.429473300
.393579200
.343178800
.398506600
.412034600
.348740900
.394360200
.390484300
.405254100
.443787500
.347784800
.368879800
.375105600
.377636600
.418956499
.358862800
.315688200
.327993100
.308417801
.345021101
.340098000
.351782400
.313632800
.383154000
.304591500
.321791300
.413040800
.380767399
.380492400
.399379000
.356845900
.418914001
.422206100
.381166700
.331848900
.433546100
.322090600
.343018100
.358312200
.328910199
.319067400
.427197100
.332381600
.416224500
.371885700
.343790700
.322702700
.358816701
.340167400
.373123800
.312994600
.292471600
.366706899
.376956300
.363541000
.324437299
.432256301
.365273200
.338463800
.367620000
.415820700
.304585800
.353714700
.297480600
.315501000
.370334900
.353128800
.331488200
.406040500
.377459300
.336675699
.317791000
.395392501
.341410100
.359674000
.368268600
.441003400
.366350200
.390938700
.352711800
.341181000
.404133600
.309081100
.366184700
.471449900
.339556900
.314161400
.404301000
.320806700
.354906700
.368093500
.300727800
.333263699
.338436500
.339166600
.303470400
.412198300
.348554300
.383274500
.352477601
.458458400
.401445300
.380412800
.369536300
.344971000
.370562500
.392592400
.318043700
.316830200
.359912800
.346598900
.413076400
.338799200
.405446000
.356350000
.339703900
.381346400
.381640900
.324328900
.367266600
.291533300
.337959300
.334786300
.329163800
.320247100
.331982900
.378312100
.309025700
.321569800
.315732000
.366891600
.358692800
.372127900
.368042300
.336539199
.340878200
.329165200
.320918000
.331085200
.366896101
.367535200
.379700200
.303772100
.420964200
.388293900
.318611000
.285976200
.326345899
.363296300
.377217700
.347556300
.330998600
.329528400
.334910100
.332810900
.384927201
.407875900
.354723200
.363381300
.322753499
.341702299
.376893400
.429571600
.355678700
.417578200
.342813700
.360972700
.438700900
.387783200
.359722600
.350599700
.384750200
.339778100
.400021700
.360846900
.343057800
.406776500
.354616100
.347167700
.327906100
.403754100
.442059100
.372781700
.415638300
.392648100
.291496800
.299273800
.333154800
.380836700
.364231500
.357878900
.313618700
.365999200
.393143900
.352912100
.363877800
.429117299
.365646700
.329807600
.319064600
.347753301
.336969400
.332270800
.328723800
.353038099
.374669600
.313963900
.343341402
.357766899
.388457200
.388365200
.299752600
.311973999
.406217201
.384217700
.342567100
.322199700
.401060600
.374942100
.330239400
.331501999
.378093200
.387869800
.436338800
.357639500
.374793601
.349065300
.390854400
.335649300
.354426199
.375353099
.329926700
.347367600
.345497501
.339742900
.364682199
.327185000
.363876001
.452889600
.449657400
.301925100
.405788100
.346137700
.310785900
.355691500
.370284099
.297546200
.322166900
.318813600
.293892900
.332001501
.363669000
.372767200
.303335200
.351617599
.379466800
.341822900
.350517100
.384853201
.359464800
.412250100
.348214800
.387639500
.361780200
.385561900
.388444900
.349501400
.450167700
.309664100
.352254799
.341529600
.347598400
.331781000
.356440900
.352870401
.346998400
.336610400
.355771400
.332260200
.370713600
.409201600
.357165400
.375140900
.468226499
.406855000
.400633899
.390305700
.372145800
.443562200
.330812302
.386534700
.376039500
.407176700
.368412400
.376536200
.351381100
.310144400
.367210300
