.304587100
.268911400
.265579300
.233514900
.309820800
.292676500
.317491399
.278449600
.271493900
.301808401
.268789900
.276370900
.274752899
.283474701
.276426700
.291352400
.311399000
.266531900
.275433200
.241289900
.285165500
.255972800
.269117700
.241108200
.290417600
.274743300
.265972200
.269264600
.273093000
.272566600
.240692000
.274574900
.305156300
.246738500
.269728000
.227284100
.273322699
.296571600
.281493700
.265734500
.270259100
.266557501
.280670600
.269186200
.280178000
.271279900
.278286100
.279098900
.315310800
.299378500
.246550500
.233576500
.238789900
.267486500
.267548100
.230075200
.266209100
.232002200
.229844100
.229916900
.237460900
.248926400
.225765100
.371259100
.234331200
.267415200
.259251800
.247606100
.275559500
.230585600
.274448800
.234449100
.268680600
.231892600
.230984900
.230490400
.270332799
.273778600
.241250800
.253461400
.227881000
.251136501
.281140199
.274799900
.234459600
.230036500
.247557100
.236274899
.285673101
.232118000
.232866100
.233926000
.227903800
.241460101
.269128000
.264527300
.227417900
.241817900
.234131100
.242499599
.270666601
.288825900
.239095800
.230505500
.223418300
.235634101
.282111799
.278795200
.233326900
.229785800
.228474100
.236761802
.270041500
.274134000
.276648900
.242007800
.229183500
.227762400
.228533100
.275556800
.232788800
.256770700
.250324200
.279242300
.316195900
.235667800
.247621900
.232119300
.236289599
.232574600
.294610500
.257142000
.239653600
.224088300
.238613700
.293857601
.265168700
.224553900
.227840800
.250982400
.227721700
.302424499
.233483900
.224822800
.234728200
.237309500
.234511800
.236062701
.236116300
.249572500
.271630500
.233381200
.229346700
.234872000
.260306600
.241750000
.245306700
.241083600
.232517300
.264618800
.232506000
.228650600
.264749000
.275569200
.232466500
.230261700
.271648800
.270311300
.227021100
.240801200
.230435900
.233825299
.272501200
.229376400
.236847100
.229796300
.235686900
.232592601
.268533600
.233102500
.250397300
.244050800
.223991300
.289839700
.270485900
.240391600
.238677700
.240470100
.240100600
.234140199
.227844600
.232541300
.242374600
.244780000
.242543600
.273610101
.280271800
.245848200
.239745500
.236986400
.237818299
.246688101
.312108100
.255786600
.276838599
.247606500
.234195402
.278040199
.278105300
.250946600
.232998401
.235522200
.271935600
.287989200
.230827500
.232481100
.241894100
.282296200
.272053599
.241225100
.240008700
.252557200
.262661700
.246123000
.275177901
.282915700
.238000900
.242361300
.239393400
.239732600
.231452700
.269359100
.231325200
.235960800
.239582300
.242769100
.287066900
.244105600
.264624200
.237515900
.241563700
.239885799
.282510701
.275038500
.231051600
.231727900
.241831200
.236348800
.268480399
.273504700
.264434300
.248552900
.236388000
.269273100
.227735400
.232833200
.235825400
.228645000
.238197800
.235497700
.238211400
.240149500
.262191400
.231508000
.236339900
.236775801
.285964899
.270629400
.236052300
.231666800
.232505500
.234941700
.279469600
.243971300
.229084100
.237283500
.254263100
.232286699
.302676600
.232520200
.229255800
.232301000
.256507200
.240097999
.260207900
.278466100
.244006400
.250348900
.275877600
.264857100
.279152600
.274707000
.235574900
.243955700
.236229800
.280948700
.234552800
.238194900
.233067800
.239177700
.222887700
.287493200
.283058600
.269467900
.232890600
.234663000
.228015700
.277789900
.271679500
.300516299
.242553001
.228500500
.243859100
.281535100
.268584800
.241131500
.232828200
.227707099
.278732801
.239685900
.234984500
.257723600
.240555900
.244546100
.234226800
.231728000
.283351900
.219862300
.227044700
.234542800
.231424400
.243413100
.235135900
.234529200
.231113800
.221130300
.234703800
.235929200
.232293500
.272759300
.237693400
.232182300
.231293900
.252445199
.224038400
.271565200
.228797700
.228607900
.234110600
.271018801
.278358500
.235212200
.232410800
.219252500
.240663200
.230056500
.223067400
.274747600
.246932000
.244116200
.259470900
.280633800
.263153000
.258130500
.274319200
.237033900
.228827300
.301022400
.274408000
.235497600
.233501200
.230969800
.262771300
.293007300
.266734100
.237629400
.271269200
.242174700
.250494899
.234244500
.270420200
.272615801
.240336199
.269382500
.230319100
.267821100
.238330401
.252325200
.239628500
.239180099
.236255600
.284622600
.275376000
.248620200
.238383000
.233313800
.264702400
.260909600
.240891100
.227976500
.238979700
.238932700
.237276400
.252381200
.246936100
.240384000
.231578100
.239853700
.294709600
.274157900
.235021200
.226757200
.224039500
.262503300
.234394200
.270947400
.232163000
.233769500
.234684800
.237614501
.247528500
.272831400
.235224300
.267537800
.239441200
.270569600
.234100400
.264496700
.231387400
.274508400
.240979700
.231439400
.278619900
.263222100
.234345500
.244721000
.238689300
.235481400
.235824800
.279047700
.246573900
.235899400
.241128100
.276259000
.282588300
.238293900
.235393800
.237827600
.232299000
.276935200
.225646200
.274610800
.230403100
.237904700
.235182900
.222162300
.223669100
.235339600
.242530700
.231680200
.224753800
.287609000
.227999900
.286131000
.246125700
.238073900
.230063100
.301256300
.273266300
.272620500
.238218700
.241088500
.245086800
.272802100
.290653900
.241024200
.238609500
.275527599
.235944001
.256465000
.228311400
.275346900
.225795000
.300888999
.245709101
.301150900
.248780100
.246757500
.231710700
.235051700
.235269200
.269599600
.283056800
.242371300
.236584000
.239666100
.277734000
.261412000
.274400600
.222952400
.231572500
.239280100
.232822599
.278926700
.230786600
.241647000
.237387700
.236182302
.243053999
.257845600
.236157600
.255166601
.255697599
.248343301
.240769400
.286167900
.270522600
.232457500
.224301800
.235603900
.256534301
.272720900
.237544100
.247019000
.234591700
.233287699
.287391301
.262202000
.270360800
.239106500
.236021400
.256938999
.272153700
.242701300
.240264900
.243015801
.239610200
.295148200
.271021800
.234966700
.243157100
.227863800
.246985400
.300417299
.266108100
.238687500
.225739200
.248520800
.234698200
.264061800
.281966300
.268447300
.236916800
.236944000
.230966900
.232019500
.232199300
.260891400
.231234200
.236929800
.233819000
.282979200
.265450900
.251669500
.223847800
.276116400
.232125301
.282414198
.246230000
.319974200
.250120400
.233632500
.271046700
.278360900
.301782400
.238700700
.224674500
.229342500
.237607100
.269999500
.234507300
.232194600
.270848100
.253707501
.279440000
.236560100
.273788900
.234631000
.226650900
.224183300
.232030000
.269201900
.266670600
.236588300
.235235700
.266531000
.286740800
.243197799
.271791300
.236904900
.237366700
.268389201
.276786100
.295313600
.240924800
.228786900
.226787300
.239071700
.271487400
.287576900
.235228100
.224126500
.242667100
.281601599
.278344200
.235328500
.232379700
.230430300
.238429700
.264229001
.272557700
.226593900
.231106400
.248302200
.249152600
.292736900
.232677300
.219888900
.227690500
.233467300
.238150800
.284428999
.267747300
.229617600
.236043100
.252386000
.235435300
.235972201
.280675500
.235363100
.237589800
.234250800
.235711800
.293960799
.248194400
.273265100
.233241900
.223157400
.227254600
.290534601
.233972800
.236505800
.247337700
.230601300
.234900400
.272414999
.268723100
.261389200
.247112100
.236686600
.230752300
.244376300
.290135401
.254926500
.270382200
.238162900
.375702799
.260668101
.241790900
.238406700
.233647700
.230621700
.239371200
.281243800
.235049500
.246373500
.235174700
.233119000
.266940200
.270909700
.245726800
.240388600
.238764300
.229344100
.295380800
.268791400
.232836900
.230052500
.232611400
.231656500
.283276499
.233513500
.268855800
.241929600
.233430600
.231221400
.268486700
.265369600
.238367500
.239482200
.239084200
.236029402
.277761899
.313226500
.236116500
.233724900
.234454000
.262326801
.236504200
.275823800
.270940700
.262357400
.241049100
.224820500
.229815100
.274930200
.235794600
.229179000
.232233600
.231032500
.236652700
.281809500
.237139200
.258457100
.234849100
.228521200
.232649400
.271675300
.226522300
.231310000
.237325200
.269328000
.326317400
.239299500
.237968100
.228529000
.237745900
.267494499
.286599400
.273043700
.234207200
.229191900
.228437600
.297283900
.275966400
.266835100
.243447100
.222669500
.267971802
.239055100
.235005500
.230854000
.248874600
.233782700
.219430100
.274513799
.275535300
.264962500
.234278800
.233014900
.236507901
.283943700
.239359500
.245688300
.261786100
.238103100
.239064400
.268389000
.281435100
.244780000
.233405500
.251111100
.267073300
.231176300
.237437300
.240806400
.269978399
.232273700
.269363601
.279436400
.296624400
.235108100
.227661100
.246221200
.265966800
.270368200
.225755000
.226374500
.268631600
.237713000
.222936200
.236702300
.278333800
.269137500
.235148000
.233607600
.234012299
.297379900
.264617100
.226882900
.230996900
.238650602
.274610999
.290877200
.232471700
.229333100
.268071900
.285872201
.252282300
.283554500
.238717400
.235635300
.227452900
.282829300
.261297000
.262274000
.232535600
.223477800
.236696300
.266174699
.283686200
.262416300
.224590500
.244411500
.240348700
.231964701
.273917700
.265912200
.239426600
.235875900
.237966799
.281471001
.257250800
.239966101
.231586099
.226255099
.228100300
.275289500
.276937100
.231550500
.232196500
.252622000
.233341100
.296683100
.273180300
.265118200
.242911600
.219883700
.239222500
.229764600
.239054600
.237711600
.238373400
.244461200
.237240699
.279266501
.228143300
.238015200
.228848800
.227219300
.237839200
.263026299
.267735500
.320585501
.269904401
.223210000
.296180499
.272759200
.226156400
.236486500
.228242500
.234213600
.232127200
.340368200
.280254600
.235919700
.238788700
.239682600
.280139999
.272009300
.226379100
.225394400
.235455800
.248638001
.236057200
.235815100
.249765799
.240371000
.237506400
.235014000
.235252401
.280009300
.232465900
.244029900
.230651300
.244457599
.283393301
.265494900
.273554800
.242696200
.278563400
.237162000
.270269900
.233425200
.234121500
.256773199
.227421400
.227351201
.235965401
.286869000
.240165000
.271515400
.229495300
.267362400
.232577599
.270568501
.243663500
.234090600
.234904199
.237000801
.278624500
.235306500
.264061199
.257067500
.236246100
.268611901
.235518300
.274639800
.251620500
.233646700
.236662700
.230974400
.230989200
.251736700
.228362200
.225975000
.235035700
.237990500
.282925000
.235741700
.231112400
.234282800
.231428200
.231676199
.237634800
.230655500
.237837300
.231243900
.227708100
.224622500
.289345600
.306006100
.231686600
.234852500
.243710800
.238468701
.232122900
.265624200
.269125700
.260873100
.248194500
.272748299
.278248800
.279273400
.244677700
.234132700
.236164300
.291609600
.235960000
.275267500
.232763500
.231943500
.241621200
.264374700
.231003200
.264277000
.239349201
.229469500
.249337400
.258662199
.286737700
.255040300
.236140100
.235404200
.252358202
.279326500
.269923200
.228351900
.221585400
.234619300
.282154901
.354426400
.332901200
.253653499
1.189453401
.439564100
.308395400
.244618600
.319029800
.270804001
