3.526158001
2.353642800
1.578979100
2.749885699
2.270417900
2.689303101
3.453195700
2.538772300
2.391335900
2.415406400
3.172188500
2.875132399
11.005758001
6.962508100
11.174695999
27.356402000
1.716194701
1.528422601
1.607745300
1.481244100
1.813187500
2.183936899
1.322037801
1.515820100
1.332002499
1.296087901
1.824232400
1.197142600
1.933723800
2.299572600
3.567836400
4.538462800
1.797876300
4.425199599
2.778551201
4.034876600
4.054664900
4.439609400
6.191829899
6.777673701
2.533619401
2.933112100
5.350447100
28.429378300
2.275430199
2.270991001
2.017008999
1.889911900
1.952893701
5.446700899
5.221428201
4.273658300
3.176344700
1.610070900
1.793933199
4.675983901
4.025590900
3.401826600
2.988063599
4.491812101
4.545624099
5.640789600
3.470527901
2.542094600
3.864257699
3.679951601
1.636518599
3.768994300
4.122463100
5.070513201
3.672288399
3.765746900
2.057301000
3.045545501
2.492221299
2.654545400
2.359765101
2.851603300
5.390366400
5.764717300
5.092073899
11.966375201
14.068506700
11.665804000
11.088161900
28.814015000
1.639457201
1.717608700
1.828698700
1.734344200
1.799068300
2.423267500
2.342100300
2.944298800
4.989887400
3.318121700
3.996614900
3.563673000
2.966069800
2.280842300
2.072386500
4.848572500
4.704209800
2.240396300
5.408142600
3.192820300
7.510411999
7.153289300
8.586685400
7.294458401
6.379802800
3.262664000
4.340551400
4.627116301
4.179304200
4.463396000
4.048285500
3.138315000
16.645490099
23.491645001
1.842094800
1.435567799
1.793858401
1.803559599
2.637484901
3.379340500
3.054320300
4.046969000
4.594448200
3.280586100
4.421662700
3.265239700
4.214290599
2.062830901
10.066941500
7.023335100
7.371607000
6.793121100
5.514043201
3.490766600
3.718502300
2.885568399
2.619153701
3.404959799
1.869320801
4.283139900
6.699853400
15.063152200
1.217980900
1.415648800
1.470591900
1.316170899
1.899123601
2.417356400
3.940307700
1.935760000
2.826269799
2.234051300
2.482026201
4.050343400
3.421882000
3.303782099
4.762147901
4.134903299
5.030623300
2.629352300
3.640383600
3.958115300
4.489532799
2.560525001
4.136796000
4.994512900
4.079496400
4.783321400
6.435501600
6.425917000
4.093728400
12.946970400
1.620052700
2.500823700
2.958885200
2.310351000
3.175323700
4.504337599
1.684200100
2.757607399
5.696173600
2.898947999
2.982056701
2.911988800
3.846470600
4.198408500
2.082256300
4.275848600
3.580425000
3.097854599
2.163051600
4.083813700
2.943135401
2.626367400
4.425053800
5.059584300
6.725316299
7.479223201
9.408224200
7.220057399
3.130025300
27.005249701
2.683719900
2.100889600
1.666631800
2.340392999
2.271597601
1.722155900
2.437268099
2.502323401
1.924466400
2.130318700
2.057895499
2.053714801
3.895734100
3.050264400
4.112633600
4.583031700
3.069608800
2.519983901
3.735957399
2.993628200
3.025883500
2.976045900
3.586934800
1.706768099
6.271147601
3.009738300
7.473423800
20.835386600
1.545222300
1.124633299
1.530057500
1.640958601
4.371281300
3.218049399
2.311579301
2.612818400
1.309016400
1.862067700
2.630380800
3.220152700
3.210947900
2.263950300
2.311117600
3.887508000
5.882009700
3.435817800
11.447525700
4.319388500
2.569271700
2.864216200
2.643505000
3.196053200
2.157906800
2.503935200
2.964890500
3.321201200
2.923883100
5.279152100
6.584121700
6.254484001
22.803071999
1.604794800
1.994189901
1.203337700
1.353252200
1.051799300
2.074694800
5.225399000
2.683485000
3.513746300
3.390969500
3.162118399
2.313611201
2.888313300
2.536100700
2.826531899
2.012799501
3.117341500
3.598245300
2.266704700
2.046957600
2.568066900
4.569757300
5.224667400
2.415877900
2.041741899
5.763441601
7.339564099
3.662615601
4.830854399
15.055484602
1.368801900
1.842556000
2.026791000
3.215846000
2.462728600
1.713221900
1.219171600
2.409865000
2.034973200
3.908990000
1.478719100
2.370106100
2.777239701
2.400181600
2.972740499
2.899474901
2.836568000
.966384500
1.855585099
1.561089401
3.126456700
2.315537799
4.222279000
4.085852501
4.081209699
5.134292500
4.338205700
3.367201801
4.979911500
2.281051800
4.964474400
4.910839400
4.281220300
4.187761099
4.687062201
10.492462900
12.368583000
2.012380900
2.980495200
2.449898199
3.854587301
3.974702900
5.477095700
3.742388700
2.945938600
3.449606399
3.436966701
3.766472800
3.505034900
4.458636300
4.256645800
4.176031000
4.565209400
4.130101100
23.561528000
2.741644600
1.676992300
1.934495500
1.216911100
1.579816200
1.835907800
3.255593399
3.917790401
2.016544400
1.917964000
1.905801200
3.135603800
3.026023000
1.298477301
2.580926700
3.259374100
3.585189200
5.044010400
4.720689500
3.287858500
4.315076800
2.032838800
3.588384500
2.351537600
2.891362799
4.325380300
5.050211499
18.837819001
1.395086299
1.264185400
1.486041101
1.426175100
1.931831300
3.798081400
1.800196900
3.260649700
3.171106799
3.304220701
3.697522100
2.539244400
3.250795100
3.032789500
1.624853500
4.878538999
2.477237501
4.474644499
2.727353401
3.946454499
2.745827401
3.413530401
3.407951699
4.388506500
4.717043899
3.328758801
4.134086400
4.952191400
4.840783501
8.002831300
7.243720599
10.292910201
3.010420099
1.169409300
2.223112501
3.815074101
2.712090400
2.444429900
1.596023400
2.468489800
4.063410400
5.151975999
2.527411601
3.410109900
3.279114500
1.868163700
2.164519800
3.195076500
2.303694599
2.967795401
3.809142100
2.281664500
4.091341599
4.485941800
4.090433900
3.472944801
2.834497700
2.592665200
3.455257099
5.331507400
2.092206401
4.855081099
4.478631800
3.894167000
5.413245900
3.985232901
6.566542900
9.333561299
15.959527300
24.811669600
1.293335500
1.769041100
1.539740400
1.676514099
1.675218101
2.096486800
1.723541700
3.353333700
4.271202100
2.494214400
4.761635600
2.502338100
2.078353100
2.846568300
3.232635500
1.947188500
2.611561299
3.739457301
4.423107400
5.677076400
3.307377400
3.589770800
3.752098900
2.510767699
2.945865201
13.285882100
2.673082800
2.783089400
1.725364400
4.243391900
6.495440400
4.399227900
2.961789500
3.449105900
3.511123300
3.148795800
3.559443700
2.494096900
4.272778800
3.577740599
2.062722200
2.785104700
4.454873800
3.378277399
4.195311601
3.774846799
6.767991201
5.219703100
1.475621000
4.510902100
4.256825800
3.805674000
4.096723900
3.374079100
3.499135000
2.932982800
5.418486999
24.529165001
1.428370200
1.380410100
1.362822900
1.756347300
1.551048200
1.724859900
2.459540599
2.268594801
2.298986500
2.390594400
1.432492400
1.494028800
3.142205100
1.412809500
1.507840200
1.731133900
1.896116100
1.332681900
2.206663300
2.483672000
3.094797500
3.389335499
2.855720101
4.047036000
3.317036400
3.797585700
3.120618200
2.149320500
4.906079400
7.943519499
12.561500701
1.580358300
1.487972000
1.318348299
1.704894201
1.052455900
1.221274600
1.168732900
1.333644400
1.344513300
1.116675999
1.508176001
2.226545500
1.457781400
1.611467200
2.534161300
1.933167600
1.798296700
2.283214400
1.790669799
2.150743701
2.355684800
1.790548700
2.150527699
4.367489301
4.331189900
2.459636599
4.331564501
6.237060099
3.303200000
4.669385101
4.639672899
4.120808101
12.929724300
17.808611100
1.528565000
1.239477800
1.690496100
1.150449600
1.687056200
2.293356100
2.317294300
3.211112500
2.441074000
4.422129200
3.033663300
2.969269100
3.322661800
2.765521400
3.281724799
2.603599101
2.667160000
4.988123200
3.815488600
3.772786400
4.728898000
3.791067800
3.486079899
3.424255701
3.756944800
3.892366000
2.575095400
2.496612400
3.347242400
3.112054000
3.848630800
6.302122300
14.526378400
1.112362500
1.375767000
1.247985200
1.159463999
2.489886801
1.448072900
2.400173400
2.652477700
2.268680300
1.480064800
2.094173200
2.468516300
3.197903100
2.231638800
2.450451099
1.677024201
4.029288000
2.297638400
3.240110900
3.519291400
4.164860100
4.620434201
3.234547900
5.874237400
5.753339500
3.049636900
2.704726700
2.646705800
5.766637700
2.455393099
5.220563901
4.385894501
16.608613700
1.031455000
1.364149200
1.269351000
1.733953299
1.365433001
2.450860500
2.473893800
2.673854300
2.102903100
1.876672100
1.326115000
1.494910800
1.199450500
1.822010500
2.465237800
1.896551800
2.233439800
1.577885800
2.392212400
3.105766300
1.903966100
4.754571100
2.060764401
2.713543399
3.104169100
2.049787500
2.800787200
3.841632500
2.874607300
1.895659800
3.961587800
2.851807500
5.889670100
18.868465500
1.008224400
1.392440100
1.277552900
1.096495500
1.253585199
2.702085601
1.618049700
2.752055100
1.541724000
3.182610299
2.596132801
1.350474200
1.759247100
2.454423800
1.992434900
2.339015600
2.022442900
1.867392499
2.223315200
2.112025500
1.639091800
2.321441901
1.788838800
2.827771300
2.386268700
2.620841100
2.472879800
4.221265700
3.356077899
4.044231201
3.925093000
3.291972500
5.304865100
3.408954399
7.078802601
18.414148400
2.735800199
.955452900
1.443615700
1.509636000
1.898535601
1.373505000
4.207614700
2.621490800
1.812316600
2.943438399
3.047709201
2.039202499
1.795025001
2.556645399
2.882635001
1.361002599
2.612506001
2.683694200
2.161405299
3.518073300
1.999490200
3.270420601
5.968995499
2.642821701
2.469043600
4.376852100
3.174278900
3.082745500
3.169070000
2.145041100
4.881640700
2.506524000
3.201017700
7.558893400
9.344107400
1.075064400
1.155292499
1.169391701
.853117001
2.449934200
1.538704000
2.323011200
1.604397600
1.733651699
1.875225701
1.778694300
1.553095999
1.355007601
1.462490600
1.952755500
4.672364900
1.866435900
1.774920700
2.011950400
1.994331500
2.793336700
1.396473000
3.015561300
2.034187300
1.885285300
1.932040199
1.949777701
2.482460600
3.233485500
2.293721200
2.743955100
3.242054500
3.079064700
4.111578500
12.222758900
1.178892900
1.189037500
1.254730900
1.809639000
1.723583800
1.925309300
1.873543500
2.904266300
2.336265300
2.045428600
1.198509100
2.432584899
3.674865301
2.005715300
1.900748700
2.372673400
1.670699300
1.279702399
2.915204201
1.934410000
2.726449599
2.121747401
2.076298300
2.632642800
2.519060300
2.464132000
3.177624500
3.161905100
3.503014000
3.118210000
1.702659300
2.433565700
4.809526700
2.355733600
1.821506400
2.387473400
3.328086900
5.639128200
4.883380500
4.973679500
2.883841899
3.889513200
2.249136501
3.211038999
3.175026800
2.881815200
3.529374600
2.371470700
2.225297101
2.454625600
2.349514500
2.921321900
2.344846600
1.767058400
2.594228699
14.533292500
1.560190399
2.008829801
1.480353100
1.638372100
1.671230500
2.817087200
3.717424700
1.997919100
3.082056500
1.452455200
1.680178800
1.960788800
1.975807400
2.474131700
1.737303800
1.525292700
2.160535100
2.096440000
2.208810899
3.205837901
2.231717500
2.619567100
1.985485400
2.641935100
1.785412600
3.910697900
3.511612800
2.435676999
2.344507601
2.506388199
5.175866101
6.720018900
1.913940200
4.112379400
10.366979299
1.017460998
1.271637001
1.099515700
2.304277100
2.097854500
2.340767700
1.986662400
2.308857200
2.589054300
1.360219600
1.265422700
2.811060200
1.686579200
1.954702300
1.658099700
2.466367500
1.788554600
1.763393600
2.708582400
1.686945999
1.813084501
2.877552200
1.612961500
2.690594100
2.100790200
1.198170900
2.282313800
2.858327799
2.807056501
3.112253600
1.752255701
2.372157400
2.311781700
2.169056099
3.334883401
3.479048499
9.900488801
7.755036199
2.899762701
1.041224000
1.128742399
1.279354500
1.457047601
1.862782400
1.076456699
3.202699601
3.354641600
2.238471700
2.163455700
3.259793000
2.392602900
2.314412900
2.598515100
2.791846700
1.632443200
1.967960900
2.540914300
1.960212500
1.821471000
2.762614200
3.344726300
2.375982200
1.966591200
3.244320300
1.841135300
3.488609000
2.832842700
2.619771800
2.084874700
2.356041800
2.894833800
8.462353200
1.130086500
1.148140600
1.244740700
1.732470000
2.333845700
1.573858700
1.498776499
1.331633100
1.657245901
1.646351600
1.469874000
2.284134500
1.704282800
2.286408400
1.575429400
2.445579400
1.804990600
2.041973700
1.426220200
2.899734400
2.629922199
2.126835001
2.041377300
1.650574700
2.223055200
1.964519700
1.603827300
1.861492200
1.285463100
2.563332300
2.670374100
3.355381900
2.259669400
2.174146200
4.194080900
8.425212699
5.685943200
1.930729900
.788440499
1.232753201
1.425814499
3.389180900
3.168828899
1.297266900
1.753729800
2.077274500
1.418034700
1.350828500
3.025155799
2.911021200
1.762761500
1.987125600
1.566965300
1.356860000
1.695107899
2.404307601
