.332080600
.342729900
.269616500
.295240000
.369365199
.346203600
.293010400
.308429000
.385544300
.324064200
.333066500
.322979200
.316381100
.312623900
.349636200
.341562100
.319534800
.308679700
.335994900
.334665800
.348322300
.319055500
.362102000
.315147400
.325330500
.344397700
.352958699
.319456000
.334089300
.340533600
.386190100
.320638300
.309181200
.321281500
.316364700
.344600500
.339654800
.340421800
.310334000
.343633101
.373725600
.338669900
.317583400
.314233600
.344104799
.349243000
.313253900
.301414700
.362121599
.336608900
.275789000
.316866500
.267823100
.320683300
.404113200
.270057700
.294952400
.254010501
.297293300
.267290400
.300045000
.297421700
.265197800
.299737100
.316340100
.296183200
.271496900
.313009100
.316488600
.300368000
.302251900
.302316000
.304359699
.279399400
.319418600
.279830100
.283754300
.281158800
.313364499
.273277700
.319174500
.315209700
.273461901
.300735000
.302396300
.263461200
.259198800
.261790500
.325803699
.311200900
.261389600
.306919300
.399088201
.320932400
.344649300
.276147299
.260779201
.301544399
.303961300
.301782600
.289191900
.268562000
.273310800
.306911000
.459718600
.278294800
.269137700
.316621701
.342937200
.266324900
.284292500
.314178499
.317980701
.260975100
.291369800
.265963400
.261914100
.266366200
.302766100
.310884800
.253349700
.259365300
.313509200
.320300100
.254520400
.304308200
.252387700
.265862900
.310069100
.311719199
.310314800
.263837600
.264325701
.326923101
.301519799
.266385100
.261335400
.265465501
.257260200
.315771000
.324264200
.263410400
.259407700
.315635400
.309284700
.266406000
.268370200
.301330000
.321816000
.294773300
.254637900
.293441400
.269244001
.311144800
.316511600
.330593999
.261946300
.299775700
.312270100
.310284400
.299746600
.255972200
.265444900
.319896401
.324543300
.280145700
.305785600
.300481000
.265029799
.312388200
.307048500
.295396300
.276716701
.294920799
.329892700
.311928100
.276847701
.261609699
.382546400
.268741000
.297763900
.322071900
.291255202
.313990900
.311096700
.329160800
.255859800
.317145800
.302588600
.304522400
.293103600
.265858300
.271484700
.310428501
.260535800
.303936400
.264971800
.267124300
.358216299
.344434000
.260270400
.268791100
.256044001
.310256299
.419948900
.273622599
.265194100
.263140501
.315112900
.300651900
.301728300
.286375800
.257069800
.271708699
.324815200
.304044800
.275356500
.271169600
.313782499
.303297400
.329726400
.276906900
.320263400
.297304500
.261388100
.266898000
.301375500
.282089700
.316562400
.316385600
.270948400
.273741600
.289457100
.314991499
.312963900
.268499300
.256576300
.265257000
.328206100
.312139100
.293066000
.269652401
.302995700
.318526900
.315483700
.257724000
.267717200
.274537000
.288950800
.292463200
.298963300
.265996100
.267096200
.324390300
.315112400
.305798000
.288278700
.269685400
.400496800
.308285300
.316218400
.263121100
.266008500
.306568500
.363578000
.264942700
.330940200
.291548501
.256076900
.313841300
.253848300
.268556000
.253087000
.315160000
.278176000
.405056500
.313799700
.254877100
.304514099
.304452000
.265461200
.273200800
.267810399
.296832901
.310116700
.273246100
.267790000
.262521901
.308311499
.298801200
.282888800
.298350100
.293941701
.259881000
.300776800
.259308900
.312680700
.274584600
.265186900
.302159700
.299203100
.262149500
.274079700
.263784300
.289497901
.300400100
.262808100
.259287300
.262752900
.295847000
.301938900
.261824400
.287988500
.263411500
.311124900
.315222300
.406733199
.273115100
.280592200
.284840300
.308250400
.272652300
.264395300
.263146500
.323946000
.292747600
.300277200
.301853100
.259470100
.309107800
.298918700
.267008100
.318046600
.274301902
.296772599
.333132000
.283095001
.269330100
.264975900
.263033100
.314684500
.308625600
.264942700
.252898100
.316139099
.303151600
.298421600
.269012900
.266749600
.264911602
.309302300
.323566500
.269014700
.275023400
.277193901
.271906800
.305089700
.275333600
.250170900
.306481500
.321131100
.309643500
.267489800
.259063700
.268316800
.272994800
.273601600
.318350800
.312400100
.268657800
.359942300
.332662700
.286992300
.285414500
.260314000
.355366799
.312229700
.262091400
.317787600
.269501201
.384677000
.370834499
.299296700
.276203200
.336988401
.325382200
.380663900
.318146700
.261245700
.321311799
.268543700
.278742200
.301493400
.276958800
.322301701
.306550000
.300322900
.280039900
.270832500
.300562400
.317485100
.294882400
.257515400
.287989300
.306582500
.316952500
.264397900
.269077600
.271453900
.301010100
.307106500
.292607200
.271276100
.255635500
.329357100
.397387200
.263836000
.275153100
.269927000
.299578599
.333439100
.288134801
.310973800
.290249000
.330842699
.305278500
.261787200
.288257400
.342130401
.314178500
.370078399
.344291500
.283864801
.319331800
.319969799
.310432400
.334902100
.317403700
.355039500
.299364600
.278764400
.304656700
.283084700
.322178701
.263174400
.271971200
.312788800
.302812800
.265423100
.304336200
.273831600
.276221900
.254398700
.328183100
.312439000
.321019400
.322902000
.274527200
.302679100
.332736800
.283752800
.264921400
.266876500
.297837799
.315540501
.269992800
.265695500
.307337099
.297474700
.309112700
.276161001
.309122699
.269440300
.318801801
.329803300
.312105900
.276954100
.254103699
.317417400
.300463800
.302553800
.304706200
.251181500
.299651301
.367472900
.258704900
.263619199
.344684402
.313618300
.257784400
.292600400
.277246600
.302796200
.316304700
.309707400
.311156700
.259325300
.311545300
.315041999
.294008900
.259292600
.270155500
.277127502
.322441600
.318322800
.297224800
.324443000
.262235900
.291871300
.257801800
.298707900
.292336600
.254883900
.296320700
.306230900
.309440900
.292340800
.255328000
.310721699
.308983500
.264762300
.337135600
.267122200
.330640599
.312801700
.309120400
.263541800
.297100700
.333630800
.308099400
.282318300
.294762400
.253877000
.318499201
.253206200
.324976200
.288241200
.296791200
.340873799
.321642900
.314558300
.309344900
.270939002
.329526800
.261053700
.257261400
.291789700
.270722200
.292246500
.325609300
.260426100
.438301500
.281294400
.293515500
.304635800
.290482000
.310208300
.300507399
.287855900
.300512400
.263988500
.267734100
.261832600
.321174601
.288158300
.251572200
.291929000
.264623900
.301978700
.267543500
.313247900
.272120200
.253795300
.330068199
.322715600
.292885700
.269689900
.251913800
.311360200
.265616001
.309563300
.256433300
.257501000
.310984700
.327349700
.287555000
.282635800
.260971000
.339682900
.273469400
.322769500
.285545800
.307104500
.315977400
.320848600
.268372600
.262686700
.266343800
.322668500
.271209500
.310548000
.254860000
.315153199
.276845401
.264676100
.254595500
.268669500
.268150200
.319779300
.291686000
.312766300
.265907999
.299702800
.263046700
.338550300
.293910600
.332168100
.261424500
.260519800
.306439501
.308529200
.289783300
.275550000
.265421100
.304240700
.293275100
.271209000
.265274300
.292604600
.320680400
.323992900
.301953700
.257579500
.249484800
.291983200
.312551600
.303017200
.258766400
.297175100
.305924000
.290122600
.264377300
.326830800
.265886400
.305189500
.294764100
.314640100
.256077500
.263590900
.252769100
.324977000
.300209700
.303346899
.269601500
.314768801
.315676800
.308072000
.302935200
.316558299
.311459201
.312071199
.291547500
.281472800
.268001800
.328341901
.310565500
.300491200
.267870200
.349429300
.300628600
.262478000
.288948400
.305636700
.259254100
.307673200
.319370200
.315976400
.323711200
.306616600
.319080300
.304527700
.264939400
.267871300
.286702600
.301355300
.289339400
.295330800
.260167100
.264216000
.320014700
.273637000
.302463300
.328535600
.305325700
.325351000
.328866400
.308509700
.278815200
.276356300
.295452999
.341615700
.294819800
.304655000
.255553600
.313229400
.300497700
.312503300
.268092200
.267272100
.303909300
.399343400
.328385000
.272767600
.297558001
.333172900
.271540000
.302753900
.323905200
.268327500
.324846900
.293975000
.269760000
.266257900
.259570100
.372505899
.302528200
.318327900
.283490500
.320334101
.306781200
.311118200
.259832500
.258473800
.317877700
.311581400
.308388400
.263267200
.316124900
.307217699
.287991400
.335635600
.318090500
.276747300
.299368101
.322194900
.312440900
.279331700
.253687100
.323842799
.325261400
.262756600
.279626400
.282360300
.287709801
.385464000
.263446100
.289215500
.322821900
.303608500
.320155000
.285996800
.265596400
.263625100
.252293200
.377463400
.270294700
.303369400
.262304500
.296958400
.325538800
.264559800
.283310900
.264404500
.347950400
.261985300
.312708200
.257716400
.300471700
.319448200
.312794200
.294998199
.264376100
.304346400
.259328701
.291599800
.310896700
.260677400
.261037700
.322638999
.262282200
.351809800
.269244300
.303173000
.308845801
.319678900
.312281500
.277124400
.262901200
.311618500
.288771400
.316584900
.269173600
.267427700
.326030400
.309913900
.268821700
.291948000
.269100400
.307238100
.288170300
.314150600
.314043000
.328982800
.304007400
.306479200
.300727600
.260345000
.304314900
.301196600
.273548200
.271151200
.297706200
.262441200
.325411300
.264462300
.313573000
.286520100
.267555400
.358530700
.289893600
.293723000
.266365300
.259277000
.311948400
.301619700
.252316200
.260191400
.263177900
.330092701
.402617000
.479405300
.622364900
.946242300
.650931500
.450759300
.452091300
.336294700
.530053700
.511920600
.352703500
.469444399
.452211400
.296374600
.331572700
.430138701
.415706300
.343538500
.400754900
.411582699
.436580700
.366379099
.335316600
.384703900
.369265400
.387420401
.465017000
.383110100
.491765200
.419188201
.492493600
.331988900
.758252500
4.045459999
2.287922101
.483716800
.361378400
.340228500
.380440400
.342652600
.677222600
.412478900
.281775900
.298347000
.279862000
.321440499
.301880300
.274905000
.269031900
.297051400
.309238600
.304466600
.260377200
.371978400
.278448100
.263815201
.303904600
.317369400
.321796800
.260162500
.316890100
.319153000
.270017100
.284168900
.259177900
.298753399
.299615100
.278642400
.255776300
.263289900
.316895401
.293611600
.304843999
.311623000
.309469400
.297169901
.309798200
.255115100
.264817400
.302403000
.288553000
.309000500
.309379400
.296440300
.300443700
.303944000
.304318100
.303011900
.271325400
.299070300
.262490599
.325148700
.315693500
.284770601
.267623800
.291837599
.314990600
.343882500
.258310900
.258388700
.312252601
.304530900
.331588100
.268311000
.259716200
.296500600
.310756000
.288613000
.313797900
.319639800
.292701399
.318344100
.304323500
.337499600
.270544601
.306142300
.310539700
.308503700
.274147500
.290461701
.319880500
.260483000
.257275500
.262863700
.269721500
.324834400
.328150600
.310167900
.266634100
.310349200
.332460000
.261994900
.303579500
.264150700
.267359500
.312931500
.297370300
.256186600
.267390100
.308190900
.291132599
.326424200
.281320500
.267429400
.264319800
.282890300
.304303500
.327776300
.263102700
.258467700
.310469601
.289292800
.308800800
.307053300
.257064200
.244424700
.262992499
.309339800
.255194200
.255119700
.310822600
