.292999000
.365837900
.301957300
.308498900
.325047698
.319047900
.284768400
.312651300
.310395800
.326334800
.318577800
.314077200
.312211400
.292844101
.317268800
.295022800
.325941100
.284392100
.331310100
.300299400
.307862600
.308474400
.291218100
.325045299
.321422100
.263587600
.302613200
.263216300
.295858700
.304762000
.296382000
.251682200
.319311899
.308309801
.324213100
.291784200
.289240400
.304544600
.335892899
.316893700
.319861400
.271884200
.293345601
.338190200
.318125700
.303004800
.294145500
.311402900
.315819300
.320396100
.250888800
.265430500
.271840700
.254627500
.245106900
.259085800
.293826700
.254919199
.248855601
.249648500
.299059800
.269099100
.275685600
.258733700
.295221100
.296447800
.241076400
.250648600
.246415300
.294135300
.288249500
.296824700
.256586800
.249870900
.301496899
.289037300
.318694800
.246011300
.242022700
.257523502
.323077301
.266003700
.299355800
.252544100
.251289500
.263042399
.308052100
.295054800
.251126800
.241261200
.246650101
.290495400
.279720700
.296639700
.263770400
.242328300
.294871400
.250330600
.238468700
.278794099
.243579400
.249640101
.294514800
.303970300
.275659100
.252790500
.263972600
.295962399
.291748400
.300746200
.247703900
.249394100
.362264400
.241362500
.296330700
.258464100
.249789000
.274099600
.256205200
.290031600
.245956800
.249228000
.233253100
.253847700
.290229900
.281813300
.264364300
.245356700
.252669200
.333718900
.242701000
.285150700
.246520500
.251683100
.295572400
.273593500
.284747900
.312994400
.281690400
.362915700
1.547201600
.440191000
.344771600
.253510600
.293680500
.312238600
.248265200
.245384500
.246048400
.289395400
.258205200
.290257600
.255077800
.249564300
.252088800
.352423100
.288406200
.289355300
.259378300
.251106500
.245855601
.280081601
.294844700
.249208900
.247530500
.264005000
.324868699
.260141500
.250865200
.288637600
.266023100
.244529200
.294434500
.295694300
.256408300
.254184300
.241375200
.296427201
.244337600
.275035200
.269207900
.245124000
.253255500
.277069500
.285521300
.279693100
.254227200
.242498800
.252322999
.289858500
.273352800
.247660300
.243705600
.254154101
.304047800
.246682100
.282935500
.255870100
.247978700
.304944200
.258346000
.285383300
.255737600
.246392100
.303369600
.294061200
.258854100
.269233000
.249755300
.247264300
.298867000
.258580200
.281533800
.255752700
.237074600
.244430000
.256002401
.311031700
.252648600
.253380200
.246084499
.287706501
.305102000
.282164100
.254051100
.268265200
.251280901
.251843000
.290407600
.253268000
.246432500
.259317999
.286150701
.296096000
.277009300
.250706100
.261251900
.238651600
.285612700
.278580899
.239077100
.287655100
.281867100
.261625301
.273423600
.296731700
.247217000
.247067700
.243819499
.301364901
.242389100
.290945200
.257169500
.266002800
.270925499
.299742500
.278424300
.253434202
.250030700
.252268799
.304518000
.324859700
.258042500
.256400800
.252851800
.284260600
.288500800
.246413500
.251262100
.270829600
.252458500
.264146600
.307672000
.280430100
.266644700
.248587600
.382637399
.308136500
.255229201
.269353500
.252401300
.283506000
.262179400
.248995500
.240836600
.250904500
.233210100
.255374399
.249485200
.280406600
.281302700
.250682800
.286027501
.245804500
.302354000
.285258700
.277355500
.255885700
.337824300
.276550801
.255638199
.257558000
.246589399
.255742699
.292690300
.247335800
.248403700
.249073600
.242606300
.240400300
.293149600
.287579300
.271989000
.248218500
.282551100
.287343900
.431621200
.262499400
.250465700
.298272099
.310726701
.249816000
.261200499
.249773900
.247186700
.321796001
.292443900
.249396200
.244853000
.253641400
.312583400
.315355100
.250996200
.258782200
.244197200
.423107500
.294309600
.256828300
.253626400
.247327500
.300119400
.239849200
.274425900
.257350200
.234966300
.255151900
.280353999
.277923100
.255155600
.275293300
.244171600
.252519301
.294992300
.259058600
.303998100
.279542900
.252432200
.253481100
.241628500
.296581700
.248068100
.262519800
.255821700
.301198101
.298311400
.253294700
.248704900
.286796400
.274295300
.251540200
.290490499
.244145200
.296140900
.251816801
.240699400
.323555700
.246746000
.226731900
.241205200
.288878900
.273074100
.310841500
.241393200
.256689800
.240392000
.292480399
.308756800
.254274800
.257866600
.241893200
.274929800
.288459200
.286285500
.248787600
.242188300
.251676100
.236811101
.296197600
.260221800
.277217100
.249132700
.297748900
.281837800
.292674500
.256952000
.243575700
.256837500
.285749900
.294288000
.249232600
.292061600
.257204700
.280388300
.247186000
.302814600
.273821400
.254203200
.257151100
.291921599
.256073099
.249529300
.261659400
.259876101
.295394098
.305337500
.245434500
.250299501
.250410200
.248044700
.295948400
.247275500
.288752700
.242653200
.238817999
.278499501
.274140500
.290921100
.253660700
.248859700
.248042600
.242425299
.280033800
.248507500
.280742800
.254403400
.248658500
.282517599
.289346000
.273498600
.245713400
.240509900
.299040999
.288434300
.272230900
.291279100
.271622000
.418629801
.264813000
.256279700
.291988300
.251106800
.285595800
.290247000
.251379000
.258611100
.258308100
.268686200
.304064999
.270335100
.246369700
.250655900
.242067400
.244227100
.283584100
.281507900
.252804300
.238563600
.250300000
.278886200
.266747700
.249245400
.250559200
.245851900
.260641600
.275027201
.301178200
.293786700
.261283000
.264970300
.273144200
.246967300
.255468600
.286397400
.245672600
.255826601
.246311900
.290753100
.267937700
.241997600
.300803800
.283426999
.325502700
.255515900
.299402700
.275346900
.254434301
.280370100
.285668600
.253796900
.249837300
.244462200
.284411000
.304931900
.273844200
.251183300
.259377500
.253442300
.309050800
.285178500
.289500500
.257155900
.240878000
.291166599
.292792900
.274798599
.242776100
.245219400
.301489100
.248003000
.248133500
.244476900
.290764901
.261926000
.283570600
.275778700
.256538200
.289271600
.254693400
.316411800
.300632100
.302279100
.258205100
.248193300
.295728100
.308373700
.258034000
.265007300
.256661700
.251073200
.248202500
.281125300
.297672100
.251413100
.245709600
.306031800
.244308600
.296035900
.261927000
.248155900
.274039801
.278957401
.258825200
.267137800
.240273800
.248108800
.281854100
.274143900
.330497500
.251818300
.246629500
.254157901
.297226300
.252141500
.240418800
.244369700
.246002900
.248248700
.304012899
.287712800
.252276500
.251866600
.253144000
.297588699
.293158600
.249671800
.249938500
.253157501
.310583399
.280673300
.252868800
.295764600
.279805801
.265443100
.291814200
.289140900
.257917400
.317258800
.276761600
.289409000
.312793500
.258618100
.244497600
.258817899
.288670201
.254745800
.283376600
.256375100
.248501700
.241005800
.285312300
.311906100
.256008300
.252062399
.240023201
.288244800
.300446200
.294959700
.255441100
.249896400
.251601500
.254509100
.303958100
.251204400
.281733800
.252461100
.288135000
.296502200
.260536600
.242661000
.254896401
.251469400
.322259800
.316239200
.271991700
.249833800
.255937500
.333121900
.264653500
.234184700
.254194300
.252275300
.255992300
.251441600
.300006700
.247419100
.251284700
.243048000
.295635000
.288631700
.246785900
.281451000
.248315100
.262683900
.278335199
.249654100
.286909400
.249492200
.249990700
.272424101
.296183700
.283757000
.254901000
.241676000
.246522000
.243067000
.256544200
.283629200
.248856800
.248591100
.247084600
.297213800
.286212900
.281558600
.258467900
.252572000
.294639200
.292966200
.251931100
.247874600
.260118800
.280219400
.280655500
.280272200
.254032200
.254638900
.262156100
.285350400
.292530600
.292508200
.231165200
.256511900
.286009900
.245260800
.294874900
.258245200
.263712700
.246715599
.331835001
.312239100
.252268900
.250243700
.236496200
.289328800
.293259500
.261629500
.250201600
.254358200
.247628699
.295846000
.290613500
.248969400
.249817700
.248210200
.280857701
.301111200
.275870600
.246281100
.253344000
.248002600
.296227600
.296151200
.298895500
.252324300
.249708600
.291202699
.241761200
.242959100
.259301500
.266209500
.252067700
.286052600
.304871700
.242369000
.249913900
.254234400
.265195001
.286095300
.255753000
.240410500
.259638100
.245822100
.251065500
.255147800
.256950800
.283449400
.248212500
.255606600
.306315300
.265539300
.251693800
.265427100
.274180100
.244999899
.239530400
.284145200
.272114300
.250707300
.263083500
.240332201
.307722900
.303572600
.262693301
.249754801
.289270900
.292991000
.261035600
.252581900
.258659100
.253416201
.247593500
.285831600
.238551600
.249257300
.240990800
.260623800
.275201700
.284306200
.248712800
.242050600
.253288000
.314143799
.268277300
.277938900
.257988000
.258757700
.297612701
.339309300
.307433500
.262349000
.261765200
.241489399
.303317700
.248308200
.292890400
.251653500
.258752000
.285905901
.296827600
.258374100
.253979600
.260081100
.249189600
.251106700
.253788800
.237255400
.244838800
.261250100
.295036199
.289669700
.291717100
.265310800
.284951700
.253702000
.251993900
.249994300
.294093300
.255073900
.251255600
.294583699
.397351500
.256079200
.309893100
.273087000
.315946300
.296567000
.257652400
.246277300
.259632200
.247798701
.258642400
.273876100
.253316000
.256785800
.245655400
.246722000
.294448900
.255181900
.249787900
.240010900
.272532500
.293709600
.282468800
.265694700
.243645300
.243845000
.250232100
.253574500
.304973500
.245330400
.259162100
.249176000
.288755299
.261698800
.295560800
.255378700
.247809400
.263290501
.281878200
.295296400
.279550600
.254702700
.260276200
.279701700
.308811600
.244571400
.254951500
.243006800
.262451600
.292953500
.319067800
.251118500
.255453000
.266256500
.301731799
.249450900
.256468100
.239200000
.255418900
.311057599
.281813500
.276282900
.255139500
.251451700
.254956301
.261329200
.255733500
.243624900
.265950100
.245687900
.247834400
.246720401
.319953400
.249917800
.264005600
.302442800
.298056000
.259315300
.298060999
.256455800
.282029800
.250826801
.297369900
.277609000
.294003599
.262312900
.254286901
.300984200
.303640600
.254358500
.260095400
.248384000
.303002000
.253998699
.254166800
.304949900
.271170200
.310984001
.248582600
.294467200
.292288200
.264673700
.236808600
.262630999
.256745500
.245568500
.244553700
.297704500
.287022101
.256880200
.284241900
.252691200
.262296500
.245867100
.253224400
.304804400
.336100600
.253193300
.253421200
.293905499
.320685100
.252786000
.254199100
.243773000
.247022700
.293419201
.269386200
.292624800
.294190200
.259474900
.290527000
.259275200
.261749800
.282907500
.261212700
.240596900
.299840300
.293184000
.249721100
.256447700
.255554300
.292717299
.267066100
.237089599
.308318200
.248086101
.276896100
.294913400
.289831700
.257175600
.261672599
.251968500
.274937901
.262105700
.244331600
.250365500
.289088100
.245580400
.315054000
.251265800
.255992400
.244229800
.247615500
.257661100
.292458200
.250895000
.298101600
.249208400
.290978199
.257574700
.253687200
.276884600
.267345500
.264160400
.256676101
.337461100
.265597300
.251158000
.263153300
.258064900
.436562000
