.505545100
.365678100
.351359500
.344052000
.600060999
.339107000
.326291200
.331652200
.545247900
.385437200
.313028200
.350214600
.532890001
.366377900
.315259700
.356429100
.487774200
.315136300
.447795800
.379346700
.488501400
.353857100
.302670000
.378850300
.432530700
.311794500
.326055100
.400336599
.607860600
.379536400
.363039201
.367928100
.491376800
.342832400
.374145499
.361285700
.438825300
.327584600
.443288701
.339765400
.411224100
.389372699
.470157501
.388356400
.454736300
.364187800
.372657200
.378839300
.448271700
.354776499
.380449300
.352070900
.434806300
.380800601
.413276300
.370485000
.501525099
.404364100
.366951301
.354193099
.480075300
.339309600
.390570100
.348326501
.471288800
.371880500
.298569400
.339388600
.412768100
.387848601
.363529200
.366135599
.454502700
.330656900
.345194200
.370772700
.484404400
.340453500
.353605000
.316515300
.459802300
.324511900
.354927300
.324240400
.526325600
.366573900
.449954100
.350492199
.498141000
.346889400
.347743100
.396588100
.502805100
.296534500
.377194000
.361949301
.510141300
.330786500
.345440700
.402408700
.386405000
.370672200
.322738500
.389372400
.433997100
.388805400
.331934600
.387791500
.461606700
.378829900
.385047699
.354955900
.430474700
.341105100
.400669101
.295706600
.444330000
.313075100
.338281800
.434857700
.409131000
.321584300
.411861200
.352026600
.443464700
.306057000
.339571200
.399146200
.437061100
.327277800
.347242901
.352812300
.384294100
.351308400
.371302700
.365294400
.384930700
.361189900
.365144400
.418199700
.452060700
.322460100
.310861499
.380033800
.444744900
.319685500
.360429201
.367403300
.418992500
.392159600
.387535600
.331603400
.441322600
.379332900
.328721800
.404377200
.426195800
.371145899
.421571200
.347028400
.466165700
.392871301
.385387300
.308740100
.458512400
.368534700
.336891200
.352473000
.432458000
.467200400
.396188900
.375074000
.455338800
.372617400
.359280500
.412767000
.484421200
.340177000
.307695300
.369405200
.436820900
.334484900
.348137100
.353001900
.454495800
.310048600
.345855200
.365719400
.468651299
.354679800
.377098700
.313607600
.512424801
.340360900
.344009900
.313105900
.460615900
.345628700
.393548700
.322748100
.423268100
.307948500
.393526600
.334942100
.373551100
.353885100
.306098600
.328825200
.365736099
.371473300
.326286400
.348437800
.391693600
.409499100
.318357700
.402252100
.469338401
.398645200
.343738400
.369864300
.367557400
.353728200
.329004900
.343174900
.384854300
.352274600
.320024200
.431287100
.352651200
.420190900
.362428400
.353789400
.389471600
.376241700
.385423500
.381272200
.452281500
.318290900
.358502900
.365538300
.343355700
.362651300
.376558800
.306108700
.423188300
.367458400
.371969200
.370994300
.374288500
.308181000
.356242000
.364609600
.391924499
.333183200
.387288100
.320954300
.441808301
.495659900
.366771400
.356752100
.383805501
.381294200
.353433600
.420286900
.357073000
.320130500
.347484100
.327627300
.399627900
.307921400
.402783200
.332144300
.399196000
.324557200
.328044800
.387245400
.392231999
.363598400
.368853800
.368141500
.359467001
.351444800
.344005000
.343198900
.359337200
.366435400
.355305200
.377449600
.376059400
.425884600
.397735700
.346381900
.368723099
.361594400
.308379900
.370753100
.366915101
.407772000
.357871700
.339719000
.344920200
.366133100
.406181600
.331303800
.336611600
.376989900
.327715400
.334284100
.374950599
.389137401
.340086000
.367339500
.366254300
.356150200
.391706300
.412149400
.351066300
.379957200
.302391800
.334441700
.364510100
.374220600
.360928600
.451673100
.316076800
.362695400
.367013700
.384518700
.314576700
.364478200
.351209400
.327749700
.369778900
.355497600
.377296100
.398887000
.322340800
.357391099
.422625700
.355444000
.450521202
.376573200
.298951500
.379056800
.365830500
.329261100
.403223400
.370870800
.353229100
.403360600
.339164000
.401986500
.350917000
.461257200
.335985400
.343698800
.338509400
.401595199
.343199300
.409891300
.324862100
.372983501
.388843300
.351660300
.301480600
.458100799
.323211300
.375154400
.363925600
.371561000
.354657700
.405052300
.331993700
.389549600
.337917300
.331749700
.368972500
.372467300
.431376600
.377703800
.357267900
.454495401
.391351900
.342909800
.309919600
.374160499
.398049100
.365361700
.304525300
.384692301
.380523300
.361255700
.373516600
.404400099
.319607800
.375324800
.411446500
.390119100
.313021400
.343844300
.372885900
.365495300
.342588500
.341402000
.332567400
.369650600
.344592900
.426495700
.313491000
.429347601
.422605700
.322827400
.370859700
.396091299
.329528600
.364958900
.341289400
.340219301
.369446300
.408028700
.314974000
.389184299
.361940400
.420958400
.387614500
.371581701
.347532200
.339877000
.384523800
.321651300
.347561300
.333886400
.329834700
.331110300
.369812400
.436685600
.343941100
.418391999
.356668200
.335997200
.362995000
.319603000
.368835200
.392473600
.367282900
.329339700
.377072101
.361877700
.360447400
.387514300
.354709099
.427270300
.371530800
.324600400
.400978700
.373797100
.409817200
.337870600
.336041401
.368160700
.372826100
.376845600
.330297400
.372301800
.334767100
.407619700
.398126099
.347409800
.355274500
.343714000
.449851901
.321035800
.344019900
.370035500
.380633099
.345931100
.329977100
.390420200
.356498801
.435163200
.356301200
.336457400
.396225900
.320173100
.373852800
.323939500
.353353500
.365868100
.392442900
.376716100
.327318500
.426779100
.339869100
.433447700
.396186499
.354761700
.396451800
.373812300
.381823201
.358060100
.360647800
.340875300
.354803799
.387574300
.336255800
.383407800
.362615001
.416092400
.350019600
.339616400
.347676899
.409249000
.369293800
.354265900
.387004101
.397705500
.351230300
.358296700
.345209300
.375149200
.322321700
.455897000
.383576099
.351251300
.362462100
.332145700
.401443301
.358492400
.342170500
.330267200
.400499899
.408474400
.356721800
.389617200
.359318300
.439848200
.398847300
.330725800
.359981901
.347777400
.342734300
.322812200
.355356100
.369029000
.358234700
.391282200
.299552000
.413119600
.324619400
.397664500
.400327000
.363099500
.367479000
.358645800
.397233700
.354093700
.313954600
.335196900
.361936800
.388899901
.375956100
.423346500
.439271299
.462521900
.403280300
.339551000
.339551400
.385679000
.349447500
.338184800
.383661201
.354833700
.338496500
.353819200
.401547800
.373940200
.391739500
.354728900
.411864100
.367186400
.408363600
.366254100
.392651400
.330350300
.365820600
.376287800
.376949899
.338468900
.464741101
.328498300
.589447299
.373936301
.360510200
.501824700
.436858300
.358804500
.504549000
.372592300
.445405900
.535049600
.491403000
.353541900
.392844300
.463249800
.596921900
.349435400
.330902600
.378326300
.435978400
.339003200
.325015400
.449500000
.369771900
.355162600
.369069701
.342543800
.396131100
.354340700
.423040099
.409020700
.365428000
.342972300
.299147601
.402934399
.361057900
.331203100
.329861900
.361584200
.407289300
.353416700
.303822000
.336617400
.405822800
.397823699
.369908500
.339054501
.372983900
.365291399
.345908100
.359618600
.394654400
.340133600
.417503100
.381337101
.374509500
.332396400
.321047200
.379481699
.380010200
.311354100
.359534300
.410448601
.406413200
.351408300
.319645600
.363450300
.443448100
.349487500
.353549300
.342320200
.411452200
.336513800
.402589700
.369802899
.376874000
.398786300
.351783300
.353157400
.383167800
.320395600
.415307300
.379135701
.357932200
.320549400
.353943600
.383032900
.373223300
.312030100
.322589900
.397934800
.401392000
.296861200
.405599800
.340774200
.427164700
.321260200
.353055600
.323693099
.395634100
.347195000
.347389100
.357004600
.404281900
.380931400
.364376800
.325279900
.389352700
.323712900
.383456400
.358000700
.343796001
.355529600
.342283900
.344376800
.422217700
.328257800
.338930500
.361293300
.377772099
.304313100
.358975700
.305294501
.465044798
.357448400
.338013700
.312069700
.409041401
.335401500
.321319900
.354417900
.333091800
.358211599
.385068700
.367794200
.376280300
.346837301
.405866800
.344160100
.368539800
.346419200
.371052300
.373520100
.358532700
.359658999
.363699600
.340510800
.358590902
.354963200
.414228500
.318192800
.436066500
.363571399
.366669300
.311586300
.386246300
.395424500
.402652200
.317662200
.342533000
.414902299
.368895400
.317079300
.418715300
.351313400
.427620400
.354771300
.330276400
.395969500
.364609700
.337654599
.345843700
.361350001
.343417000
.366599900
.360895200
.320625200
.397770100
.344828500
.431481500
.416019199
.361961700
.307617900
.390512500
.398789500
.347584200
.392642600
.377255000
.389066100
.345207200
.322709800
.394979200
.352204101
.443058800
.398713500
.359892600
.363344500
.355734300
.374749300
.354404100
.373413400
.369964500
.368607700
.357128200
.338639899
.399173300
.310803500
.366831800
.396217701
.368622900
.354265700
.351341200
.377450900
.331095600
.331561400
.360364500
.348293000
.364053100
.360353900
.404339100
.391222800
.399305500
.402714200
.335497400
.348201700
.378770000
.378099800
.364891700
.370601100
.367590900
.360367100
.337543600
.356803700
.404843900
.342409500
.437110000
.334557700
.363171500
.391024200
.337213900
.334539900
.537489000
.381293600
.336268300
.401085199
.349424500
.294533800
.416204700
.375783401
.405936700
.357334100
.367990000
.410840900
.344655600
.350577700
.326746100
.386023500
.335114600
.393463900
.355567599
.435877201
.314692600
.397358600
.353835500
.354861999
.362413700
.344227900
.374506700
.408181701
.391051100
.354247600
.365582000
.351260900
.341443700
.438478900
.321923300
.420887800
.377846100
.361189500
.337683000
.358066599
.334836000
.398875100
.381954400
.372645001
.414899500
.402969600
.326431800
.362206700
.343717900
.375527800
.418155800
.385658899
.320018600
.321406800
.362427700
.350715301
.353216799
.366286301
.343646900
.411759600
.348538800
.435740300
.320345200
.446456900
.413440100
.337366900
.370046500
.356841500
.399361700
.348787500
.371780100
.394735799
.374310900
.385134800
.314449500
.422866400
.339652800
.404770600
.392580700
.374614001
.306380900
.410693500
.374918500
.381285700
.368801900
.339519000
.341035900
.361659400
.373635600
.385519100
.352165500
.471967200
.447749900
.318300100
.367469600
.390949799
.367266000
.322005000
.345604900
.412990101
.416023100
.326367200
.429310601
.343506200
.401677000
.373357400
.345921700
.391871700
.416991400
.341404500
.412578399
.297675300
.341288600
.373930300
.352060102
.356518900
.408475500
.307964300
.433558400
.391912300
.401050100
.347673600
.438096700
.393029000
.363126700
.344302599
.387118601
.350812900
.332300800
.344518599
.435953901
.441764700
.372211500
.389907799
.356951201
.362326699
.353503400
.372384701
.432070900
.362930099
.333417400
.350517200
.396076101
.374961600
.364789000
.421214600
.376980599
.371824900
.334590000
.368701500
.401824401
.338217900
.319983200
.379468200
.356609000
.371493700
.386273300
.407312500
.357791300
.464489900
.391481000
.337016800
.380607300
.370285700
.362438700
.363205700
.401259200
.382955000
.385696300
.342263200
