.529834199
.496208000
.563603800
.577766901
.485864100
.592282300
.532221600
.552794200
.593947200
.569032400
.532475000
.580683400
.542505000
.513050499
.612723400
.526880200
.642648601
.499211500
.503443800
.697803300
.575257600
.624409000
.514937600
.530029800
.663162000
.528227200
.561591999
.532854100
.511822200
.576059501
.543475700
.526125400
.626484400
.507882300
.550923599
.511777500
.566796200
.575437300
.529698900
.537977500
.556581701
.521470100
.572416699
.518290800
.546097400
.577985700
.647455800
.520644000
.736857200
.496330100
.517954199
.486392900
.466606000
.459598501
.460272900
.409061100
.446620400
.404772400
.444473700
.470205700
.403342299
.487448400
.509820800
.521195001
.451473700
.481829500
.435145900
.428697700
.485493200
.416187499
.405399301
.469353000
.398830800
.463517200
.467661400
.405029700
.444785499
.429226700
.436558700
.413079500
.488171500
.436934400
.436876000
.480200200
.625589000
.501183000
.457577699
.472141100
.442479700
.452417501
.461319000
.484971499
.493916400
.467927500
.471342600
.422756802
.457996799
.412156100
.425129800
.443766601
.466155300
.417024900
.473647199
.443655800
.429294100
.483201401
.497527200
.511569500
.425945900
.488111300
.485689700
.462930900
.469052500
.451761700
.478922600
.488100600
.460515200
.466634000
.492207400
.489897800
.460100800
.457321199
.456006200
.457119200
.464555100
.453977100
.444693900
.455365900
.509353101
.450858900
.481473400
.433049900
.437006900
.452861600
.450365900
.441779000
.468579000
.437956000
.449044900
.468662400
.397271100
.473149500
.451633400
.381765700
.424212700
.450252100
.402350300
.423996200
.446866900
.439876600
.406477200
.415032700
.474627100
.414305800
.412002899
.532773900
.464080100
.409601600
.439799000
.423996300
.410888600
.418689099
.465272100
.478417200
.423534501
.492110800
.469640500
.502623800
.487196200
.388149400
.441929800
.478240800
.439970600
.417112100
.442272300
.464861300
.452542500
.426253800
.419759600
.451774800
.400108200
.371811400
.447239000
.419021000
.372502901
.451774800
.476078300
.438368200
.442598500
.433521500
.481265000
.395286500
.429574000
.468638400
.450709999
.455729501
.442529100
.446244800
.506414800
.456086700
.548638100
.591293299
.606578501
.642552000
.528998600
.496873200
.641765399
.558293300
.415892600
.450632701
.447936799
.466071400
.435844001
.543078600
.361450400
.516616200
.535247300
.398104700
.449281200
.451400600
.472101400
.443635900
.432973000
.412169700
.431006400
.484251800
.590989000
.497338300
.482177600
.475380200
.468444200
.454641800
.428191400
.531742700
.405719100
.481547000
.468759100
.435635600
.419300600
.475723800
.479734300
.401303700
.461732800
.427052700
.387844900
.468331200
.398962200
.447460800
.595046099
.517487601
.484661199
.446381800
.472152600
.443093300
.440116500
.427256400
.421502599
.440932701
.414443600
.434040200
.538542900
.446400600
.522542700
.444143600
.469103800
.453431000
.443391000
.509431000
.482640600
.417282100
.477741800
.416189100
.441248900
.487110299
.412484400
.458623401
.461782400
.457293200
.468187800
.441986500
.484060900
.404443300
.459173100
.440378099
.515104700
.446240700
.466969601
.468550300
.424012800
.483662700
.438455699
.464283700
.517043501
.436469700
.468899400
.405420300
.426883499
.602334300
.464369800
.439650101
.446944400
.420104900
.481096500
.480037599
.484629200
.451661501
.449174700
.423784899
.423419401
.440761100
.478065000
.455477300
.484269500
.406003300
.470296800
.423950900
.479400800
.494293200
.444153099
.441646800
.444354300
.476407301
.458547100
.459387800
.436586800
.437335500
.476428101
.475183100
.440480299
.421034800
.442266700
.467839200
.465197800
.565789200
.435414399
.580465600
.453633800
.432310700
.450347299
.446708600
.414757200
.487096001
.443917200
.411945600
.435231800
.467507100
.422445400
.441026100
.474137600
.469061000
.457604700
.438355999
.436413400
.454831400
.507759200
.456274800
.428131800
.462464101
.405493800
.455340900
.460663100
.484833199
.405942300
.464859000
.493914801
.380107800
.447218400
.472988300
.419334900
.416246700
.485170900
.433478000
.439530800
.416135800
.438698700
.520178000
.400491600
.447582300
.444286400
.425811300
.437455900
.444527599
.464522700
.443165900
.460234400
.475916700
.451119200
.433301601
.419739700
.399077000
.430569900
.428350800
.384856000
.497248100
.480340700
.430371400
.444861800
.471203300
.457604500
.450937200
.439764200
.453486600
.424274300
.431248100
.498466999
.642593100
.395585600
.475575301
.490269600
.395402200
.472774399
.444495700
.417436500
.424106201
.442696300
.456754300
.500694600
.478561700
.451984000
.436824200
.431959300
.502048400
.435179000
.436958100
.431242700
.437917500
.377902100
.441319300
.464015400
.437330800
.429180000
.459496700
.428204700
.437125300
.469753000
.457151800
.463583800
.445515800
.449037000
.410828500
.478822200
.681935500
.485738000
.423133800
.463899100
.427876500
.400937900
.471970500
.437906600
.452287700
.470879700
.426537600
.413213000
.438569300
.430046200
.411682800
.464387800
.436816500
.487646800
.467183300
.469873000
.468911000
.361419200
.436694700
.464885400
.447661300
.428010700
.406297000
.441469400
.481697000
.458329000
.461198200
.539713000
.442932499
.444046300
.490852500
.460054100
.493394600
.483491500
.464420400
.433660500
.492562800
.433126599
.467747800
.452232500
.400958300
.404093400
.417120800
.450243300
.465076201
.480486300
.443242400
.414711000
.514601200
.478174800
.441454900
.449725900
.444008500
.507526900
.466919100
.428720300
.480330200
.477109900
.408062800
.481431700
.492483999
.442653100
.400207900
.449050701
.443894100
.456299900
.421053200
.407143500
.631953000
.545408099
.453200800
.468660300
.455900800
.415059901
.461191700
.455983000
.422594299
.412093900
.456981000
.413284001
.417498100
.437192800
.439107100
.496435200
.431310400
.402473600
.499184500
.503147300
.474486500
.446296800
.468165200
.455673400
.397161900
.465579800
.503496300
.439453800
.432777300
.452950200
.414610100
.424344200
.458108200
.402598900
.446589600
.473544500
.495729400
.439415900
.480167800
.391979400
.449095100
.436513100
.494627600
.478102900
.453416899
.473963600
.468215300
.415116700
.460595001
.522234900
.423709500
.461959600
.459808800
.464479700
.422707199
.457803600
.439738400
.377730901
.456482100
.307088900
.451346700
.430300800
.455784800
.463632900
.462467100
.430073500
.386095700
.412877400
.411778500
.419910700
.482930100
.481312700
.429544400
.468257700
.464004100
.448583200
.448607200
.370443100
.428671500
.468831000
.465883300
.432938100
.481613100
.517129800
.441019500
.464458000
.482837400
.447304000
.471258300
.403866800
.416461200
.484965600
.429866300
.441715700
.477713399
.429983301
.416443700
.466056100
.418828600
.459286100
.450801800
.418552300
.422381800
.408978200
.429832299
.484516400
.449735500
.423828801
.419726500
.516413500
.446691900
.415982800
.466741800
.399902900
.439317099
.456722900
.404798500
.460481901
.441777500
.416228100
.428240500
.518327299
.538785300
.442723200
.460176401
.471316800
.465959800
.474942200
.430578200
.475866200
.451595299
.448593500
.421240700
.469522301
.399582401
.466939600
.412251000
.484424400
.418781000
.460923300
.444643000
.489820900
.440063200
.423388301
.450880400
.520398700
.460826300
.486496900
.535978600
.513474000
.449725299
.461417800
.389182800
.436520500
.454241200
.411541100
.452771600
.441990300
.446440500
.510989000
.446168500
.430166400
.410146700
.393156000
.444463600
.407783700
.420058498
.448603899
.417673500
.435546600
.449399999
.465058500
.496300702
.433644800
.448740199
.443477200
.448973401
.436562600
.410608900
.404443200
.522434800
.662367900
.477717700
.453974400
.434421600
.468195000
.486110200
.469274300
.479885500
.449264100
.462790399
.428509300
.438565301
.462552600
.457970500
.483344599
.429172700
.431330000
.438194200
.452794501
.414919700
.423254200
.467693900
.511773600
.380906900
.475523600
.456042900
.408992500
.469389700
.466539300
.515804500
.395996300
.455289700
.493737200
.447336400
.496777799
.440817000
.599601900
.481239001
.518600100
.461492700
.393190200
.438567000
.425344800
.380934500
.466903300
.484280600
.465688900
.417205800
.435320600
.450737600
.414248599
.459226000
.460084700
.410850201
.519085798
.446395001
.478190100
.467843299
.397590100
.432874500
.480989300
.506076600
.439455300
.460536501
.406032000
.413903600
.449886300
.443490500
.475432800
.410524400
.457776800
.452654900
.611844300
.421277500
.439038700
.448759800
.431053400
.445629500
.425338200
.434202400
.442670299
.526935800
.379671600
.413278501
.453382800
.439649800
.432386900
.443741900
.395718700
.406137700
.491655900
.420220400
.480435200
.435137600
.464022000
.461784199
.397795500
.411233200
.479848500
.383979000
.476792300
.510215600
.469789700
.482091300
.488730500
.432954000
.446372900
.476873100
.479221200
.483104200
.471666400
.399466800
.430797100
.529856400
.389485300
.429191100
.450890100
.409396800
.455789300
.407851700
.452794299
.418795200
.428643700
.470515000
.459613700
.477942200
.434679401
.451548300
.432410200
.393692100
.416226800
.463580100
.443776500
.417263700
.507485500
.449119200
.476720599
.438906500
.468362500
.432525401
.481806499
.456324500
.452274800
.510959499
.447628600
.522453201
.525889200
.427545800
.404109600
.422500600
.492609900
.486377400
.416038599
.427856900
.442520500
.389059200
.409644301
.278709300
.386442000
.410672799
.524870100
.572783800
.749178001
.489135800
.494475600
.525069800
.563268900
.487807300
.568818500
.444541900
.434045200
.486654400
.391174600
.443886000
.475889099
.444089600
.435101200
.416708401
.465063200
.466304300
.476832200
.474911200
.473197400
.435373500
.439919000
.408219400
.476032700
.482648199
.400986700
.447547300
.494817201
.427544000
.474102000
.427316400
.453301100
.666840300
.403270900
.472641300
.364277900
.474538900
.520421700
.413636500
.410600100
.496310599
.417998900
.417873200
.420209400
.407334201
.440687300
.419844200
.590506600
.425929600
.515373500
.470968000
.464127800
.608088600
.504218500
.396542800
.434826800
.443235400
.467636300
.425486000
.488716100
.433700400
.422293100
.432080100
.488556400
.442669800
.435753900
.487520300
.405471299
.473528700
.470893101
.412370700
.551174700
.466675000
.511839900
.454272400
.434750300
.439743000
.487615200
.458736400
.439194900
.467883600
.467591900
.491926099
.433226300
.438385700
.391345001
.429352300
.429994500
.413971799
.573108001
.451129000
.427816300
.488396300
.455208800
.434527600
.474931500
.428496200
.433278900
.412918299
.415856601
.436742600
.423242500
.463901900
.393201100
.576674600
.443417400
.408242600
.455098100
.446436300
.407927700
.444764100
.477205600
.419562400
.454254200
.402166600
.424678000
.515212400
.437072200
.450245701
.473732600
.441993900
.529107300
.476189800
.428134500
.435588800
.547170099
.513126300
.459081200
.446569801
.418285900
.379790100
.423753100
.433679000
.464729300
.422706600
.429907200
.593144200
.455714300
.449903300
.431791300
.458913000
.476130900
.445447000
