.604820600
.467581600
.468412800
.685623600
.568262200
.467955600
.534257700
.393631000
.637807499
.467432500
.495323100
.384234200
.568890600
.470282400
.552160001
.417101300
.531663100
.518596600
.482736900
.432023300
.662024000
.458037600
.470177500
.421680000
.536312700
.460036200
.493447300
.439672000
.595475500
.421068299
.543398500
.485594900
.591207901
.416002299
.394052401
.500177500
.678345400
.384765500
.476837700
.424928500
.560752600
.455090299
.446315900
.421861000
.596965401
.453711800
.446588400
.384959600
.604574900
.442035500
.483222699
.441681700
.629779600
.468805100
.419423600
.451555100
.526115801
.484054600
.476811700
.474318000
.581237800
.491568000
.449612900
.425507500
.529407100
.478961100
.454003699
.403551400
.518698500
.484575901
.403794000
.452045000
.586872000
.507437100
.455719200
.491527899
.520950200
.441627000
.439105300
.467808100
.554262901
.474365399
.507769800
.429731400
.601377999
.449847800
.395387600
.423122701
.545014200
.448412200
.571662899
.433652600
.557166200
.445917800
.431717600
.384176700
.535013400
.415610401
.436550000
.423016300
.556166400
.476464200
.480118400
.430652899
.646371000
.489417400
.503550101
.382461300
.524323900
.511023300
.454799200
.397556800
.668221800
.473616000
.478792400
.417484900
.547786700
.466983299
.459468801
.393706800
.656060300
.569315900
.447706000
.380354300
.603155400
.445579000
.476795700
.444312300
.502017100
.426882400
.396466600
.465285100
.533133300
.470214299
.476770300
.457418700
.576071201
.618735900
.439672000
.420108000
.546861200
.459903400
.402273700
.523859000
.647993700
.415942500
.458451400
.447821100
.571359699
.489682400
.468201600
.461438901
.583936500
.450640200
.536265000
.453197400
.567941500
.521253600
.364412900
.403721400
.571680200
.435116100
.492102200
.421157500
.626351400
.455045500
.474675400
.450938700
.545603700
.413214000
.384146500
.415391500
.520997600
.455996399
.516530500
.487171900
.688548501
.451688200
.424385700
.408610400
.519623500
.574416100
.398541500
.610121900
.629619400
.508399300
.485012100
.475968500
.574076102
.459432600
.475647399
.459829600
.524385800
.468114400
.450761400
.423991100
.519758500
.449004100
.456157800
.497145700
.459573199
.433411900
.466611400
.441033401
.616732600
.470617900
.494744300
.402541300
.499878900
.479737300
.483888100
.483385800
.437283600
.439883500
.418466300
.441463000
.424937400
.497532200
.428899000
.451629300
.475840400
.438469600
.414464000
.465540800
.450956000
.381649100
.467989200
.445405000
.440382100
.468108600
.415162500
.473609500
.441375700
.423169200
.390651400
.443920400
.465699399
.437010600
.385034500
.419203301
.567366200
.501327400
.429485600
.417465600
.475421200
.423829300
.448613400
.477745400
.450638900
.495722199
.444517300
.479626700
.449450201
.467547700
.438316000
.416719399
.458871900
.406223000
.424917700
.455158801
.477113400
.423070500
.482378400
.433476600
.479476800
.478999400
.431645900
.421199700
.440049200
.435030600
.457495600
.459512600
.452912500
.476939200
.421950900
.484824600
.518971400
.513431500
.428420499
.430015900
.528838101
.411859700
.383185600
.453060500
.468923200
.439584499
.482153100
.442200700
.449199700
.426273300
.434163800
.381807000
.431046501
.416682900
.383847800
.464602200
.450438000
.442350400
.468323799
.442409200
.462747100
.489939600
.414052300
.431828200
.567430200
.560418601
.491042900
.598410600
.640015100
.612743300
.701470800
.543752300
.570938300
.384811200
.564052500
.447668400
.587817000
.537225400
.677455099
.546261200
.559027801
.584760300
.414340700
.501072100
.669310500
.593394600
.496054900
.446813100
.390489700
.409252800
.481183900
.485091500
.432404099
.461872100
.458189400
.422031800
.419694000
.407820300
.465422400
.427183500
.465023600
.438011300
.422584700
.454164600
.517440500
.386303600
.471072600
.474035200
.446202600
.474239300
.444975800
.505512800
.640878300
.449045700
.437305300
.438758099
.441497300
.461538400
.484282301
.493929600
.451179300
.382186700
.490739499
.393270100
.452616100
.459874001
.436432800
.433641100
.474097200
.412092300
.450710200
.470297100
.465790700
.427504900
.424298300
.456871100
.456813400
.471113100
.434410400
.563067600
.488644200
.513345099
.471023300
.459522700
.454357101
.464414700
.452943400
.435053700
.478685200
.431290700
.401764800
.468583700
.446711200
.447991600
.441459800
.467651400
.467575700
.495641700
.446857500
.423614600
.472624500
.451896000
.426089800
.411680100
.475021499
.431007100
.522131600
.482363300
.459900900
.463719000
.450791100
.475046600
.520467400
.477394500
.429324200
.513504399
.483910801
.482126501
.450183200
.437325300
.449092800
.433413200
.429034700
.504408800
.491635400
.448912000
.509625899
.486901100
.417877400
.441208001
.458483900
.437204500
.449968000
.464883200
.442804800
.451134500
.468136600
.474944400
.493787800
.495335200
.460241700
.458224900
.482672400
.504948600
.424864900
.473956500
.443361400
.418682700
.462098800
.395890000
.474938700
.458480600
.473206600
.478255199
.466245301
.483534299
.476153300
.471838401
.461743900
.426968600
.457796100
.416861500
.428468300
.448609800
.422707800
.443204600
.439551700
.458868300
.508998700
.544830700
.305621400
.391379300
.485471900
.423628300
.442689300
.442594900
.474775000
.428991000
.478089199
.412339700
.440175500
.482634700
.468665401
.477604500
.466598100
.447998700
.499938100
.444357400
.475834200
.501220500
.448363400
.494883599
.442033800
.471424401
.460940000
.444824600
.443776800
.387354400
.446951700
.441470800
.455376700
.449522100
.446817600
.443509000
.486068000
.520250800
.464698400
.521520399
.435594900
.440196500
.443943201
.578225600
.505703200
.460613699
.469887000
.518608000
.455659200
.464084000
.438445300
.463220600
.461537301
.459887600
.441872700
.487730700
.433072600
.452776600
.465987100
.506711100
.485860499
.526072000
.433925500
.448158300
.474629600
.424066800
.470071600
.456823302
.485340500
.400263700
.423823800
.402706399
.486542300
.456636500
.472436901
.424086700
.410550900
.481179600
.443284600
.547347300
.466587200
.434305900
.451487600
.448574100
.471876100
.442911400
.381614900
.401639600
.497771600
.523698100
.449898800
.441700500
.469793500
.443698400
.422837900
.464291300
.478220800
.427830699
.472220400
.402421000
.435383002
.496552900
.430072200
.528169600
.471873700
.408724700
.478525200
.458153900
.439688700
.375168800
.476526100
.452622799
.439185100
.396235800
.459410501
.394105600
.479560000
.376809999
.438411700
.449006900
.362433700
.389642901
.476235800
.416780200
.489157599
.576573200
.458153300
.470539900
.427804100
.434002900
.462960601
.385015300
.414254200
.472845800
.431694899
.397733800
.470222800
.486420501
.438213400
.447552000
.445276400
.452287300
.438520000
.393744600
.460159200
.437411000
.472371400
.415383900
.433909800
.373520400
.397628400
.439996000
.482261600
.383779600
.438171599
.458889500
.447892000
.429278401
.471188600
.435079400
.414736600
.389584399
.437068700
.458769100
.427464701
.407691300
.438682700
.392737400
.431240899
.474562600
.400464100
.415948901
.433169000
.412699600
.415144000
.431019000
.428387700
.413136300
.445660300
.454641400
.466957600
.415358000
.427346200
.457652600
.428064900
.421227400
.462538900
.448407300
.435825799
.425048900
.480877600
.444938600
.441078201
.461459800
.412374200
.439947100
.463555500
.368321100
.434585200
.462523800
.574122800
.506871000
.466881000
.470248800
.499253700
.420708600
.410994600
.481136400
.474774600
.462688900
.398981000
.422328899
.424893500
.477939800
.372093101
.430145200
.525864400
.410829600
.452529099
.424741900
.474354300
.458451501
.447984000
.465467700
.462882000
.506383100
.410067000
.430935300
.428753400
.516196700
.384983900
.475600800
.493596999
.410110600
.460841001
.523868100
.563144700
.471184000
.451520700
.486974300
.493945400
.523664400
.464116900
.450663500
.461735200
.444526700
.459502400
.471486200
.471458900
.394486500
.520847600
.420729900
.412051000
.416871499
.517464800
.435446700
.418831001
.466962700
.421608600
.513166400
.509513000
.502560100
.418558200
.525913800
.434978000
.435398601
.436561400
.455642200
.482240000
.496205399
.526092800
.520185400
.457712200
.479034100
.416079800
.425919101
.483888500
.437795600
.410390200
.472304300
.502939100
.399081300
.505367700
.472175900
.487613500
.415735900
.465648900
.435607799
.471443601
.474607900
.377616600
.425470100
.478751500
.464665000
.455754200
.467787399
.490736800
.487120300
.537621801
.457654400
.453105500
.495808300
.443042200
.398538700
.501594400
.415948100
.457597100
.445738799
.468783600
.485812900
.445055300
.407715000
.436974500
.488946700
.475023100
.491137700
.486573100
.463417899
.396275300
.402516000
.417370700
.446253301
.432894800
.457955100
.518486500
.397162200
.507061700
.465755400
.506968700
.404749100
.450017999
.473858200
.456625600
.397664400
.440995501
.535047400
.458220999
.472387401
.446952100
.468432900
.485196000
.566308100
.473020900
.431240200
.441898100
.515102800
.420592600
.426663100
.463750800
.426939800
.410173500
.469969700
.487851300
.434832600
.410427800
.451911000
.471444800
.461702400
.435530000
.457224700
.454327800
.441193400
.399111400
.454738799
.450036500
.470866100
.474468200
.479932000
.523978600
.468188601
.474653300
.427004600
.554447700
.423901400
.475106300
.471570400
.444421900
.446600300
.394422000
.486357300
.444747000
.406402400
.444224100
.442619800
.482806500
.447140700
.442466900
.456986700
.457606700
.449989900
.434168700
.438691500
.471535600
.419141800
.454917500
.474746200
.470834100
.389578400
.456934200
.450113300
.448520899
.467321600
.476619601
.439214200
.490726300
.392577599
.450225200
.490562900
.530164401
.426452500
.443631600
.453413900
.474494800
.613124800
.446462800
.494907600
.436402100
.438194000
.402882700
.402677900
.470103300
.483317699
.445417400
.473749000
.487228901
.449156500
.443138500
.479653299
.431591900
.477312900
.436557000
.467674901
.476530400
.450140900
.446539499
.484399400
.438219600
.451555000
.426803000
.466809000
.451860201
.473603500
.474195700
.459094700
.497103400
.513974600
.467745500
.443499300
.509527400
.477961500
.394768600
.471574500
.478984400
.442702199
.453273900
.466364800
.423472000
.472557200
.510024600
.401786701
.473694800
.391214400
.398159200
.464840600
.523569200
.422128100
.490072399
.427706400
.487188500
.393721301
.520060199
.472392400
.458942500
.454714200
.385846900
.480885799
.485871500
.440139300
.453384300
.505876200
.450875200
.506919600
.451402800
.459094400
.608197601
.839585699
.614759201
.579983700
.561760299
.428259601
.642955999
.591797801
.484356800
.555078700
.539381100
.568606599
.611099600
.532688100
.598777101
.534818301
.459420401
.487139100
.468232100
.452568900
.479452900
.460656400
.398370700
.530951000
.492095200
.422012300
.464256500
.452182400
.491243400
.372381999
.445989600
.568599400
.446991200
.385620100
.479528000
.487310300
.460003801
.471902400
.475116500
.477687100
.450378900
.468417100
.512692200
.455868400
.440293100
.461111400
.519168900
.458979300
