.329220600
.323967200
.549685900
.351237400
.312948099
.299386401
.338880200
.343699000
.322572800
.310841899
.431206199
.321926900
.333377900
.357783701
.365780100
.350177900
.333881700
.326260500
.319345600
.336213800
.342483200
.341825099
.319300101
.331848900
.340995500
.347524700
.315525300
.302387701
.381400500
.353609900
.316698100
.333090500
.353377400
.311371300
.322396900
.313878400
.308819300
.504545399
.335303400
.313457100
.308246901
.322278700
.308995300
.386722901
.334798599
.318004800
.304988000
.313159900
.302238100
.308111902
.288086300
.317356699
.325470900
.299247600
.308772200
.312329301
.298602300
.301442200
.323950500
.340453400
.292174500
.312782200
.298784200
.356069100
.303563000
.317606800
.292459400
.302201400
.292437600
.322918600
.285150100
.297145500
.303724200
.299492200
.414512999
.343220101
.308235200
.298358800
.325122400
.298035900
.312516700
.309599400
.285962000
.322537500
.310706000
.301307000
.295902400
.298242601
.305019200
.316002800
.301576700
.364458100
.334262000
.304664800
.276490600
.305218400
.315892800
.308429200
.309732900
.288626000
.297448800
.290154800
.293663700
.297566600
.315716000
.308862900
.288518600
.353091600
.323379600
.301568000
.292524000
.358597500
.299097700
.323299600
.292341200
.298024500
.309733300
.322111600
.302723500
.300392200
.305040500
.309978300
.313167300
.361353800
.336323300
.304286700
.321005300
.318244600
.308785200
.297267700
.304894700
.316790000
.302980800
.301849100
.292104600
.298633100
.292461100
.305050700
.303679800
.274932400
.339128800
.310261500
.311129900
.293887400
.295074800
.327528400
.334565200
.299642300
.348358200
.299238700
.308733000
.319472500
.307611100
.280578200
.301333000
.288619300
.335567200
.299029400
.301983400
.322315300
.312664200
.285684300
.301990600
.300326900
.319494900
.310996600
.302001600
.294280400
.361270700
.317512200
.317397700
.322399100
.339682700
.319860100
.301445400
.322488000
.284349000
.301870800
.316644200
.324571100
.292621900
.292850600
.290359000
.316862499
.318045500
.308900501
.304498099
.305563399
.320461800
.290673100
.312609200
.323854700
.295531600
.317617700
.334663900
.295709600
.290092500
.294180600
.314733100
.302391900
.297558600
.291739700
.393460800
.303102800
.311087100
.307805800
.276832500
.334319100
.308386300
.310060500
.288418200
.289771600
.283439401
.299138600
.285735900
.294339500
.309584500
.315904400
.301113400
.297664100
.306143700
.319684701
.335922000
.318809400
.300373500
.308787800
.314368400
.308452900
.305646800
.313629300
.263320400
.305370300
.292881700
.315538800
.308488800
.307889400
.311635800
.342167000
.325306800
.300034300
.336852400
.305494300
.307011100
.305682700
.293906300
.307589699
.294821900
.290035800
.294011200
.287001000
.318076601
.310428700
.301836900
.326242100
.308623200
.323858899
.295135800
.312616000
.284699700
.297487200
.298115001
.304587500
.295060900
.293876800
.283068600
.331223200
.288317000
.292999200
.288226300
.321710800
.342852300
.328813100
.308023800
.297420600
.376382199
.315608000
.303059900
.295414300
.297539100
.307336801
.322857100
.301399100
.294885300
.305898200
.323072899
.306458400
.347527500
.320909700
.292245001
.317700600
.313193500
.309868100
.322200400
.322513200
.301623400
.325880900
.297631500
.295046500
.301127300
.314953600
.302571200
.296527300
.322809300
.314598899
.318916900
.297094100
.293534200
.318117600
.304293300
.327570600
.304172900
.305337500
.324125299
.324818800
.322859700
.318617600
.307404200
.362928801
.331730300
.332273900
.302353200
.316492200
.319635000
.366239400
.310899500
.285397900
.326902099
.324340900
.291916900
.301794400
.296783100
.327260401
.317170500
.308783300
.348582000
.320005600
.330849000
.306235700
.293441800
.297159800
.304749300
.318859800
.322632600
.306314500
.287105300
.308355400
.284007600
.323864000
.330464500
.289023100
.337121901
.345178500
.302697101
.312556201
.318381600
.332749400
.305626300
.298964200
.303832300
.348530000
.327715700
.299932400
.373077600
.304736600
.332896000
.314186200
.355902500
.304587000
.312806400
.309079300
.284945000
.323809700
.296165000
.305043200
.293669200
.305450700
.295597600
.358294500
.344922300
.337452800
.285544500
.315963900
.313350200
.326196000
.305799600
.299029300
.296682300
.313945400
.315774600
.294597500
.300362200
.307958600
.322527599
.336108900
.286471900
.328186200
.294770000
.269560700
.298124000
.330211200
.276363300
.307423600
.318111000
.330669700
.300108900
.300615400
.300487000
.313767200
.303703400
.305164500
.286505300
.321331200
.306618200
.303950800
.299120900
.311839000
.293596000
.317243700
.309652300
.305877700
.293682400
.355428200
.297701200
.323327100
.299296500
.306067400
.326040600
.294555100
.299973100
.295758900
.594823599
.307739200
.300109800
.300351400
.321778501
.318582000
.313288900
.300618800
.294980700
.297643300
.283207000
.327495500
.306144000
.308336100
.313195300
.327923100
.315925100
.292588300
.304769800
.326325799
.310783500
.285563900
.300657300
.307180199
.300532100
.294407100
.308776800
.300124300
.296556000
.296425300
.300911600
.316599500
.294197700
.328767301
.314583700
.309250700
.347102900
.300374201
.321169900
.326453300
.306910700
.305432000
.288676401
.335317000
.298564600
.293563800
.298103000
.311969600
.327264500
.304271200
.286999000
.323516700
.348928699
.325388400
.323416400
.317878400
.305475701
.314845799
.308815300
.319886200
.306712800
.339605701
.308415500
.320665500
.306005000
.303819000
.340325800
.339856600
.316357700
.300535900
.308608300
.338108600
.304554500
.340388400
.296073900
.327534200
.298103900
.312052900
.296419700
.318476900
.328211000
.308704300
.308725500
.320848300
.284526300
.332606600
.297291800
.308630200
.320798600
.294309600
.313609100
.337668900
.296367000
.293670800
.308867500
.323383300
.347602200
.296648100
.300843300
.390317700
.326238300
.333458000
.312946000
.285651000
.292523300
.293422000
.323303600
.284345200
.308178300
.312594700
.320772200
.300053700
.359371100
.311974600
.327947500
.320982400
.297487000
.349387901
.334482200
.377779600
.343013800
.316390199
.306990101
.304569900
.294764400
.307049900
.302263800
.361019199
.332192800
.320195800
.307758701
.293302100
.313603200
.338272400
.294087200
.306722300
.304514800
.332019600
.354708900
.309830400
.303790500
.329683900
.297024000
.322645400
.257212800
.307278699
.343499200
.303222000
.296213900
.310385800
.308716001
.309966300
.313723000
.308474900
.293337500
.427254300
.346243600
.297293200
.301385700
.347746500
.339983400
.301862200
.321288800
.303878500
.328261300
.315575300
.304312800
.293446100
.304638201
.309411500
.318220700
.292630200
.321950100
.312302300
.306458700
.319366500
.343903500
.290676300
.330316299
.323029900
.371048800
.296781500
.320350601
.315050100
.330809900
.309900000
.299113600
.303879400
.296861500
.319593100
.305062400
.322965800
.332252700
.355282400
.296802700
.306786400
.323724700
.324320800
.316052900
.288766500
.296073300
.291328700
.322818999
.297947600
.309161700
.295109700
.308829300
.315251400
.323944400
.306045500
.293912300
.326854100
.326341900
.342336700
.308397200
.298747601
.333439100
.316647300
.310833100
.357020599
.325238101
.296618700
.318839700
.352788800
.311944500
.305634200
.304652200
.296118100
.322212100
.296484201
.311052800
.293028600
.338507900
.301398900
.314157299
.308691700
.304389300
.296027400
.292910900
.401419801
.327165600
.332679600
.304633600
.288451600
.306996200
.299734600
.318821000
.288627501
.299152699
.305285900
.309131199
.305085000
.295186900
.300695300
.304202900
.292130000
.328020200
.297257000
.330117301
.322218400
.321592000
.308536300
.307779199
.299359400
.332664900
.312447800
.292471701
.296157700
.324910899
.315811000
.311709100
.395179900
.337188600
.296190300
.302985800
.298438500
.317061301
.300951800
.301653100
.289024300
.298946100
.297452399
.300542401
.302708900
.339038800
.318894400
.286415300
.333513900
.310235300
.311136000
.299691400
.307610700
.354800700
.314797700
.298931400
.292476800
.352584300
.340890400
.302654100
.323202600
.287074800
.298518000
.312745700
.337757700
.292957900
.306024399
.340567600
.312673200
.294898600
.303810600
.344024800
.334531700
.306669800
.293730000
.290895700
.319262001
.301328500
.312639400
.280007800
.336145100
.317275500
.317007300
.316759300
.303744700
.287121300
.298143100
.304846000
.307627200
.308303000
.304658000
.315305800
.325768400
.304592100
.295914900
.295751999
.313949800
.339789600
.296219600
.288296902
.310552200
.307974700
.300512900
.305186000
.317795900
.311385600
.326161000
.299561300
.308588400
.295981800
.329498800
.303045299
.340100500
.300721500
.300724100
.322288100
.302855300
.297069400
.293155500
.326607601
.332751700
.316325700
.301829700
.294539100
.387022499
.317494600
.320559800
.312119000
.323354700
.308701200
.296750700
.314064400
.289513700
.330200501
.304512000
.331190300
.288091800
.299601200
.313113099
.337939200
.310799900
.292365799
.300561800
.330041400
.330059000
.331666500
.301630700
.325912901
.327866100
.304070900
.309818900
.298968801
.318725500
.305368600
.320228500
.327620000
.304382599
.310734800
.402856100
.303596300
.310621700
.344008301
.324797900
.311443700
.294612800
.308793800
.305488800
.315693000
.290273600
.329573600
.315374600
.296920900
.300460800
.303354100
.284265400
.307870600
.305844200
.300302400
.307765200
.298244700
.324850799
.314418500
.313941800
.310909900
.306573502
.336120300
.315180300
.293652400
.302951400
.307301400
.298442100
.307498400
.313500700
.323771199
.331932101
.315596399
.317529700
.342411100
.295886701
.344045899
.310939400
.327100701
.294766900
.331766200
.313540900
.317165800
.340288900
.302497100
.351129400
.343443000
.312535100
.303281700
.311058701
.341203400
.290846900
.308755600
.292459601
.311847099
.307830300
.320411400
.300610300
.290828400
.311278000
.318989499
.338572700
.308828400
.299170501
.371351400
.301781400
.317930400
.288413700
.289541300
.306372499
.312544300
.296385400
.299562200
.309594600
.349537600
.307156100
.300205800
.358759000
.331846200
.301535900
.310679900
.297357900
.285584600
.296778100
.326984200
.300324500
.303142500
.297717500
.343084799
.312740300
.335040300
.290609100
.321226899
.322535100
.323595600
.292627400
.308939900
.305823500
.326132400
.306007000
.281318800
.438627001
.368752900
.414726500
.379570900
.313053100
1.913535900
.664757800
.334021300
.444247399
.447212500
.371201400
.409037500
.346030100
.327470300
.304779300
.308721399
.319974701
.302191800
.287070200
.324840000
.330865500
.312381200
.307550300
.283733400
.310980600
.312290100
.317653100
.314689800
.316312100
.307959199
.308563900
.318284800
.336810500
.311448700
.295040202
.335100700
.320482000
.300585400
.306281100
.308738099
.330316000
.302109900
.290091600
.288527800
.328226801
.309101900
.322282200
.292445900
.312396101
.332294199
.322818400
.314178900
.308570200
.297322001
.349071600
.300773900
.301949500
.276536500
.302178300
.310812800
.319089400
.297329900
.300471900
.318230600
.336084200
.293661400
.293907500
