9.027247700
31.005906700
6.699845600
7.890046900
43.927409199
4.458334701
5.858247300
8.266941901
18.893142299
20.940910700
3.770181701
3.814951400
7.307458399
5.746218501
8.180073500
10.055868100
8.721650601
23.612499400
7.226599800
4.634531600
3.957626699
6.989659201
11.803858900
30.420780400
4.540985599
5.793417000
5.877064801
17.054182400
20.190094900
27.060827900
6.103969200
5.093357300
6.613189700
8.377824799
10.544052600
29.212841000
3.919058200
4.274292799
8.706299400
8.640954101
30.835380200
5.879175200
9.754908000
7.437107200
11.631056000
33.766566300
5.248748800
5.613195400
6.932396100
6.688658300
12.225613999
24.846377001
18.910547400
3.957439100
3.705064501
8.965049000
33.122517599
3.382862100
9.578123701
6.685104600
8.083867800
7.466450500
30.461879600
7.140523101
4.313525999
5.168758099
10.854365700
31.564194200
11.385526700
4.341359600
5.943132700
6.234072600
12.648699001
22.982083199
23.367958501
4.826214200
12.461444400
12.828757800
8.320531500
38.499002700
3.914914600
4.746139200
6.203323100
40.017724100
5.739427200
9.595450800
6.767482900
10.969148899
23.737451201
18.513100300
2.910780700
3.226750800
8.140361000
16.357859100
18.713383400
26.042616800
4.453725799
8.648345901
12.290586600
12.064484000
40.493499899
4.569587601
4.338345300
6.808851500
13.550580000
16.539062600
38.714497800
4.612369599
5.407380101
8.083594400
9.454951500
37.536437900
11.141691800
6.052578400
18.247568900
20.277345399
27.502856701
11.179947000
4.628340800
4.826988500
11.059475200
10.164605800
47.156678899
2.804284701
3.516732500
3.453789300
3.101161600
7.278648100
7.451374800
49.061403800
5.440990900
5.379673300
4.870127400
8.147693300
36.571044500
19.516563301
5.958994200
13.065892999
9.069875100
17.990403501
38.084581000
3.018639400
2.939178701
7.265269600
13.280797900
17.978137000
50.631574299
5.308806900
5.031124201
6.480412400
4.914001700
10.243528100
30.551715800
11.427477000
9.799144400
57.200010600
4.849249900
10.775322800
13.128386300
11.897960000
37.312725800
3.252169200
4.827366800
7.766146699
10.864574501
8.580452100
26.641502300
17.642172100
5.060611900
5.375408600
4.534503400
10.530255100
42.435746500
4.187657800
6.033407100
13.685184299
7.992494000
46.029739000
4.282054399
5.496628201
18.327934099
10.053816901
50.284261100
5.865463300
4.552947300
6.339792100
9.565065100
33.437876699
14.535963999
8.853590401
4.903778500
7.031989200
8.656250300
29.205399400
12.152503700
4.115171501
4.591653800
13.048017100
36.806736999
31.891725300
4.152722101
5.465170400
8.542974200
15.693159300
45.976792800
3.659471200
5.955414500
7.871956200
13.320054100
27.852391700
26.401541900
5.970563900
13.488132500
7.057983600
12.263209500
44.299531000
3.204912799
3.324692600
8.841870300
10.415891600
35.626478900
23.768696299
4.036976301
5.364662700
11.175172600
11.127435100
39.769502799
18.919401801
4.506158899
7.134406100
6.484302301
47.972458600
4.433888299
3.822632801
6.529869401
9.869399200
25.919865100
47.012748600
5.134757000
4.033105801
6.156479699
32.115519799
12.998565301
4.129244700
8.065190400
15.508505100
33.521246200
21.339233300
3.763988600
4.276933500
3.726882100
12.975145100
24.031177800
39.718005100
3.092631100
10.631108400
13.877004200
17.774981300
44.734367900
4.126986299
3.898334700
3.951956401
4.951434600
6.647648000
47.209446999
10.456139901
4.291525600
4.273957200
4.904895599
10.964476500
49.452461501
3.106944399
4.324396601
8.386832800
8.915933500
46.247434700
11.004085500
3.837682100
6.387761100
4.988249500
15.274613300
40.425560299
5.008523801
3.061333600
4.553574200
9.595279999
13.976009601
50.861659100
3.315192100
4.136669700
12.929478999
10.874564401
54.329485700
3.901310300
3.459615300
5.158492000
12.086906300
32.338653200
39.245901900
3.349752900
3.245652000
5.550083699
7.628089201
14.435864200
48.061105400
5.383711500
4.030433600
12.745042100
15.238958500
42.062479599
10.008754301
3.371111900
6.896691400
22.749740500
8.946325200
44.412480699
19.974749800
3.043754700
3.256776400
6.826072101
32.492938999
30.788992001
4.117855300
6.409854300
7.437996400
10.299660000
55.459253700
6.199537200
5.819357900
4.926390700
3.921523400
9.483556400
57.275385300
9.293062599
8.881923001
19.451435099
13.893772501
43.387075800
3.739614299
3.595972401
3.913228000
7.268071500
10.868159100
43.587572100
8.408074200
3.626438000
2.902484200
7.858490300
10.406176000
38.208782700
19.146433500
6.332912200
15.218061899
9.984474601
42.166870300
24.288400700
3.595196900
5.053455800
7.935365600
16.018309600
51.516453800
3.403854800
3.598049600
7.013033300
13.038509900
45.005816899
8.780281200
8.862203899
14.436630201
8.533114600
44.354199300
3.030433300
3.233828400
5.091199100
13.168882100
17.651636300
42.879158999
4.961036001
3.850620600
5.264091000
11.882026400
51.834203700
3.173892000
3.423184700
5.919412999
7.064624401
36.770375800
19.142933701
7.077964699
2.982153701
4.266545100
14.265103299
38.732988901
10.706109100
4.325843700
11.773611700
25.175820400
44.828643599
4.042349501
3.443619400
5.214689500
7.641557600
21.917200600
37.833762500
2.841791300
2.916487500
9.932141800
12.167843200
37.298381400
21.832100400
3.598285200
5.283588600
11.750177100
19.917467700
40.933267800
3.958585501
4.670986400
5.907849100
20.652703200
46.154200499
2.911189400
3.643841501
3.905947600
7.653789800
37.329349300
24.751667400
3.275326700
5.248713300
3.589229399
7.949627301
36.873833700
16.139104700
6.012432700
4.406271900
12.074880799
31.581917900
28.321610801
3.442397199
5.402504201
10.508533400
20.072031000
41.742847800
4.117034000
4.017540001
6.212949899
12.355917500
16.572128500
45.356971299
3.710120801
4.143866800
8.056540100
14.468226700
49.286070000
2.920583300
6.093193500
4.872452300
11.566867000
24.511321300
34.442884199
2.939051901
7.113894100
8.069764400
15.025241500
21.108103599
32.044314701
4.677994800
11.062269600
11.144641100
18.650742700
41.195714600
3.638849600
4.686276900
3.914504800
8.180205900
10.815189899
48.273085101
8.648985600
3.659039400
3.767055100
5.415000500
11.291284900
49.541482899
2.981649600
7.734206200
7.056321799
9.337256799
7.797803700
35.136909000
12.347826900
5.195919000
7.304277200
13.145276600
46.320826200
5.490380700
4.030521100
3.979277500
5.176454999
7.131564801
32.626566600
27.280367799
3.924802701
5.133558700
7.942763499
33.130631500
27.688539000
4.093833701
5.256290400
4.394029000
8.726183400
20.044225900
42.882531399
6.252352799
5.929902199
13.982996101
42.121334600
41.491356100
10.376677300
9.455919400
6.597664200
12.106700799
34.741946000
30.536940201
8.967897699
9.420111801
13.226201999
20.826132101
49.734667800
4.674322700
12.140169300
8.105598499
20.312945601
12.965878599
46.893555501
4.669070200
4.310697700
5.721166400
14.448924300
40.133126500
23.237382200
5.128631700
5.167989500
6.086091400
50.301598300
3.634201900
4.965476899
6.818917801
10.551982500
27.602066000
23.821564100
3.892830000
4.181460499
12.379561100
23.093083400
39.580513600
4.792174401
4.057924599
14.037099099
16.101414500
40.793821000
4.112984000
3.928532699
3.627687500
8.162943101
23.911238500
37.530146600
3.810425600
4.092088500
6.124946400
15.649988500
35.068627200
21.886821600
3.575196800
3.564616099
5.725917401
37.966839100
23.644427900
4.002336200
3.581212500
5.225311600
13.672378300
37.437387100
12.441205000
3.562158300
11.541961800
13.969067900
45.518756000
5.584258700
4.048705700
3.469707700
3.055864200
5.130489200
5.069324100
44.833654800
3.054985600
8.535786200
12.780863600
14.214053700
14.066490399
51.266425701
3.343302800
3.249149399
2.889218700
4.133829601
13.853775700
42.266009301
4.546942600
10.417365700
5.359938700
19.942782900
16.438143200
40.651690899
3.940426101
3.637799000
2.772347400
7.071776000
6.683752900
10.609798600
40.845605000
2.286291300
8.713631700
13.436827800
17.782059201
47.420526800
4.271235999
3.058814700
2.699311700
3.207172099
4.306654801
3.952811200
42.288072400
4.210198200
4.607226300
14.128329000
7.235113500
13.074998300
25.653270499
22.574576701
4.894652200
4.069227999
4.260148900
10.839914000
9.858449100
43.516732400
3.923874500
7.355028200
3.945689900
9.148145300
41.113451100
18.624848300
3.261864300
3.398144100
3.955122800
2.980471300
2.342106300
5.463535800
8.976015400
38.410717000
2.727261700
8.662797200
6.722101000
8.095133900
12.079687000
34.983572000
3.907107700
3.430363000
2.950618700
7.334429200
20.087208200
12.814855000
37.510917700
3.270221500
5.567339000
6.441653900
7.874711700
7.243934700
9.926122100
13.452467700
31.711157500
7.595357500
14.782255900
14.184421899
17.887513400
14.462921700
22.281889200
31.380285799
3.437857501
3.375302600
3.925973700
5.312967300
4.849632500
16.989934400
39.851856501
3.407142299
3.055143500
9.113289100
11.798409800
35.637445600
3.386410300
3.314194800
8.289165900
13.201748400
11.249295600
9.593699100
10.508160000
42.381911000
3.671225100
3.843089600
12.341434600
20.445742800
24.734683000
19.530936599
17.443225001
24.063434200
6.461731300
10.383427300
16.140130200
37.625411101
3.818865699
4.247178401
3.772590800
4.720771300
3.453792599
12.046994901
11.869965800
33.832104100
4.045124600
5.104411500
9.297065200
6.095822600
9.959755999
5.960245201
24.566024200
19.264608200
12.015299300
7.002425400
14.674288300
16.466659000
15.773212000
9.428255300
37.114836000
3.306668000
6.295104100
9.911952200
11.200079500
15.064430500
39.050032000
2.965755799
3.242096001
2.773777000
4.415684700
5.769161100
7.780116500
27.404074400
11.432053799
2.583141801
6.767449400
5.834332300
8.889333500
8.465776699
7.449808201
34.382960700
4.942238600
5.479895399
4.977309401
9.440581700
10.088653100
12.086957500
9.787486300
7.846504099
29.300408701
3.435197400
9.371281800
14.479309899
16.802539301
14.167578900
16.803127600
8.113822499
26.794544401
3.838989700
9.982060300
11.108243899
14.491480601
8.283671600
8.941246100
31.869544000
3.451073000
4.167819800
4.540191900
13.815880100
17.483814899
13.845242901
28.170719900
8.074129800
6.054444300
5.287640100
5.817643400
6.406036000
9.419430100
6.999922000
38.147251900
2.966409200
2.991131500
3.894113200
5.836309800
13.138125300
12.361280799
7.152413600
24.525610301
19.459253000
3.573095100
4.608009900
16.018414500
15.114820800
16.704262500
20.153746599
3.809366801
4.477432799
3.819340901
9.780869300
16.231957400
11.734075600
8.148570599
30.136847401
3.168740300
10.934615700
11.143873600
8.019221400
9.010082400
9.484471200
25.416124500
2.991599500
4.231752900
2.262809900
2.942078600
3.141864000
3.696131900
5.127790200
5.968831600
11.640590099
13.670180501
4.744702899
11.275392601
18.720840600
15.048486300
13.137773800
24.951944699
4.026843501
3.495913700
3.315158400
3.798771800
7.537472300
10.260008099
14.379691401
31.195997000
3.561911200
11.041820500
13.936025700
9.187518900
11.341881300
9.767024300
8.705618600
7.411723100
30.611365099
3.263519101
17.409178701
10.075196799
8.332598801
11.020444100
7.611359600
10.287504600
10.403397800
35.211575800
4.132297500
13.309391100
5.149941800
10.400512800
8.009867500
12.636760700
16.097760500
22.253054000
3.495999000
9.955053699
11.655119801
8.626938000
12.669907900
15.379586900
15.468186800
11.818799599
21.747717701
3.967967600
4.115290300
9.561953600
5.983137200
24.944171300
5.168333899
5.278483701
7.804989300
6.792871399
11.102873201
7.498397101
19.213888999
12.389055401
2.779536300
3.067491900
4.037715600
2.704073200
6.908824800
6.111511700
13.416426400
23.487445901
2.753186700
6.447695000
8.000518200
7.090339800
5.327658500
4.659413200
6.655754000
11.859509100
8.647385300
24.495204799
2.655311800
7.467261100
10.321029400
9.470984801
12.469460700
12.793093099
13.356144501
17.594867500
3.796020001
3.254984200
4.726484800
8.451591100
17.159120300
8.036248900
9.475863200
29.204277099
3.478125400
6.187307001
13.825077900
7.470718601
6.648904400
21.325794100
4.443807800
8.649991700
9.587666400
12.274897100
10.573295600
8.276752300
10.330857000
8.665932400
17.886758400
18.953890700
13.829140400
11.952144600
12.845340100
9.788280800
17.213644800
3.335248000
4.010693399
5.007003001
12.568109700
11.858912000
12.696384300
18.228638700
5.254283300
4.990568200
6.063719000
7.737259199
11.055807201
28.896361900
2.841223400
7.060958100
3.711855800
7.171620400
6.380558700
8.158413300
10.156242700
37.647630500
2.528223900
4.498675500
5.462014900
6.698919900
6.979634400
5.212659500
4.700674000
6.358388599
10.704684901
20.373734899
2.444817701
6.947532800
8.260012299
4.828665299
8.498600101
7.597843799
7.195608801
8.342551100
7.873827000
6.560473000
10.088550700
8.008931400
