.357871799
.342218100
.359623201
.362037900
.367315300
.353545400
.380877600
.372666000
.370805400
.373788200
.341354000
.392452700
.390526500
.348138700
.358563499
.385396600
.375156900
.367363500
.400074201
.387370600
.378430800
.367404500
.377398100
.374970400
.344879200
.352444900
.391502500
.390893400
.380116600
.354490000
.350344600
.415739600
.365961700
.386532000
.434832999
.389628200
.372849901
.358207099
.381328701
.360767400
.377244400
.347550399
.404303701
.381592600
.395072899
.358892201
.401036800
.376974200
.375371100
.358880100
.366989199
.332272100
.326210700
.336486600
.346213600
.347976900
.344667000
.349099200
.326162199
.352740400
.330516900
.356819000
.333775701
.333417600
.368502800
.355070300
.340056100
.360467100
.353169500
.346576900
.352463200
.356459400
.348690400
.348712800
.324477000
.322932000
.336755300
.348877400
.342070800
.319835000
.345233200
.341713700
.356510600
.335493300
.369952800
.378757600
.343733200
.331407800
.332525899
.424877000
.368043000
.328603000
.335677401
.367655200
.340509800
.318649400
.316697801
.367920100
.359003700
.337562600
.313814500
.359907600
.340603400
.352694500
.348809100
.360480300
.343422500
.340838400
.344411200
.336183500
.349526700
.343336400
.334921400
.357012300
.321347799
.311520800
.353647300
.353007500
.347876101
.370357800
.319546800
.329737100
.339636700
.341875199
.329935300
.338473300
.330629800
.325041501
.364418200
.326325700
.324151600
.358838900
.331499800
.333043200
.333985999
.316598801
.323413100
.363897900
.348301100
.319393500
.353135300
.344873400
.370195500
.333099200
.330046400
.319149300
.354318300
.354912700
.350306501
.357924700
.352586400
.348475300
.324302900
.368812500
.341392500
.341067300
.316230100
.363284200
.329838300
.342403900
.345595200
.325273700
.344542300
.358198000
.333401800
.348870000
.319090000
.340523500
.343176700
.330863900
.328603500
.368594900
.360797000
.343957300
.349445800
.399414400
.544712100
.480612100
.953870600
.788121500
.372181900
.354390500
.375141800
.381285000
.350378200
.356469100
.323764100
.354233900
.361015700
.342567000
.332292600
.338609700
.364310100
.360296400
.330807600
.345316700
.332213500
.348998600
.331721800
.340502600
.364109200
.334391100
.344597400
.352995300
.357705000
.340218800
.336042900
.343703000
.330915500
.359792600
.339052400
.358925900
.346602902
.361922900
.351538000
.336427000
.326801600
.336259299
.353375500
.341401900
.387674400
.360531700
.331225500
.348650700
.323413300
.332309501
.316370399
.381618600
.343892800
.316463100
.342915101
.387560900
.364300300
.355265100
.352303000
.347464500
.323972900
.355852900
.335727300
.340698200
.353638400
.323702500
.333364900
.347682999
.346372300
.346777200
.356766500
.344140001
.342319300
.354088600
.313593800
.337502500
.349868200
.351443000
.326750500
.348249500
.325667999
.408483000
.366318100
.414929000
.348783000
.335448200
.347016700
.311924900
.390968200
.329128800
.397524700
.360291200
.336672500
.358816400
.355181200
.356776200
.361040400
.382268500
.472885400
.358568499
.350228100
.343125100
.353337500
.342928800
.377525500
.330151300
.352887500
.320170700
.316554901
.358069499
.366631500
.379411800
.334847801
.374181500
.369738800
.336240500
.327008800
.344887900
.371803700
.364406300
.330976300
.333464500
.355579800
.333894400
.327515700
.333840499
.356256900
.377436000
.356303800
.333518601
.345404301
.346344400
.323764000
.335935800
.364361900
.324598500
.348599700
.348679200
.364902699
.339098000
.357696400
.335616700
.328119301
.350189599
.389205200
.440468800
.390905100
.335984300
.340121200
.343075100
.336309500
.339082700
.352749000
.342770200
.349303000
.346071100
.354882899
.366439400
.399963900
.388068801
.364914700
.460407500
.361780799
.379369201
.367652700
.339180200
.328360700
.362270200
.342637900
.346802400
.333478100
.351365300
.360805100
.351759100
.326498100
.350546800
.370838400
.371662300
.312402200
.459095900
.339361900
.388076800
.358053000
.340375300
.346833000
.403544100
.332399700
.340262300
.348569200
.366513700
.396463100
.331208400
.376783100
.392409000
.368951200
.351389800
.381538200
.377389400
.360997500
.341602501
.361255100
.338984900
.328919000
.344424300
.460174299
.455607600
.510066500
.433385200
.385397000
.508532600
.409089301
.459541100
.507836099
.420087801
.378494800
.352902600
.326873600
.367534800
.384894500
.333629100
.341235600
.340282600
.340203099
.370467500
.367239400
.453186900
.456609401
.347543400
.344169800
.342617500
.367031700
.353135400
.431647500
.376599899
.310089001
.361584500
.341803300
.336131900
.339216500
.394243600
.358001099
.327221500
.376663501
.371070000
.325313500
.342592900
.346692000
.379976600
.355419200
.332594400
.359843600
.339181200
.365348600
.347228000
.344791100
.369775100
.329705900
.372268700
.327296800
.317849199
.364407200
.326618900
.326725000
.356340501
.342754500
.353074500
.350312900
.358524400
.351596100
.385498100
.319431800
.375765300
.363682000
.341891600
.409374200
.352691300
.331259599
.357395900
.672345400
.353588701
.450326400
.338526500
.351981100
.364770000
.326141100
.353841000
.370014400
.308716200
.354503900
.376373200
.331793400
.337309300
.366065401
.328306000
.324831500
.355749500
.315844000
.329715700
.343664400
.332554800
.354871500
.345372700
.349231500
.335320400
.387268300
.349868500
.330754000
.335580800
.333292000
.349124800
.348869000
.349793400
.332351500
.350457800
.344250900
.340426200
.344018600
.335725500
.345054500
.347780800
.364785300
.348370600
.374397900
.332247300
.454541100
.368277000
.347391300
.340289400
.348066300
.325689600
.350014100
.404301200
.329905300
.332995600
.348956300
.363339100
.342852600
.359210500
.397893200
.320045200
.368510900
.380644000
.342350300
.345719300
.336323200
.324952200
.348748900
.311125900
.341255200
.331711300
.325165800
.328988299
.337947500
.368112200
.331120800
.324807801
.337786200
.349759200
.334926500
.347835799
.330948601
.344111300
.334526900
.336290000
.328459300
.368529800
.335718400
.306793000
.371158400
.431369700
.409611200
.366577500
.324819600
.363098500
.352951000
.330504100
.321679000
.346303700
.361623900
.331539000
.314645400
.357021700
.348718700
.347606000
.324332100
.322305699
.373478200
.370962400
.312070600
.324764201
.364356300
.343130800
.325318100
.338540700
.319134099
.354060700
.345756800
.340684700
.344271701
.359995100
.360763600
.322184000
.348268100
.332066300
.348219000
.336392600
.344360200
.333138100
.355357300
.334024900
.313772400
.367855800
.348499300
.381622000
.392761700
.355294900
.335003300
.448517300
.347848300
.371083800
.348105200
.309295200
.343725300
.336254400
.334843300
.289303500
.334579900
.360604100
.376561500
.373569500
.343624000
.344862500
.348511400
.359074200
.328161500
.359096200
.337092000
.351101600
.340352900
.346251800
.340700100
.350318599
.356811600
.343959000
.332353500
.362791599
.345801500
.337995800
.353095100
.352032601
.338739000
.345907400
.333288800
.333227900
.341522099
.340077600
.339699200
.348490500
.341130000
.333414300
.352403400
.339310400
.354376300
.351198000
.333888200
.343991700
.344959500
.341746900
.315754300
.344595300
.338650900
.384590799
.351136400
.318788200
.332566900
.340366001
.410265600
.346926300
.353369100
.367618200
.360747300
.348280200
.316420700
.335874000
.359868900
.383074400
.332407200
.341932401
.382223300
.345123000
.345956000
.412564301
.360859899
.355347200
.331994700
.353375901
.364264599
.378768100
.330359500
.361108200
.393126901
.324922900
.352812300
.362277600
.371344100
.359553200
.358479000
.333315200
.366706999
.337142900
.343318300
.427509000
.385660501
.342628200
.343150900
.325068400
.330439200
.379256200
.344482400
.340967600
.351669599
.324818701
.330233200
.330572900
.392298100
.349672100
.331226800
.351222800
.349229100
.330962900
.392950300
.367213700
.325442400
.343042000
.364089700
.336151000
.350215800
.338598999
.329345600
.352774800
.355552600
.335310100
.381823501
.324739900
.339152800
.329719000
.327614100
.346597600
.332720700
.320224600
.384101900
.411947700
.346183900
.311097500
.321572200
.367387500
.351096500
.349759900
.334870100
.381406300
.394545200
.331360100
.341024400
.354875700
.315321700
.361620700
.336796100
.322140300
.346081899
.346674100
.316980000
.312101400
.341453299
.359406100
.356563400
.312158200
.332589901
.375152400
.339549300
.347319100
.330870400
.338627299
.322233000
.352244800
.336264500
.372579000
.416548700
.324437900
.335601000
.336515000
.354723400
.337774600
.362168400
.337225800
.363867600
.368698000
.332436799
.287828502
.352055900
.397759100
.345866500
.336878401
.382412100
.337474700
.321443201
.375659999
.357665699
.345161000
.368915600
.337656500
.353468300
.363194700
.348868000
.316758499
.365519601
.349422800
.375197800
.359052500
.323415400
.338831999
.363126500
.329242900
.336782600
.346649500
.364769000
.356230700
.339761900
.337431200
.362392000
.376939900
.360122300
.395214801
.356896500
.335901800
.327930300
.389540900
.353849800
.352316100
.353562500
.330920400
.340812200
.362004300
.327329300
.340254400
.384391199
.362192900
.326676600
.350406400
.323341600
.340576200
.328524400
.435109300
.351110700
.350257700
.312271500
.329989700
.335105401
.365062000
.360326100
.323063300
.364568600
.354609500
.324006700
.332745400
.336439300
.344332500
.340425300
.322276700
.327830900
.331374301
.329806500
.332524400
.359416100
.355272399
.348270001
.339994600
.320246800
.337948600
.344580599
.342242600
.356196500
.332120200
.335040102
.335992401
.330293200
.324855900
.332414200
.368602899
.417421700
.334448900
.385298800
.344786300
.342817500
.338098900
.333527400
.365352501
.327710400
.341652500
.457233800
.345486399
.332925100
.381025400
.340091900
.322983801
.377587899
.338743800
.317728000
.340322500
.364837101
.326840800
.353578200
.326437200
.337290300
.361162100
.332096100
.337031200
.324271201
.407155201
.368169500
.362304800
.324390900
.374996300
.366963600
.320634000
.328163599
.338792300
.346517300
.340302300
.334168300
.360315600
.354879600
.361320100
.340609100
.363612600
.356967700
.327165500
.327660600
.357231900
.330731099
.335214300
.324310200
.316346300
.332173900
.330300300
.354929400
.439759300
.355764100
.372194800
.335376500
.338803300
.348427600
.345622200
.324981000
.322086800
.340354400
.327275000
.345135200
.356616900
.308838800
.333022600
.306665500
.379207400
.368979700
.340707200
.326137300
.350844400
.371082200
.329245700
.320376100
.344180700
.342491400
.332417700
.318501100
.351172000
.364584400
.336682300
.339390000
.376757500
.334609500
.317378200
.346482901
.371005100
.330040700
.369237900
.331058800
.325553900
.352185300
.329835400
.371518300
.308927900
.353517800
.331988100
.398626200
.331882500
.376728300
.355435200
.335190000
.352111701
.371807900
.324008100
.369970300
.352296399
.421778901
.340505600
.353690300
.350397900
.386669900
.350342400
.346502600
.326349100
.340176099
.368566100
.330183300
.347001800
.303500001
.379822400
.331727700
.344052100
.341249200
.323496200
.364200700
.357659900
.338814800
.329819800
