.424482399
.432166200
.422687800
.455623001
.428351300
.518059100
.460496600
.510301300
.410965400
.420227500
.426958200
.456257600
.423554500
.448973099
.416905601
.455199800
.428694200
.452245300
.412582200
.401507700
.444424799
.407772700
.420293000
.391702700
.451604900
.487459800
.371204200
.405559100
.373888400
.360810700
.420908900
.385478400
.424618800
.375757100
.387704699
.417379200
.412434900
.400592500
.410326800
.451831800
.418174100
.386779400
.465559000
.434878000
.414510599
.577570401
.450624600
.373819100
.437062200
.467787300
.355097900
.352356300
.362875000
.346034100
.401417200
.360130200
.405636300
.391521099
.342912600
.388962000
.383962401
.387913700
.383207500
.372357900
.407044600
.360581000
.364421600
.391065399
.344124701
.443409300
.368589300
.364695801
.428278500
.387285300
.381978600
.397129600
.372845400
.350933900
.344774500
.368453599
.405812600
.373319100
.328188800
.414105400
.424467400
.424496800
.355566500
.499762301
.405702199
.357290300
.364451701
.360250900
.387463100
.383591800
.354323001
.400926300
.420919700
.353290900
.403009100
.364237200
.419072300
.384173200
.391344500
.345044700
.360352600
.362662400
.384349199
.363609600
.359070700
.378567000
.386043301
.400457700
.371783900
.384175500
.374435100
.363817400
.370484500
.340701200
.413348999
.354763500
.392535300
.360250900
.358992500
.389150700
.358779200
.365988400
.409323601
.429704900
.392307600
.378762199
.453475101
.366663800
.384275300
.407871700
.357792400
.369680100
.380405000
.395622800
.400666100
.383715600
.381865900
.421397199
.391532400
.368176300
.384308000
.375190800
.399675100
.364517400
.374546700
.385899901
.385245500
.390725500
.359621100
.424178300
.407806800
.386700400
.376528600
.344286600
.352426000
.390428600
.555763800
.382983200
.432093800
.380852600
.360846500
.395678100
.358011500
.380715801
.400207800
.385373800
.362420100
.379166100
.561139300
.369569100
.428648400
.336823899
.384260400
.368801300
.391655800
.407637801
.423364500
.361972800
.334906001
.377583000
.358283300
.386800800
.370093801
.381214900
.360778700
.404505000
.371661599
.387808000
.411619700
.387022600
.392702300
.370394800
.375623100
.345664100
.401401000
.366560700
.392122200
.395953100
.364938500
.370917800
.397961200
.332382600
.376322700
.403056500
.379695600
.395649600
.404265500
.393503500
.380778300
.399709500
.395569400
.491956300
.435340900
.363460599
.403484700
.392060700
.362518600
.368977101
.368598600
.354918400
.424072100
.383142899
.378699900
.352190300
.386186700
.350019501
.392079300
.344524300
.336739900
.360647800
.382022100
.383864800
.367497200
.396605600
.417086100
.414346200
.410364900
.378640399
.398443000
.426039900
.427487901
.381303500
.418663700
.327533600
.411160800
.399717900
.364700200
.374794700
.396074100
.370729700
.326116000
.376841300
.383871400
.487343200
.400494800
.371159400
.380974200
.385127300
.370886100
.400166900
.355234300
.376492200
.388064400
.405878900
.377269700
.375597700
.404273200
.406766299
.377823800
.381420600
.352193700
.350371001
.401126900
.339499000
.380431800
.424391500
.340023700
.414400600
.366123200
.369096700
.367368100
.375682600
.360387200
.364499400
.455159200
.359614000
.374571100
.381037500
.359158000
.351759600
.367270601
.405662399
.388249400
.383088500
.382581299
.445950800
.429680200
.360080500
.404796100
.386312300
.371565100
.379115402
.396687600
.411589400
.385595600
.378886200
.402296500
.416792400
.371675700
.348285400
.380939900
.390812200
.355160900
.363583200
.412023800
.358060300
.361950600
.431348800
.374071500
.391593800
.374933600
.394186699
.393383500
.512146000
.370644900
.376292901
.369711600
.340181600
.354585800
.423157000
.385443800
.383588000
.392354200
.431009200
.388014300
.364458500
.350490000
.524783300
.456299800
.384057401
.391865900
.407312300
.375435400
.387067400
.414561000
.416876900
.374211600
.421062500
.399875300
.374258000
.391617000
.420474500
.407086500
.352866100
.381587700
.413886200
.399547700
.377837000
.397522899
.368173300
.391799900
.352180800
.366834500
.383328700
.340844801
.388022000
.400265000
.334064400
.385737399
.340201100
.364369100
.398631800
.444158801
.363605000
.369606400
.369400400
.397231900
.388620800
.401855700
.503922600
.448139800
.365287600
.449321000
.389934700
.362322600
.381466299
.431966900
.372372200
.412887500
.387965701
.396792400
.352037400
.399010199
.363547401
.363059500
.379262800
.378003699
.397114701
.365054300
.378480600
.372193501
.350930300
.356476800
.351172200
.438874500
.416084200
.349581500
.381665800
.347913100
.374783000
.361919000
.341969499
.375514700
.471457301
.359152200
.380545500
.451359699
.355588000
.388110700
.396324500
.395667901
.587394000
.361166300
.388676700
.408995200
.405410800
.367552200
.409812200
.388948600
.388756800
.342566100
.427057899
.407636900
.397336800
.393556401
.385641000
.383764400
.412289000
.359301501
.425666400
.383372900
.407654200
.400756200
.406783500
.349136500
.361511300
.375670399
.415809500
.351816600
.352407300
.365045001
.376168200
.435083100
.391987900
.375404700
.391486600
.392309900
.382095500
.402177200
.398874900
.398092400
.409438699
.355535900
.396953000
.386007900
.443712200
.429221800
.370512100
.374744300
.449400602
.431878300
.425836399
.401713999
.429109000
.367345700
.409452500
.404283000
.403964000
.372283700
.394630100
.435781899
.381245099
.393441500
.358926901
.391536800
.387943400
.372065700
.358733499
.393399700
.370366300
.360482600
.423816101
.368875900
.374595400
.404491600
.382938300
.392935300
.379440600
.385579400
.401850899
.383964800
.348106200
.348679301
.380978800
.506063500
.409421700
.419330499
.460205500
.403395100
.430247201
.371446999
.415202001
.406387000
.369442100
.360841500
.383594300
.362529100
.393165600
.368813900
.369276500
.393901300
.364060200
.379768500
.383437100
.395485500
.415413400
.367233600
.365400000
.370522800
.356551700
.392165200
.363891400
.367012500
.417135299
.390654100
.400919900
.384900000
.386839700
.390731700
.376255400
.375877700
.361657100
.385293100
.380250401
.363532699
.393984700
.572627100
.478438700
.400591301
.404380100
.407462300
.364455500
.428447299
.454400500
.401683900
.388865599
.418366400
.403071100
.332413800
.527487901
.370874700
.373686100
.464474100
.407824200
.340262600
.388309800
.450706800
.370819300
.372863400
.375697900
.382623200
.389751300
.354887400
.409319300
.415658900
.383296800
.404093700
.379555199
.357159000
.354315300
.368984000
.376160401
.371668600
.384602900
.380059600
.364006300
.395008000
.512360700
.383988300
.390223699
.386782000
.359993800
.337571200
.504113801
.420184600
.420207600
.378297200
.353593400
.385358100
.361516400
.354690000
.404709200
.453980200
.540608899
.500136500
.679986000
.576754901
.570199000
.495756100
.629886300
.451086400
2.087434200
2.584180000
.408238400
.381680100
.437415100
.373949700
.433318700
.383623800
.424587799
.346928200
.431848601
.387410500
.380181200
.394609100
.404500699
.391105200
.398983800
.364796201
.359443800
.376288300
.348711800
.423096800
.405887000
.332782700
.358622300
.352419300
.359122800
.378798000
.385145100
.440359300
.354778200
.357973800
.351799800
.336604900
.392041400
.376255300
.351229000
.343936299
.363441000
.377803400
.372117900
.352721701
.383239600
.387616600
.380097500
.380246300
.373583200
.398689800
.375880500
.363251500
.377055600
.347328600
.385921300
.389364799
.482955500
.392701900
.366233701
.404629100
.402802000
.385546800
.393513601
.376674400
.451163700
.374500900
.393969600
.385176400
.409764600
.362661500
.399166099
.379389000
.387701000
.387119302
.397257500
.382482400
.372922600
.360420900
.425700500
.428529399
.376516701
.372777300
.431726000
.367647100
.418635100
.456023700
.395767900
.364279500
.365029600
.379057199
.389850000
.414397600
.374197100
.397207901
.402569900
.381403000
.343208700
.403813099
.407972200
.359084500
.400313900
.372958100
.395704000
.384282000
.374673300
.353227600
.381512300
.338051500
.377151700
.410889400
.420035000
.363358800
.418037099
.363352200
.361982000
.401741700
.375331101
.368502400
.414948100
.368338900
.397284900
.389466600
.372057600
.375067200
.415366999
.396464400
.411793200
.417386200
.372645200
.379043200
.376937500
.434852900
.347982900
.432307900
.381945400
.387251699
.401894900
.348418500
.364081100
.412477801
.389167000
.492030600
.422552700
.363050600
.349787700
.390737300
.375098000
.430143000
.361359600
.384565800
.404608199
.390877800
.368941800
.360262900
.379593501
.364252400
.347775200
.399053999
.383058601
.361660900
.370296900
.397042801
.397269000
.379270400
.372592400
.352253300
.370854800
.342310200
.372157700
.383023700
.412210499
.339988900
.396377900
.389876100
.364102000
.365345300
.435117800
.413435900
.408694400
.410658500
.340775800
.388966800
.362013501
.338389700
.376254600
.406335599
.442411600
.374966300
.361867100
.395832900
.424668300
.515629900
.351230800
.380757000
.355189000
.356492100
.389214200
.342813200
.379713600
.369710700
.420038900
.428905000
.386781600
.347579100
.432343999
.419999300
.347478300
.380722500
.380565001
.404810000
.386550000
.392164000
.401434000
.422479500
.385426900
.390557399
.399068300
.376300700
.366448300
.365373501
.387757600
.447124700
.334915900
.356459400
.368775600
.422874100
.425369200
.380168500
.390114300
.409113200
.352089100
.359220600
.365776200
.369296200
.368462300
.413736899
.384652000
.362727900
.348289001
.402764100
.358661400
.361792500
.352115600
.370815000
.419827000
.371891400
.443237499
.350326500
.380000700
.390895300
.434355200
.400090300
.370277000
.390997100
.392377100
.438975100
.420036600
.376235501
.392839400
.358280000
.399490100
.344317300
.387345300
.381979800
.381398100
.403120000
.395168300
.382816100
.403698200
.375615200
.364935700
.372623100
.375963100
.385893000
.423863900
.381014400
.362373300
.365242700
.353736100
.371997500
.372697100
.368574800
.414278900
.367391000
.364660900
.380259900
.410082100
.404902600
.353014600
.412850800
.403762700
.357603400
.399027200
.375276300
.403731800
.402857000
.377557599
.385865700
.393332600
.405765800
.348272501
.398660100
.403628200
.361222700
.443446300
.382401400
.375345400
.400533200
.383988600
.398950800
.355957000
.353060200
.390282100
.354048900
.403083800
.380348000
.397111500
.379231200
.354458100
.400277300
.434724700
.384157000
.344621700
.361902800
.371247900
.403932700
.347723699
.377143001
.406701600
.367491500
.360323999
.407246200
.362926600
.364815700
.361833100
.385398201
.423452000
.392465300
.378001901
.406715600
.373256400
.391617400
.392027200
.422835700
.362870300
.387775900
.522244200
.376250600
.370457400
.375247800
.385012600
.376466400
.359323400
.406835300
.413969099
.381149400
.389194400
.377948600
.402760800
.407096600
.356548400
.369084600
.363248500
.370227300
.375452100
.358935701
.396642100
.399015800
.341451400
.405099799
.370001400
.376298200
.342707300
.398913101
.352983900
.332349500
.396422800
.371938300
.362051000
.392388999
.347091200
.400386001
.378623800
.370700400
.354322600
.398709500
.401197500
