.844759000
.872121801
.832810500
.850776499
.911985501
.832735798
.874497300
.854426201
.845160400
.858126199
.843935801
1.094328600
.938850600
.893415299
.841699200
.846233601
.864752699
.844850101
.867401400
.891644400
.840198299
.865180000
.868325300
.857068900
.865286201
.828121399
.866037500
.821574901
.877989699
.840091301
.897008300
1.007517199
.824809801
.863387700
.867230700
.820295200
.847209500
.818254500
.926239600
.854768100
.847657900
.832634100
.903815000
.818871600
.854410399
.823603900
.863554501
.825828500
.923329300
.823041500
.881074400
1.112490799
1.295677300
1.372980301
.804594300
.862770699
.841770400
.994354501
.891431200
.903925300
.893662099
.891109500
.827859701
.864149199
.826115500
.884040201
.993908700
.839137900
.973126000
.843498300
.876602200
.817062900
.859657699
.834753200
.844251700
.876107001
.996639500
.850919600
.870900700
.859472499
.875256800
.856860100
.876105501
.862101800
.798805100
.839752500
.851968300
.866409300
.847796400
.842305500
.867041100
.887363600
.835263800
.838653100
.887636600
.938557300
.834306500
.879692500
.846157999
.815480901
.848647500
.853996900
.849343700
.833153500
.851872300
.857915900
.864230100
.858232900
.826562100
.823281300
.893512699
.816353400
.844538301
.842248600
.857101800
.844961800
.882110600
.824092600
.859644900
.822977400
.851158100
.847644601
.858075300
.913342700
.844405600
.846340799
.835101501
.853049900
.871113900
.852287000
.852429800
.870594700
.838267900
.815270999
.863249901
.874344400
.872714900
.858489199
.835112000
.826721900
.897105200
.880139300
.940344100
.814622100
.830366501
.862988300
.845865300
.891948000
.836398899
.866539301
.814883600
.816007699
.848822801
.939612100
.864477099
.862905000
.865923200
.970780600
.843010901
.894459200
.851850500
1.075743900
.853410000
.834010500
.896606900
.836897300
.830323300
.894864300
.834325500
.846073599
.820828201
.863229100
.839400500
.842911200
.835431700
.853575200
.907247600
.843868299
.843085900
.850877900
1.058031000
.853346301
.920117400
.844100700
.859437800
.837181900
.907829000
.886376200
.875495400
.904892299
.830453500
.842756400
.886287300
.842183400
.879414300
.824195399
.823240501
.875373399
.833115101
.927327100
.804670800
.871660000
.882363900
.811769800
.812398800
.933338800
.877381900
.836030000
.855431500
.851438200
.836752099
.929909700
.841677700
.858619400
.860306800
.854605199
.873436600
.850449901
.883824199
.863878400
.823372001
.867413100
.827280200
.808444500
.819602500
.872040900
.887867500
.846551700
.825600800
.879311400
.846639500
.889625499
.978561901
.826944600
.823334599
.828503600
.848165400
1.075568801
.817446700
.824634299
.860099200
.813830501
.872255000
.860188599
.859957501
.829019200
.851519800
.810513700
.904487799
.839064600
.840297401
.963784200
.856101800
.868258099
.860186701
.884276699
.927285300
.829058100
.835815299
.864648100
.823197401
.800591800
.891739600
.951817200
.813035700
.954097899
.849388500
.874616300
.859421701
.833031300
.902859800
.815180200
.824059100
.860312100
.871520599
.964207701
.851534399
.831839501
.906592800
.856995900
.814820500
.871602599
.816456200
.838432300
.883972601
.836791100
.851545799
.852154001
.827846600
.883657099
.908403000
.842580000
.876825702
.853824501
.903395000
.869995200
.808846300
.820300700
.849379099
.811113601
.850933599
.847222501
.816146100
.849108100
.839018100
.817178000
1.024966600
.909977099
.865505601
.845168000
.943472700
.819748600
.866226000
.976735900
.870558200
.823359000
.932243800
.848564700
.839782000
.960010600
.799931800
.835731300
.902335900
.847491400
.853372400
.854250200
.854770400
.859791500
.868203100
.830755100
.926588799
.860232300
.893244200
.887760802
.839153300
.855191100
.850650400
.844134399
.885298900
.844523001
.814284500
.903508199
.850269801
.868183200
.841615400
.845124000
.811419700
.834360900
.862291800
.936889299
.819761200
.875576801
.825366300
.852374500
.877458100
.848247300
.841677100
.894677100
.844795299
.816718801
.835653800
.849020800
.847838800
.823650900
.869216700
.876817799
.844505000
.859836801
.862083100
.847057600
.968133000
.815175200
.861725500
.895932399
.854260899
.814712901
.912823100
.828077099
.836260000
.836023601
.817937700
.815596900
.850809800
.852285100
.837798900
.815824500
.854128499
.831262400
.839763101
.895566600
.849237500
.844203200
.830273200
.831616100
.870334800
.833944900
1.034297400
1.484792700
1.099172800
.851241199
.857733501
.918802300
.958155699
.862251800
.825336201
.856874500
.820353000
.993367200
.819672900
.837030300
.847810400
.847300099
.908363501
.867998900
.822541900
.847618700
.814386299
.822059001
.872025300
.813905500
.855816500
.816218699
.906820300
.847726901
.829730200
.851061899
1.002267001
.836615500
.901901700
.901335200
.884668500
.860184899
.810691400
.824346500
.868050900
.835298200
.908470300
.887804900
.850858801
.815527000
.826472200
.853548500
.828228600
.852199901
.838872600
1.011920300
.835624100
.811040499
.832743400
.829537100
.833604201
.803764600
.807803900
.890831700
.876874100
.835933600
.858909000
.833558600
.854831000
.865498199
.877842900
.883969401
.871346100
.826983800
.849909800
.877912300
.912243100
.836075800
.859315400
.855562600
.835709799
.851514001
.852347500
.827882901
.890967699
.863388498
.849917402
.908923700
.849287000
.828158300
.902908700
.819980400
.792013400
.814720700
.916503499
.847740001
.887988500
.847482200
.801526800
.895101300
.891839700
.807952600
.840167500
.880847000
.843928499
.883485300
.848417000
.848271301
.862902600
.846281599
.845124300
.860012701
.848436300
.832066900
.905753300
.856942500
.871737900
.846883400
.845297500
.847920500
.923454500
.798933399
.833220300
.866006300
.863962500
.916319501
.843853800
.863465400
.816152099
.862987300
.907000500
.821189000
.847115601
.807496500
.840913100
.854522300
.883337000
.868499500
.875200900
.816250200
.819545200
.935753200
.859929100
.826217400
.874238199
.838931300
.866940500
.836268200
.890791900
.888363100
.882358900
1.059491999
.909439300
.871667002
.822830500
.831947100
.866693500
.813062700
.857258300
.842674999
.938934400
.823850101
.825485899
.851002899
.840178401
.874829200
.880554299
.828187800
.887307500
.872313101
.840431700
.853843999
.887460200
.852668800
.851380300
.804062601
.833844700
.808869000
.848038900
.927305900
.812929100
.812177700
.852145000
.829767100
.924131700
.812777800
.851795000
.883665700
.818194900
.918002100
.818016200
.883321400
.820999000
.800269400
.826311100
.841964800
.850129500
.852945700
.839477600
.823995000
.925101700
.848827099
.848055201
.949480599
.830956800
.823846900
.860874200
.847597000
1.084875500
.831595900
.887821100
.836795201
.835659700
.855925200
.831895400
.871245899
.853084301
.840183500
.846013000
.815900000
.846851100
.813410500
.858825101
.808358800
.809986700
.840297100
.823712200
1.074022299
.882135101
.840325000
.877748100
.891774500
.849466499
.827283300
.824024600
.819267400
.925007800
.849407700
.913300800
.823504100
.875262999
.868889801
.832963400
.856465800
.853286399
.799333400
1.055888501
.862867400
.824321700
.874476900
.787145500
.822464400
.838816000
.837512400
.851664100
.833017600
.819291299
.910608900
.842518501
.811131500
.848870300
.828997200
.888271000
.825108199
.812432300
.916216300
.845486700
.820153600
.829647500
.842665300
.864362900
.865390000
.820838299
.857862800
.868819301
.813682300
.844204100
.817284200
.871892600
.829670900
.856212200
.822669900
.836045700
.885959500
.794276300
.866148500
.864079199
.836072300
.881848900
.879946901
.832059900
.897541000
.864203600
.848199200
.900169900
.856435300
.864107000
.958445400
.815301200
.830456000
.861942200
.888125999
.914878200
.827752300
.894975900
.867420800
.812457100
.912019499
.810275900
.874456100
.840636100
.840704900
.814792500
.898481300
.847852000
.858664201
.930447200
.825528500
.849017500
.870672100
.824184200
1.034322700
.847092999
.846149300
.894439200
.917989401
.870502000
.903081500
.834421000
.887036600
.814003099
.841962101
.893570200
.815308500
.886621199
.919119400
.853610601
.839872100
.854060900
.832285800
.861812200
.844514400
.853666000
.895821600
.834990200
.835787900
.813653000
.818937600
.871726400
.847497100
.847349100
.862872000
.820286500
1.100966900
1.329134900
1.179387599
.883370300
.867340901
.875707100
.824988799
.835980500
.889140301
.857969100
.862000300
.834580399
.830937700
.920017401
.814882200
.815656199
.845372001
.859238799
.842621901
.894690700
.824850500
.831316000
.836292000
.881025400
.870478900
.872077300
.939523600
.903359600
.837659899
.847056500
.864975200
.823044400
.888616301
.800861100
.867234799
.825680401
.805109000
.869327900
.796329900
.862516900
.911487299
.856698301
.837770000
.891195800
.856583100
.901575900
.847186299
.856183300
.844174200
.896755400
.845855700
.940780001
.861100400
.869001500
.879088300
.861014800
.855362100
.832318800
.830013099
.869108200
.840579500
.863398700
.875932700
.916417000
.849028800
.936923601
.847740000
.856388200
.863067900
.820448100
.902492299
.851942100
.847487901
.864377500
.856872500
.866443699
.874942600
.866570301
.870148500
.868614900
.809822100
.897963000
.832356400
.857688000
.856102099
.860510401
.815743600
.822019200
.832326000
.870047400
.873989200
1.001408400
.849296599
.809089800
.814731301
.835817600
.839979900
.871593800
.876942200
.843849199
.838609200
.875563800
.855929400
.845131701
.858881400
.868496900
.823050499
.823220100
.819550601
.879728300
.873213600
.838409600
.813942400
.869121600
.832059800
.828821800
.921791900
.803741300
.839026400
.848943799
.867936901
1.096659100
.799864200
.831576699
.857172000
.883205300
.825013600
.858828100
.829120200
.880719900
.811524500
.804373599
.859600901
.855752200
.864633099
.863543001
.878594399
.835261201
.832488900
.833094200
.977367900
.828562899
.871069200
.881906501
.865513900
.841808200
.824060099
.828720501
.868949099
.859579900
.881352801
.819094700
.832690000
.850246199
.831292000
.826450001
.977094599
.854335600
.855426401
1.007122000
.837987100
.867992900
.873828300
.815066000
.856681000
.861201900
.871817300
.848355799
.857189001
.876042200
.858574600
.822213700
.826492199
.837702500
.852675200
.846630000
.889570900
.862525001
1.129038900
.969916900
.836936500
.850347000
.815998800
.832209300
.845127000
.850487900
.858011100
.837250500
.845444000
.855020300
.864514500
.866393900
.893596100
.807958200
.799533000
.838251500
.838757099
1.297930201
.868062600
.815780700
.897518900
.861148099
.935302001
.906107900
.818577699
.834488100
.851552401
.820797000
.882486799
.795312801
.817185100
.856842100
.854202200
.861678800
.858412000
.818172600
.882489100
.826452800
.875494100
.831941900
.834494700
.815391400
.832662100
.876628800
.916006800
.843969800
.826542500
.855954999
.854076900
.834745600
.859302101
.848066500
.813235999
.804663300
.816611501
.927093100
.849654300
.803198800
.821684300
.845214800
.853919600
.833328399
.833245400
.851562601
.921633200
.812283700
.826138500
.861319200
.833496500
.847652800
.875015199
.851793801
.885600300
.806979001
.867375500
.851934700
.898483899
