.360988100
.367891200
.378359300
.344149501
.371461900
.386691100
.430840400
.364390900
.369375400
.416077500
.360907200
.400699100
.367190200
.356438600
.362909600
.412944900
.347456500
.365577600
.325335000
.424181700
.498180400
.346682400
.329892800
.356813400
.375037400
.379938400
.331778200
.359769899
.351423400
.365903700
.352015900
.394017101
.386509100
.373750500
.337598400
.380769400
.391043700
.353035400
.356192500
.368827600
.374612700
.367511400
.439644000
.395159599
.360763900
.353281600
.344392500
.377772601
.367575100
.351953800
.351467100
.420979499
.391124900
.397811500
.365043102
.373025300
.369648200
.365310100
.350557300
.369457700
.393415400
.373005800
.402860000
.381263300
.410854900
.376881400
.378860599
.366750000
.364756900
.369411600
.366643701
.402636500
.364891500
.368849900
.391691600
.379072600
.357406800
.366268200
.429457100
.385235400
.377346800
.359330600
.417887700
.405536000
.390323400
.554905899
.382486300
.385670700
.427406800
.388636600
.371061300
.358151900
.360700900
.377142600
.389521600
.355718100
.375446600
.394369901
.366695100
.352382100
.324970000
.401285500
.369059800
.345933900
.365152500
.399555799
.411702100
.379873000
.374619500
.418222301
.386212800
.383812800
.355991900
.422853600
.387342700
.355563700
.373552900
.366572200
.369299900
.375492300
.366376700
.401747200
.391323000
.379172600
.485729800
.379739600
.357121000
.346011700
.450037500
.376289500
.350622700
.348094400
.391479699
.360500200
.376764100
.374037500
.428052800
.370609600
.443638700
.374604100
.374532800
.367660500
.358901700
.352602701
.424431300
.419871700
.370942600
.440375999
.364323600
.383941900
.369687700
.412840601
.434226300
.349290000
.336296500
.368821599
.366536600
.375690000
.359204600
.408743600
.362393100
.386799200
.368374001
.408217500
.386038000
.373554000
.348280200
.375589000
.356835000
.360564200
.492010900
.393295800
.400474400
.361644300
.386209600
.381079500
.362874600
.413928300
.374086599
.367526000
.372973300
.344971000
.390906900
.382791300
.426922000
.376912200
.423764900
.372799000
.381365600
.357395801
.403539300
.410393100
.345190600
.431742600
.410828800
.367587900
.352341900
.405052799
.423146600
.357977500
.357212800
.430052701
.397134600
.395228300
.384666800
.393720000
.374073300
.347936600
.395731800
.404156800
.391248899
.363706500
.644574301
.427714099
.384999201
.370863200
.386949899
.387720400
.398343302
.428320400
.374803599
.372785501
.344986200
.366304699
.365245000
.367754700
.349758400
.377253200
.380787400
.404393800
.339989300
.359273901
.366197600
.401471100
.386003800
.426757100
.420199400
.377590100
.364380500
.412506599
.380203600
.360829100
.328662501
.382201700
.367566400
.352203200
.364866999
.404731999
.383707900
.423718400
.394509300
.393563600
.461847900
.381233400
.500253799
.361154600
.365295400
.390228401
.373973299
.362663399
.340735700
.358810000
.416315901
.380177400
.397925900
.356618399
.378541400
.364391200
.419182200
.342674800
.365071700
.376654100
.379606800
.364457701
.407896800
.424378300
.374658800
.400663400
.381961600
.389119100
.364169400
.377118400
.400458099
.376262000
.372689900
.398905600
.412012300
.355794800
.335387400
.404334701
.386484300
.410057600
.369141500
.438063400
.389119600
.372644800
.700121100
.395544100
.360390700
.334492300
.385544500
.369984900
.356996900
.347245500
.358434000
.387533800
.351748900
.369304099
.385888701
.343498000
.428469800
.466055100
.379836099
.361519500
.373365201
.431955699
.394474300
.389915899
.375040300
.406620700
.428984900
.374425500
.384251801
.388242000
.362883400
.352713700
.368232700
.377032500
.422101499
.372287800
.365665801
.405916000
.380041699
.368831301
.369592500
.351157900
.380747700
.370819700
.611796700
.401036900
.384593000
.405739899
.395849400
.348201600
.358729900
.356621300
.410332700
.411390400
.387216900
.417057601
.389305600
.371040400
.366272500
.376647699
.414033200
.361493900
.363208400
.409888201
.389802700
.372944900
.391818801
.403902299
.355303901
.349174000
.359433500
.407930700
.399611500
.354018800
.375895800
.452415000
.374327800
.372918200
.363938100
.455875100
.378712200
.365253600
.415318800
.379598700
.397572599
.381465600
.443792600
.381429100
.369678000
.360182801
.401212800
.386956099
.353826600
.395413700
.393995500
.364706800
.370139200
.371586000
.385181000
.375224100
.387391100
.366771401
.408079900
.369891399
.377048500
.409514601
.376280400
.410543800
.384311000
.391758498
.393924800
.384922600
.366595400
.377175801
.417036399
.372531400
.344617101
.393751600
.379078500
.372403200
.375011100
.419967100
.359365699
.395101800
.365051301
.394708199
.423614400
.379839900
.404291801
.390031600
.375973800
.365364800
.464317399
.368252200
.350438400
.351701200
.410195301
.363063100
.381420200
.388992399
.389547201
.379661900
.347612000
.371583900
.369074500
.384176800
.403635300
.355753500
.399271300
.415467300
.371727300
.363480600
.411874600
.390548600
.357468900
.383661300
.395596200
.360493400
.355762700
.407838999
.379641400
.379815400
.396899100
.367220100
.407845500
.359270700
.345718000
.367283000
.384539000
.379758800
.368507001
.446832899
.364598500
.369298400
.337921800
.393043000
.355518000
.366129900
.359600500
.387490900
.359805200
.347634300
.387979401
.381313199
.351399300
.391980400
.376747001
.378651800
.364027300
.348717100
.391123100
.376222000
.353964900
.377251800
.376714400
.372477100
.377514200
.363451900
.339417500
.379798000
.369111500
.375482000
.359876900
.366794700
.408493500
.362642300
.351665800
.395201400
.360333100
.364379200
.354017100
.360634500
.390490700
.357597200
.364874200
.491951399
.408358500
.378312800
.418590699
.422216900
.372657300
.367844100
.391600000
.380658100
.348206700
.364668200
.412360201
.436522300
.346419800
.398780700
.372260600
.382751700
.367636500
.340791300
.382903800
.356464200
.379999100
.370754000
.370676500
.369256700
.372942100
.346248700
.414381500
.403402200
.354087400
.352833400
.369733700
.376877800
.360900100
.348336200
.385547700
.347361300
.356928800
.334677201
.381127199
.366358600
.332998300
.351367801
.434301899
.380989900
.376351900
.345188700
.397813100
.380881100
.379658000
.404306800
.389679200
.356335000
.362599400
.437467600
.363706800
.357814800
.388539600
.371791600
.400194100
.380358500
.368289100
.418579400
.378209100
.372067800
.351958900
.400484500
.414972800
.359525500
.348445500
.585471300
.436299400
.594896100
.587881800
.487515000
.557970900
.461560900
.391436600
.382324600
.427481100
.375469700
.399551700
.381286600
.421691500
.412668500
.398958800
.446401200
.381608400
.363839200
.351732600
.429526400
.359473600
.345495900
.413341901
.422276800
.380936500
.349283400
.363694400
.457679600
.386887000
.411937700
.365259500
.391014500
.398500100
.358584500
.436909800
.383357300
.380740100
.361237900
.381294700
.395846500
.367504600
.358860900
.436466000
.374987300
.364428500
.382177800
.371094700
.390385200
.376512300
.358792400
.408312400
.376276300
.368370200
.364023200
.459801300
.366305500
.410927500
.457180400
.411152500
.366118700
.432717401
.374037500
.366712100
.371119300
.442548200
.389325000
.376998600
.435636700
.395545100
.367300800
.372007600
.369435300
.407806200
.385121200
.419244100
.369825400
.364510499
.356628600
.356982700
.363958100
.377110901
.362542200
.363968200
.335243600
.389353200
.366033400
.376845100
.365870000
.423845600
.399225600
.352928100
.379914500
.370077100
.360824400
.367763900
.351796100
.504154100
.363868800
.381112600
.402790500
.412699200
.384928700
.363423100
.377062599
.396600000
.356738000
.364016600
.395310801
.373038200
.397658800
.376442000
.411890800
.377205600
.376716300
.416478801
.410983900
.355100000
.363469400
.369269899
.369898500
.415997700
.379104200
.364229300
.371769700
.357087900
.370020700
.352348600
.370946600
.397334900
.372257000
.332033800
.381569500
.375670200
.362158400
.357494300
.428588700
.362743800
.375858000
.360403400
.434910300
.389220500
.377593200
.379841000
.356747000
.391630200
.349987100
.365837800
.400703000
.355534500
.418553500
.381873700
.358774999
.391992600
.389077100
.385912300
.376907901
.343762100
.353154600
.367854499
.351050800
.364758600
.368871500
.377958001
.408847500
.374666200
.382977200
.366835600
.377748100
.378274000
.364638200
.408639499
.427524300
.369119400
.378394601
.383249100
.391310900
.335584600
.357882400
.450694300
.411418400
.382339700
.463911800
.409388800
.348863300
.353083300
.416686399
.372733900
.373358500
.355982900
.372418200
.386870700
.391210900
.367944900
.396071301
.428105700
.378332100
.338745900
.416594500
.364816100
.392186400
.394126800
.388582899
.347618201
.357514999
.381326700
.361055800
.389687500
.363637700
.391199400
.368942900
.408601500
.360866300
.395774101
.380938600
.347749300
.340329200
.439871600
.411412700
.380556100
.362206900
.372546599
.382568600
.348595200
.380318201
.474938000
.449816400
.357836499
.379018101
.381077200
.403128000
.360433800
.405269199
.373050800
.434213300
.353154500
.424905901
.368842800
.375136700
.375742400
.375822200
.431485699
.353986800
.371110100
.449539400
.370310100
.341293400
.344939301
.405608400
.387555800
.349657000
.371011400
.381483300
.391911500
.368065400
.384517600
.388129300
.362545100
.374460200
.366074800
.399924800
.375839300
.380379500
.371860500
.439317500
.347969400
.337158600
.377027699
.397672200
.375266401
.366617900
.409078500
.368399100
.362281300
.366404700
.372575800
.408441400
.346975100
.397041400
.398958100
.357537400
.362725600
.375327500
.388690899
.396941400
.393794000
.337224300
.386001500
.372433800
.367737200
.333009500
.420564000
.394660500
.356715800
.358705701
.389731900
.345308200
.365011400
.349006300
.418673999
.398758400
.344837500
.399995001
.369112000
.357809100
.392109500
.341217500
.405949700
.371323200
.393317700
.347541100
.407245400
.396554300
.394783200
.406027799
.422033200
.360536700
.356081700
.408901400
.389855900
.363268100
.343226600
.434165500
.371797500
.398565400
.362283102
.399096400
.359648000
.366603900
.479591600
.433185500
.373685300
.368200100
.376955400
.375219500
.358862900
.366272500
.361154300
.384902200
.397057900
.348488000
.460352600
.505041000
.367373100
.339296100
.435936700
.348969900
.381030700
.357896400
.352523100
.373687700
.375056599
.341973301
.512053500
.387003800
.354316800
.350052500
.412597800
.376855500
.354358400
.386717100
.376585300
.344559800
.374648100
.385031200
.401185100
.365981800
.375260800
.372791499
.400411200
.374617600
.364638800
.371855401
.358346300
.369219800
.380501900
.391338900
.379757799
.384720200
.367966200
.370694701
.351793500
.397372800
.334054600
.373297500
.447747200
.407386500
.357384400
.382498400
.380937400
.355351600
.348168899
.383767100
.366466500
.343893700
.361053001
.430097499
.416974800
.340373900
.349003501
.401638300
.407489499
.348029200
.359590701
.369172400
.383591500
.374004000
.427548999
.364758600
.394784900
.349886102
.451789499
.427505000
.421328100
.440137401
.425513600
.408839700
.349841400
.365078600
.372161100
.374700800
