4.148975801
4.025180799
4.001951201
3.550391100
3.534484200
4.073208800
4.034021100
4.009681799
4.232381701
3.986533199
4.019649600
3.785929401
4.244066400
4.126396899
4.434565900
4.021688900
3.838848301
3.827807099
4.023496801
3.454823799
4.064894300
4.153642501
3.185716199
3.742283101
3.800938500
4.121752500
3.892748399
4.023711800
4.009656799
4.327699801
4.066415700
3.201387100
4.023682500
3.782184599
4.194301201
3.998838899
3.700024100
4.055573301
4.186964300
3.931704200
4.048917900
4.011876900
4.161258099
4.209225700
4.001280201
4.073441799
4.113834200
3.985357701
3.913838699
3.790653700
3.997490301
3.733370199
4.220340600
3.412928901
3.613659799
4.082573901
3.806246900
3.709774800
3.271428100
3.967852300
4.093258601
4.101754599
3.738494900
3.749690000
3.826650401
4.025698501
4.000674300
3.244266399
3.494923401
3.741407899
3.327568101
3.475645900
4.072138900
3.527164499
3.726434401
4.127825900
4.079278899
3.434917601
4.004185099
4.195858601
3.497897499
3.978361001
4.069874399
4.057614600
4.141156700
4.114187700
4.045700200
4.119813801
4.071179499
4.098458001
4.040404400
4.696785500
3.473363100
3.717769700
4.178870400
4.001966899
4.019452901
4.129242800
3.912921899
3.726073601
4.105596600
4.121902100
4.101277800
4.025801199
3.867432401
4.169783899
4.157113301
3.876930399
3.726303001
3.787453000
4.154550600
3.165624700
4.090385300
4.385685100
4.058754800
3.256845800
3.949057599
4.050137701
4.137070900
3.738238200
3.445805200
4.117820000
4.063701799
3.256298001
4.328928100
4.114716500
3.502650499
3.819975200
4.019333900
4.060507700
4.115119401
4.147321499
4.022721500
4.135255601
4.288424300
4.039222799
4.210857401
4.076389199
3.731580900
4.032573801
4.202526500
4.111760699
4.074806801
4.107673299
4.072187401
4.058942799
3.519445901
3.528561199
4.000902100
4.085320601
4.067562601
4.123115299
4.098611701
4.031877500
4.110991100
4.106783800
4.135038000
3.564514400
3.968978600
4.169367200
4.139277400
4.071437199
4.083700201
4.004425300
4.187117300
4.043362000
4.775408100
3.930473199
3.434601600
4.077988500
4.142506801
3.656171400
4.143097500
4.204789699
3.899893300
4.119541401
3.217479400
4.004048399
3.855893200
3.241730200
3.505154400
4.097156101
3.475110400
4.022747300
4.052769299
4.028216501
4.037024101
4.095330399
3.225409600
3.960666701
4.135437300
4.063295300
4.024633900
4.043685499
3.937691201
4.090092600
4.067744600
4.124737600
4.074985100
4.057298199
4.022263101
4.114161600
4.119493300
4.079493699
3.653342201
4.171453000
4.191246700
3.497414900
3.486100300
4.078400699
3.308144401
3.851891900
3.297644799
4.143802501
4.223798500
4.322988799
3.221684601
4.088087299
4.095419199
3.279556301
4.137328001
3.442907000
4.090279299
4.079723901
3.979951400
4.042384601
4.119429600
3.812210200
4.098458899
4.097004800
3.686993901
3.547561600
4.203552099
3.705921801
4.128875399
4.047911601
4.171334900
3.493077099
4.125325700
3.894698601
3.782768800
4.130438799
4.219520001
4.076784100
3.746291099
4.036197900
4.043093901
4.027288700
4.094347500
3.843255200
4.045553100
4.162128200
4.058427400
3.825713501
4.078530599
3.761114900
4.027358500
3.470030300
4.104654700
4.105409100
4.066345999
4.074669200
4.129420201
4.030594299
4.120666801
4.137579400
4.078245400
3.474027299
4.077628001
3.736659699
4.054685701
4.159732000
4.117973900
4.164785100
4.085638200
4.050056099
4.098992401
4.185272000
3.902612700
4.113515800
4.043591900
4.203860200
3.750273900
4.249539900
4.145165500
4.265045599
3.973739200
4.114083600
3.841634701
4.197317399
4.014243201
4.210634000
4.209393500
4.309526400
3.777528399
4.117608201
3.371601400
3.773639099
3.554672100
3.962416500
4.178627300
3.331578101
4.103460400
4.126636800
3.413395400
3.239409099
4.123416001
4.071838600
3.796175099
4.125490500
4.217521701
4.074126500
4.062881100
3.504829000
4.091994700
4.089122000
3.567547100
4.181718700
4.263866799
4.102205800
4.041956901
4.124870900
3.166214200
4.232960600
4.199468600
4.336640899
3.743577301
3.785895199
4.077883500
4.098093001
4.055966799
4.157722501
4.010125800
4.093144300
4.250795600
4.136550700
4.087440399
3.974074701
4.097962900
4.045385599
3.695662501
3.737813900
4.108956800
4.161742700
4.119336000
3.219469700
3.304046600
4.144640800
3.772461001
3.547275800
3.813160999
3.591463801
3.433623700
4.139492800
3.741851000
3.497622500
4.043745300
4.081123099
3.838437801
4.165880199
4.200249601
3.850632999
3.851791500
3.907740601
3.930554699
4.029830901
3.793245300
4.118036199
4.164462000
4.078128701
4.104707800
4.061934899
4.146268501
4.082104400
3.282410500
3.838250300
4.177863999
3.537772601
4.146358100
4.145960500
4.148042200
4.146437500
4.201919800
4.096472899
4.190191701
4.045669900
3.813728400
4.146504400
4.166071999
4.117939601
4.083503899
3.867001301
4.020158899
4.661805901
4.976900999
4.644247100
4.294326500
4.329569600
4.579370100
4.616132200
4.162588200
4.064800200
4.607463300
3.458070201
3.688524699
3.561673099
4.049122801
4.014514200
3.830355100
4.100551999
3.720446000
3.446082100
4.081231201
4.097851800
3.733049600
4.030384500
3.802125799
3.785353400
3.196321699
3.465530901
4.428152100
4.195116999
4.120229800
4.040697100
3.990543400
4.204092500
4.040530701
3.751077400
4.172929700
4.268330500
3.510102600
3.540264001
4.064657198
3.762967500
4.197032600
4.096682800
4.102592900
3.793862100
3.394145601
3.489559599
4.137748500
3.713679101
4.246394200
3.776209200
3.583446900
3.852261300
4.369833699
4.292924500
4.150825200
3.574405101
3.212280899
4.041920101
4.142902100
3.442356600
3.469662400
3.893084499
4.133834401
4.076714700
4.102002000
4.027153100
3.880861000
4.112399000
4.068437500
3.793605800
4.102375100
3.836664400
4.087556900
4.074591199
4.344442800
4.112182500
4.062736501
3.367615399
3.765748900
4.221785301
4.028984099
4.239347801
4.144472799
3.492985601
4.447724199
4.272990900
4.128404501
4.161392299
4.030107501
4.237316800
3.941485499
3.582653000
3.985735301
4.108008499
3.864791901
3.757348599
4.111695401
4.119672999
4.020818900
4.146635100
3.870504200
4.054998301
4.109679800
4.070725400
4.174871500
4.202272001
4.074000098
3.875328401
3.237768900
3.816137399
4.102513300
4.136970900
4.019158901
3.825104000
4.070485500
4.136965000
3.775028000
4.089213499
4.142198200
4.137140499
4.082376501
3.698094300
4.094485299
3.813775101
4.090340899
4.208974901
4.074505800
4.069164800
4.070453800
4.069230000
4.106401300
3.769900400
4.218135299
3.493857801
3.735222798
3.494458801
3.292124000
4.068937800
4.050574000
4.029203400
3.488948599
3.764687001
3.447821599
4.113104801
3.771046400
4.180875400
4.142411100
4.105101700
4.110458999
4.184325600
3.303892201
4.101116900
4.130342999
4.057065901
4.098513100
4.077194100
3.788635500
4.107324700
3.962670100
4.088969000
4.086397000
3.841709700
4.142454600
4.172951799
3.850865501
3.817701400
4.059614300
3.884712499
4.058409400
4.085362700
4.106478101
3.550145800
4.142273899
4.161140101
4.090349401
4.089306900
4.035437200
3.540817199
3.759087900
3.857601401
4.095161998
3.773045401
3.835044900
4.065094000
4.147238300
4.180128900
3.523529500
4.073127400
3.500722500
4.163853100
3.934723200
3.542296200
3.408899300
3.812715300
4.114301300
4.113026299
4.134383900
3.673990600
4.183809400
4.115648099
4.095989700
4.147393401
4.011726300
4.115957500
3.751076800
4.093432999
4.114323800
4.045244901
4.134289199
3.909565901
4.086275700
4.049257199
4.291525101
4.083296600
4.106544099
4.105113801
4.058535100
4.053071500
4.142367201
4.089231000
4.174269400
3.853633900
3.197305000
4.147982700
4.287576799
3.776037901
4.035590400
4.139758701
4.034875399
4.192600600
3.911164700
3.749472700
4.154595599
4.140621901
4.098650300
4.124859399
3.959898701
4.147809600
3.547843799
3.833412601
4.054807800
4.160724700
4.050706299
4.121008300
4.090546501
3.490372300
4.334076900
4.200867200
4.158335300
4.097103499
3.987831101
3.828569800
4.130220900
4.109142300
4.106517499
4.140878001
3.548002700
4.128835999
3.779079100
3.965415701
3.870755900
4.101167800
4.246229100
3.841351699
3.759316101
3.833680799
4.058589301
4.108993400
3.966587700
3.793744499
4.098231801
4.053450600
4.167578499
3.884046900
4.134303001
4.137231800
4.046491100
4.101557100
4.146635400
4.119789900
3.846794900
3.757867100
3.756411600
4.115850699
4.082383501
3.773748100
3.898996599
4.180990201
4.074447400
4.156800800
4.098316400
4.148874100
3.779100000
4.081161699
3.591561101
3.777617699
4.190186000
3.570255101
4.178157899
4.224854701
4.004230800
3.875912299
4.066562901
3.805520800
4.090456199
4.037303101
4.221570699
4.097177801
3.771188500
3.785761400
4.070311700
4.049157200
4.090381099
4.061325401
4.094424001
4.037253099
4.098454899
4.085092501
3.551550800
4.085081000
3.994667900
3.773769600
3.559766801
4.085145800
4.098474300
4.101156000
4.186174200
3.817514099
4.218273401
4.093031800
3.820648600
3.911886900
4.143900000
3.839524700
4.014683200
3.789733900
3.870997799
3.266739901
3.704782499
3.532830400
4.101739300
4.113879400
3.176298800
4.113053301
3.547671700
4.112864499
4.106391901
4.348732600
4.259931299
4.207115100
3.751246701
4.021041900
4.082607399
3.805344401
4.143823900
3.748426299
3.834756101
4.544169400
4.098346900
3.813737899
4.078422701
3.997418500
4.170285700
4.097095999
4.165667300
3.170218300
4.125167500
4.073918201
4.032222499
4.001813600
4.117479600
3.591177801
4.130346100
3.664076600
4.039019999
3.805679801
4.105680500
4.036592100
3.733852100
4.121782200
4.052069700
4.061178199
3.441059900
4.018534400
4.100951800
4.141517401
4.064262599
4.085098201
4.147941700
4.094426000
4.176301000
4.118303899
4.029358200
4.066526901
4.089245200
4.082425899
3.741890300
4.062570701
3.997269799
4.090416600
4.093423100
4.098344501
4.045326300
4.126336299
3.857726201
4.098557000
4.200950399
3.491776301
4.069189299
3.759149601
4.073326200
3.703278600
4.137042600
4.114364200
4.065193799
4.106372501
3.785765600
4.110503800
3.474455200
3.607461000
4.052950099
3.855195801
4.072991600
4.050379799
3.777985301
3.683320799
4.121140101
4.062477099
4.057255400
3.767142601
3.789989799
3.870877899
3.809860399
4.164492302
3.771504198
4.122210300
4.149087901
4.106552399
4.073198901
3.807045000
4.117276699
4.110173500
4.173193101
3.901073699
3.863616200
4.242323300
4.180980601
4.126508400
4.116971500
4.118489199
3.873483601
3.872818200
4.073117000
4.049591400
4.118324300
4.272700299
4.153780101
4.118996699
3.737208400
4.115185001
4.046485500
3.833764899
4.146468700
3.985518501
4.078426899
4.105223701
4.122263800
4.041372800
4.082242500
4.113160199
3.755093001
3.825721900
4.102587099
4.164977801
4.098437401
4.101057702
4.134427899
4.041235301
3.771087800
4.109286300
4.230145199
4.125128401
3.744809500
4.151286900
4.130595900
4.089335999
3.826791900
4.077179901
4.090646600
3.450433399
4.158392800
3.709982801
3.787093900
3.506420099
4.134299700
4.017083000
4.146274400
4.069370700
4.126443901
4.101126399
4.012191201
4.235284400
4.102232999
4.137152901
4.130331500
4.117163299
4.054598801
3.562297900
4.130410799
4.109200100
4.018728000
4.129084201
4.066447600
4.129153099
4.074378701
3.993469000
4.230221300
4.384537799
3.486591601
4.089216599
3.684753801
4.139753600
4.090529900
4.088978399
4.834492601
3.440798700
4.126312500
4.089169599
3.297272401
4.079812400
4.110178199
4.129080200
4.186271400
3.797937400
4.019800201
4.063957999
3.337169901
4.196012099
4.026580700
4.077073001
4.195288599
3.656901100
3.522072401
4.094679900
3.982845499
3.857590401
4.098482000
4.073866800
3.499760500
4.064385100
4.066429999
3.797919801
3.287560800
3.773765700
4.086501400
3.406420301
4.134350599
3.877636601
4.377699800
3.550097200
3.783193900
3.813737899
3.818986200
3.933518200
4.167092801
4.387665000
4.082497600
3.829466700
4.060000600
4.107448199
4.126223200
4.176887201
4.098347600
3.781952100
4.198196700
4.304715199
4.126349901
3.801872399
4.106372100
4.161015401
4.194254500
3.785795999
3.855045901
4.045238500
4.170279100
3.981286700
4.090414299
3.318721000
3.777716301
3.308102800
4.150231300
4.093228101
3.994971098
4.132632901
3.806999200
3.797894000
4.154843699
4.144490301
4.071080999
4.156548601
4.222185000
4.228708399
4.022537601
4.224772900
3.870912000
3.837521100
