.308284300
.320703100
.313839000
.321503200
.309465700
.323018100
.331201700
.254801100
.309245000
.341848799
.324194600
.314451600
.271666801
.280217000
.311135900
.259531800
.320180000
.255623700
.252254000
.344334200
.352031400
.326319400
.304648600
.285287800
.318060500
.323995400
.257648800
.261952000
.251193500
.320046499
.318998400
.303278500
.271124100
.312680001
.320211199
.307886200
.272315801
.309576600
.316726500
.339191299
.295854700
.284476500
.259147500
.293624702
.335707100
.318110400
.273144300
.315628800
.256923400
.321751500
.316947900
.256668900
.327654100
.335912200
.337262000
.298019900
.272230000
.262659400
.309834900
.282167900
.287154800
.323297500
.288777600
.313109000
.328524800
.268376000
.264235100
.258432200
.246008200
.317002100
.317392300
.256798800
.323833000
.317599900
.314839600
.257686300
.322629900
.244708100
.275411200
.318387399
.340754700
.271375301
.259160000
.302938399
.314115100
.304467100
.257113300
.308382600
.262715200
.309050299
.279333400
.270463200
.290221900
.270861400
.243803600
.253075900
.302204400
.295077300
.255611300
.293789900
.298875200
.285920500
.275225700
.271852300
.364985599
.286483400
.266217000
.276005900
.251848500
.249399601
.253971200
.259166900
.293489400
.262292700
.258661999
.336310601
.349168100
.249271000
.262882000
.269279100
.286932600
.262933800
.321783500
.306190400
.254725500
.312334200
.304282600
.284299600
.266775900
.267280500
.290717199
.308063700
.348429300
.284757900
.307155200
.261854301
.312240200
.313545200
.266473200
.262735400
.365043599
.258766500
.302902400
.280765300
.260711900
.259080900
.288383200
.262626700
.256051400
.255061400
.312212200
.306219500
.309676300
.305787800
.259705200
.260449300
.347229900
.312917000
.249852200
.283863300
.268303400
.251885200
.310284999
.275884900
.278803200
.251983800
.308147601
.346343400
.277567500
.254253200
.270388400
.264111099
.289559700
.307233600
.299748900
.249662400
.286320102
.333586400
.308594000
.272349000
.264068900
.261845500
.306880700
.320595000
.281560400
.261852200
.264271500
.300177700
.279066700
.260448700
.285173200
.250173000
.265527800
.264673300
.286550000
.267894200
.264428800
.271864100
.275683400
.275831300
.259769600
.242243500
.264643800
.300908500
.276873000
.268391800
.254697000
.280763200
.254409800
.245185900
.304339700
.262879100
.251365800
.283129700
.325482000
.302931000
.261168200
.259625400
.275319900
.278591899
.306268200
.314055000
.304204700
.258575000
.259389201
.307583800
.265850600
.262516600
.259125100
.319372700
.309746599
.319721900
.274303900
.251558700
.260626200
.317507600
.290377600
.268621800
.273053400
.257478700
.310241900
.323257500
.258129700
.272571700
.253280800
.265869600
.283178500
.330213700
.299993900
.265462000
.250619200
.294498700
.269275200
.255051500
.263085200
.268692600
.267010600
.358948300
.279545900
.282040300
.257712600
.253907600
.302957700
.307877000
.249091900
.262457000
.263158100
.250939800
.303058800
.257336500
.255998899
.258487501
.308716200
.274145200
.240058500
.266438800
.279944000
.293254600
.266382000
.290692700
.281292200
.255144500
.247676000
.293454799
.337047400
.247643900
.266647600
.292260102
.252606599
.297605600
.300178200
.263842800
.263052500
.282959399
.268153700
.283048700
.259988400
.262112700
.256427301
.292202000
.267699200
.250110900
.260560900
.271333300
.247218301
.326032900
.280053700
.248337299
.267742000
.255352502
.299531900
.272303700
.243779500
.247012400
.264660200
.306742900
.318633100
.252362500
.239545300
.259240699
.289290701
.258461500
.297432600
.293446500
.270248099
.293021001
.274304800
.251972800
.298965700
.279523500
.240611900
.297182499
.297383300
.268084700
.275284900
.303505400
.317422900
.297266800
.301246400
.266355600
.251935701
.262683399
.306486400
.292157100
.255540300
.260954500
.266857899
.259658801
.282200800
.280360700
.261825500
.269028800
.301615299
.300138700
.301006500
.259842100
.243557800
.291807501
.267717900
.271700000
.282596000
.256019900
.260506000
.261463400
.323898300
.262949400
.259244100
.257223000
.329042099
.322432500
.261605700
.246701301
.264425599
.290410901
.330470800
.309628100
.275111500
.279808700
.266938900
.288462300
.303057200
.242097600
.262174900
.251518400
.323003899
.262853000
.285078900
.262644600
.242752600
.322602000
.304205300
.272845600
.263512800
.285681300
.295987801
.284994000
.268145400
.255063300
.263945100
.251222400
.292125800
.322942000
.272295001
.253981100
.296785799
.325235800
.314296600
.277324600
.265444500
.275597300
.255530401
.258886600
.290718300
.268459800
.256669100
.260095700
.329001300
.280696400
.265221800
.261171700
.267973300
.269993100
.284259900
.264673700
.267579600
.262371400
.256937499
.291725000
.316748900
.276170400
.261042100
.295945801
.271686200
.251172400
.263685500
.272717000
.248570700
.312437400
.268867800
.255945400
.263097200
.283920500
.255682800
.315410900
.279469300
.272675300
.262501500
.298142000
.315613100
.263605700
.273483700
.286915900
.321713800
.273227500
.249739100
.272426300
.264630500
.295176200
.300291400
.274926100
.264509500
.259493500
.329778400
.275360600
.269663300
.277429900
.261120500
.265745400
.264600800
.291803699
.317271000
.260204800
.266383800
.259289500
.249664900
.256710100
.315285100
.264970700
.271122399
.324060400
.277570800
.257628200
.270586800
.253499501
.250228999
.299162401
.322081500
.271174099
.276648000
.252208700
.253377801
.268203300
.289452500
.266787700
.265644500
.270290500
.293319200
.296228400
.278103400
.260679200
.256737400
.258375299
.280423700
.266050700
.266264500
.267785401
.379250700
.293055400
.294712300
.281860400
.260540600
.308623800
.291910200
.315027100
.281653500
.261741300
.251034299
.292305300
.272901500
.251956000
.265053700
.263051102
.313270400
.291966900
.262372800
.247881800
.275032200
.288740599
.264673500
.249249300
.271307400
.259975400
.255462201
.256632800
.285658200
.271599000
.256507400
.258368600
.295231400
.305186500
.262756700
.254680400
.266559200
.270159300
.252942800
.301016900
.276175400
.262850400
.262034000
.310917700
.341053500
.257626900
.254450300
.261485900
.268794800
.268845400
.255026400
.255275800
.270201100
.264221800
.300997500
.322307000
.301271000
.254938500
.259483001
.281980099
.293687900
.266752500
.269979600
.307926900
.374815301
.276357200
.260642300
.251852800
.266213900
.258787100
.256196100
.295666200
.263749000
.254727300
.264998800
.268708800
.318248400
.258887400
.260411700
.290768000
.335378200
.271355300
.264829800
.262866200
.258861700
.252143400
.302842000
.309476700
.276434500
.245311200
.255244900
.256136700
.246803400
.333109000
.275195600
.259659900
.304432199
.313217000
.269316200
.259808700
.266963300
.278141701
.267901700
.291419199
.261110800
.254342100
.255467801
.304073800
.259608500
.258622300
.251597800
.256883600
.308910100
.261966900
.266466500
.259474100
.264621600
.267534400
.286848300
.331747600
.280416100
.259781800
.255329399
.302590900
.256912200
.264730300
.266301700
.255432800
.259777100
.304568700
.318410800
.267962000
.264830700
.254832102
.329808600
.264934700
.267755000
.255016600
.263288000
.260786300
.255829500
.262596300
.265127100
.253419200
.273013800
.254980100
.307348700
.257319900
.279076000
.262612400
.355812000
.268025700
.306151000
.271491800
.257388500
.269473599
.360738800
.337900400
.261705000
.244698700
.250520801
.261238900
.289689500
.285315100
.239712100
.264877099
.292232100
.296103300
.249050600
.265576300
.282283500
.335657199
.322242000
.280157800
.257466700
.269101200
.288357199
.259536400
.292013500
.266049100
.252891100
.261531701
.326594400
.304030600
.278956200
.267595800
.250782200
.306290300
.302977800
.261476700
.271699399
.267949001
.260918699
.265859800
.271530500
.250531500
.273241399
.262662701
.304820800
.286748400
.266320100
.262365900
.270982400
.290700200
.240249000
.256680600
.310921400
.273152100
.295982500
.258499100
.257975500
.263164600
.257989600
.264016100
.268684900
.314954900
.282672300
.259768900
.260866400
.294587700
.291882100
.259012600
.252620500
.253549300
.250282400
.293310800
.298492100
.262393800
.265820900
.267073700
.294431200
.280024700
.246164600
.247033700
.255922900
.291897000
.293611000
.249086500
.263736400
.255344200
.261013000
.355714399
.274323700
.291660100
.260459000
.269885199
.259554900
.286186700
.266244900
.254311100
.260902800
.309644600
.279039400
.274485600
.256492300
.256736700
.253619200
.251588300
.270263300
.254247000
.256422900
.264064300
.340648799
.312377800
.262292700
.258324000
.260062400
.250081401
.309297099
.291075500
.265475000
.262645100
.259641100
.307491500
.256514300
.266356500
.257354200
.253736200
.354536600
.318434600
.267914600
.273598000
.272936200
.262484099
.328933100
.303827700
.264721800
.250430300
.257862002
.284018200
.273178900
.256218700
.254841300
.249365100
.300086500
.276358100
.271630600
.280151000
.283576100
.394450200
.283990300
.266228700
.265563100
.272525800
.256214800
.297137000
.290151800
.241663500
.261919100
.256007400
.279598500
.279912000
.263656400
.251322600
.258782200
.256966800
.323247900
.331767200
.271907300
.256989000
.261446000
.260935000
.307221100
.260966000
.289657800
.316574200
.290669200
.303626200
.265530600
.285629200
.281455599
.293712901
.314313301
.287099199
.280023299
.275695700
.315276501
.291028900
.291266400
.294496400
.257390900
.252755900
.255600200
.257273800
.261645600
.248191300
.253077200
.261422400
.266847200
.258417000
.255910800
.251554700
.319191500
.255594700
.306851500
.268427400
.243332200
.247671900
.291576500
.291903400
.271818000
.251683400
.257271100
.294953600
.257623100
.261183000
.250432300
.255777100
.258330700
.254559099
.309412200
.272563700
.270691200
.274950800
.259095899
.289829700
.304069800
.253393500
.266063200
.265387301
.298694700
.259940700
.268838900
.246835400
.249529800
.253888799
.257830700
.273307200
.273472300
.282015100
.263330301
.288417099
.275035200
.275434600
.276710300
.250539400
.300992400
.253997100
.255761500
.263860500
.260673000
.266446800
.313771900
.296027700
.267236000
.247817400
.262652900
.255278400
.311918900
.282200300
.262239800
.262575400
.287317500
.310762600
.347752100
.249522400
.275923200
.256997600
.374321900
.300138200
.262627800
.246616300
.300105700
.300072800
.265767600
.281379299
.281154600
.248378300
.265667300
.254400900
.256698800
.255558500
.237629200
.299395300
.320116800
.269500800
.255175100
.256012399
.269107601
.290021001
.264230300
.252964800
.259011000
.252639500
.274339700
.272837700
.288032700
.265968500
.280146600
.288411100
.275716000
.290567700
.251116000
.248599800
.261976700
.241666500
.297862000
.268263600
.256853200
.251811600
.250666300
.378048799
.291527700
.269766700
.255766500
.255457002
.322209100
.328264400
.278306900
.251100500
.261456200
.292250400
.299563200
.263221500
.250304700
.251639500
.246795600
.387454300
.285391500
.296787800
.293255199
.300901201
.276055100
.303349900
.285445900
.268090300
.253020200
.291167800
.258688400
.249775700
.257758800
.243724200
.251902499
.296228200
