.267655101
.302859298
.297791300
.248612000
.250662000
.246103500
.290864101
.286918400
.297866400
.246815800
.247416700
.233506000
.326812199
.296982500
.253974500
.242864100
.255583402
.268513001
.242474000
.293314100
.248219600
.250292499
.253219599
.280072801
.265321000
.247154200
.240137800
.252732600
.238744601
.396546100
.323477200
.257634200
.269576800
.244829499
.284030400
.253012700
.275614800
.258172300
.252626700
.283927801
.275372500
.274987400
.252452600
.242555600
.246259100
.304564400
.332602000
.277482200
.248697200
.245658700
.280359300
.288187000
.241534800
.286431400
.282623000
.290202900
.332237500
.289934600
.251656200
.252543900
.245965999
.280199000
.294992300
.245368900
.249303900
.249907000
.248213101
.310031600
.285470400
.249692500
.250759200
.246537600
.247907000
.282895500
.296045000
.242258500
.251007800
.242331099
.291845200
.239157400
.278021800
.295854700
.238854601
.282635199
.270020300
.247078700
.292085800
.243444700
.272219300
.335152900
.276909600
.255474600
.237513900
.269164800
.251841799
.272798400
.289564600
.268391800
.243886300
.281640600
.310921300
.243644100
.250053700
.236080800
.244689300
.273660200
.238214500
.316355600
.262835700
.254984400
.232478200
.265220500
.288561800
.251097000
.249610300
.254737400
.311166500
.280130300
.254015100
.232315800
.249214200
.235346200
.296677800
.239755800
.241788400
.232707000
.244137300
.244749900
.286904500
.273376300
.250316900
.268002900
.241353400
.271124299
.265892300
.260209900
.253839100
.244622200
.243320800
.244196701
.258862900
.243512400
.307609200
.247957400
.231532900
.287754400
.281713100
.295874100
.245428500
.239749300
.322890400
.315297100
.246032400
.279231800
.295345500
.254639900
.290610500
.277417300
.244626200
.255264700
.260176800
.337706900
.244280700
.272496400
.252588900
.248966800
.248566000
.272925800
.350460600
.311134700
.247025600
.240230800
.288344500
.294017400
.245233200
.238613000
.240546900
.296005200
.273886900
.276282700
.236599700
.233628300
.244967300
.311579400
.284250000
.242041500
.236876800
.305841700
.296414799
.284884000
.238897200
.243690000
.230727900
.248549400
.295192601
.276225200
.235533900
.236207700
.239257600
.239494001
.232431299
.247443900
.243854500
.242383200
.239583500
.265929100
.292843800
.302105400
.247558600
.242685799
.258683501
.271186598
.264592700
.242142901
.299418400
.241784999
.249651601
.236288999
.291760600
.251387200
.244972901
.244880900
.237788000
.293965300
.241831500
.257167500
.288152800
.261144200
.243022500
.294165400
.370838700
.244246500
.253977200
.255938400
.278612100
.298265200
.244311599
.249423200
.248892302
.283161499
.276548200
.241585200
.250359601
.243646200
.244021000
.279698299
.287537800
.237183200
.241962500
.250601900
.240947401
.241564500
.237977700
.235609700
.243009400
.227984600
.229086900
.245109901
.246812100
.250818100
.235014600
.243423400
.258964300
.302697500
.288504500
.266705799
.235601300
.258844900
.301726901
.245375900
.238722300
.245086700
.291895700
.235268800
.240611900
.279636600
.275631299
.294949300
.241093702
.233958199
.244740200
.290944500
.234997800
.239328700
.255932800
.288011200
.242109500
.257360301
.286266499
.240287801
.229433000
.240121300
.235913500
.241600500
.299342800
.249818400
.247350701
.273631199
.298889700
.241447900
.244474900
.250390900
.234371799
.283672500
.264940700
.229378800
.249249800
.242694900
.292740300
.240103200
.283007400
.250274600
.253031601
.245227200
.304880700
.245168701
.237917899
.245167099
.235622099
.243181900
.233863500
.294472600
.240929400
.245438100
.258672500
.253499500
.241962900
.285331100
.256369400
.230623600
.242420300
.256651900
.285169600
.238331100
.253338100
.237119400
.239860200
.242394400
.268665000
.308173200
.243179300
.247190800
.250768300
.287923500
.292182100
.245332000
.257084700
.244198000
.237877300
.236680200
.238043200
.238369800
.236756900
.238686600
.239760100
.228663300
.243290900
.402975500
.240636600
.246875400
.255299799
.282590100
.246826400
.245127700
.279073500
.252480299
.241833400
.238164100
.246457699
.239555500
.240317000
.229721301
.234701100
.270235900
.245814000
.232994400
.243675100
.236326000
.244990799
.239841900
.283037200
.238804600
.247740900
.239634700
.260928301
.290291100
.229524200
.246290000
.236001300
.247403800
.240350200
.253826000
.242653900
.229923000
.237134500
.243771400
.278677200
.244018800
.241349700
.222397800
.238478000
.236760800
.280919100
.274509100
.261975500
.241945000
.244820900
.246673099
.260670600
.241330700
.222485500
.246004800
.248616300
.240957301
.285671200
.279569100
.255766100
.245442700
.237742300
.297128700
.226372500
.241417200
.256066700
.251691300
.269103400
.295101999
.272483100
.245840200
.235601100
.246732900
.237707900
.234288701
.273011500
.256225599
.241467800
.243482500
.241669600
.242798100
.263791700
.244462000
.223446600
.239178499
.234610400
.272428600
.272027100
.257345800
.238149100
.249560700
.298622200
.235851500
.242153800
.233666500
.243248600
.236099200
.240064100
.262418500
.286351700
.250523100
.269198600
.241915100
.234837900
.300174700
.251853800
.237266500
.328897100
.256935500
.283936700
.238824000
.239065300
.241369600
.254072000
.271677999
.233868600
.265130100
.251963500
.246306700
.244182400
.251249100
.267431800
.247839800
.240024000
.245849200
.253623400
.246216901
.295315700
.328794400
.300825100
.250678799
.287781099
.238958500
.253447800
.244022800
.254973600
.237745300
.275574699
.309263800
.252072600
.241614600
.243849500
.242960401
.247524700
.280491900
.246963400
.261297400
.244914000
.244612900
.289590000
.281211600
.249248900
.238578100
.244107600
.241353399
.238033000
.241195400
.252639700
.244379800
.242262200
.238511900
.262041600
.234441600
.243647500
.234482900
.250769800
.261012601
.254571600
.272595400
.239016600
.233842900
.243346200
.268334599
.243434200
.235895500
.233010800
.241132200
.256947901
.232023499
.302495700
.246609800
.235315200
.266433999
.257071700
.248511400
.243708200
.268076900
.262342700
.246462100
.246419800
.314408600
.252458500
.250067000
.247278000
.244676300
.232370500
.241156100
.337809400
.246542400
.238627800
.244777200
.233253300
.245599800
.274395600
.235375800
.237062700
.265527300
.236367899
.249048200
.237898100
.246622000
.241772100
.224648600
.283148599
.315533600
.239600100
.232899601
.248709700
.235742701
.253519000
.237894500
.240514200
.244460700
.235464300
.250661800
.249595000
.270899500
.266176700
.243731700
.237415400
.243252500
.242913100
.272497200
.247409300
.250100800
.241143300
.288794100
.289428200
.243893700
.239475400
.246555500
.269212700
.242693500
.235743100
.285132000
.257269700
.240830000
.247010200
.240394600
.239215100
.242912400
.248370000
.263541500
.237026299
.273825800
.238471700
.238330200
.230336100
.254136600
.238493000
.287418701
.248529100
.241358600
.243440000
.248303500
.243670900
.336298399
.266233900
.240244700
.254573100
.239801500
.252143299
.353649600
.250168000
.245668700
.248677600
.241952001
.244191499
.276749300
.250672300
.243696400
.243519300
.255634000
.294817200
.283686700
.275113900
.247811400
.242322300
.239825200
.290829900
.242411500
.240619700
.245077000
.263829600
.298197700
.244643300
.244466900
.245718200
.244826600
.243200100
.243036800
.268684200
.255010900
.235916900
.281216100
.286404800
.246820800
.250573100
.233784700
.246586000
.247739800
.239623699
.238766600
.279561200
.279813400
.243194700
.242099000
.275329401
.252868800
.251518800
.236730200
.251090700
.242849000
.280157500
.298028600
.269448800
.242769500
.251541400
.236850000
.269618900
.228291600
.259361000
.233386400
.241892400
.278254800
.243104600
.275131000
.257877100
.244126400
.231303600
.284340899
.231758300
.235393300
.247389800
.243977800
.251143600
.362749101
.292002400
.248345100
.243362300
.242813700
.269236100
.242555500
.289482600
.241781000
.255409400
.247861700
.305230399
.239792600
.243767900
.245102600
.238469000
.246602500
.252801300
.309435000
.241355100
.234310100
.241374000
.252882301
.233937400
.239427300
.240630900
.236482400
.247551400
.241777100
.297216599
.269352400
.241183500
.243678300
.240635000
.262979300
.239028100
.228670200
.254499800
.289552000
.255280300
.294067300
.276420400
.336663800
.254523700
.252569900
.268722900
.250578500
.247002700
.246798800
.246098400
.330210899
.337109701
.367627400
.268975100
.265573700
.281732300
.320658000
.383617300
.277188700
.260433502
.312087799
.234475500
.242883800
.241193900
.247909300
.244406600
.313571700
.245170000
.246526500
.237422200
.237305900
.245888600
.233366799
.292105700
.276680800
.255567800
.245840100
.247880400
.331149901
.277682600
.251802200
.249045700
.227653500
.302123600
.272818800
.256063600
.241094900
.243267000
.242095100
.235206899
.277499700
.242679600
.233239200
.233357200
.240440400
.246819301
.289016100
.289493400
.258500600
.249684500
.242314700
.286174201
.249838400
.242949500
.247968900
.241766800
.251861999
.283991700
.229299400
.245332100
.305882000
.230567500
.250995401
.234845800
.244819600
.256047200
.254845100
.246937500
.237084999
.239344200
.249450100
.245663000
.238240100
.237070100
.237287301
.282428600
.283266700
.251121700
.238310800
.243621900
.281998000
.251449200
.236811800
.242534400
.232945200
.268361601
.287150100
.232556700
.251697300
.239740800
.233331100
.244307901
.237718000
.292623400
.299074100
.265466300
.269144300
.281323099
.285614900
.235964000
.370628400
.244284300
.275729401
.233471600
.265422300
.239426899
.253352000
.236431900
.241163301
.280295200
.281964300
.244556100
.279687900
.247235001
.248034400
.242784400
.249120300
.240439900
.242489100
.231430100
.279521100
.240071700
.251152800
.227853601
.262650099
.256167299
.286499300
.239794500
.251131700
.245243500
.235071000
.236670900
.302623599
.236429001
.249138100
.244986000
.238990300
.265349000
.238391800
.248308800
.235057700
.241167300
.237164400
.240964800
.247162200
.237657200
.251180500
.243992500
.242571700
.245149100
.275093700
.281831800
.240714501
.246991600
.269314400
.284491400
.229696000
.243873200
.227357100
.260131700
.239217200
.238887299
.283738300
.263382300
.261939700
.272952300
.252822101
.250416400
.272697600
.242785800
.236574900
.236723400
.238677400
.264620300
.239711900
.260066300
.370232700
.246258200
.274929800
.274634600
.243792200
.239536500
.245201800
.270090100
.299683000
.244555700
.254210800
.247999600
.247994300
.324208400
.289841800
.249998700
.254863300
.250254100
.236409999
.244437901
.272269600
.268724700
.239899800
.241220100
.241892100
.287989900
.291567700
.251909500
.248047200
.256322500
.319174600
.251584500
.246393000
.239692100
.252865500
.245362100
.281891300
.272522500
.239245300
.246115900
.242333800
.243713200
.273121700
.278708200
.233007400
.274346899
.225740900
.291170301
.249588500
.243594200
.251650300
.236659800
.251933600
.290864400
.245037200
.290116500
.248838200
.251029600
.246027700
.278088800
.235354400
.230817000
.246738300
.248431400
.244301000
.261084301
.246000700
.246202700
.249471200
.241047200
.246254800
