.223293200
.222363700
.221606300
.234520400
.231093200
.236957200
.225245999
.227578500
.220513500
.230674900
.221106800
.222582100
.244142200
.234104401
.219052800
.218437700
.216655800
.238586900
.237980200
.241042599
.235176200
.219746200
.231044900
.235446200
.233593900
.236729800
.234006701
.235739700
.235816200
.238063900
.214501700
.234928001
.213777700
.213719500
.215678800
.221681500
.219870100
.222189300
.220902300
.221462500
.221361200
.218340700
.216110100
.214717100
.228233600
.233577400
.226997800
.229468800
.245872900
.242692100
.240938800
.234437100
.219375600
.218508500
.218046300
.218462200
.237215400
.220052500
.213695000
.217425300
.217436900
.215460800
.218602300
.217968700
.216619200
.216587600
.276800500
.241808800
.252421500
.230782800
.242120900
.254560200
.215539100
.234233300
.231508500
.235913600
.232126800
.225434000
.222165900
.220637600
.223141800
.216302100
.221055200
.218200700
.238338400
.221541800
.225544500
.231316400
.219507800
.222945000
.229447000
.232463801
.219028500
.217118100
.232153300
.234497600
.236827000
.214274300
.215538300
.215493600
.216921200
.218780700
.216694500
.216387900
.238171900
.238420900
.218157400
.215662600
.223386300
.254094200
.246942300
.228694100
.234665400
.252720300
.249625200
.212593100
.242958300
.226234300
.217046100
.220496400
.220482000
.218256000
.238403500
.227900599
.220564900
.231910000
.215915100
.215619000
.216676900
.214087501
.230787900
.278846600
.239226800
.243159500
.223683200
.224726700
.264898600
.217989300
.236732800
.233542600
.235758100
.216832000
.230858599
.211961300
.216646100
.215200100
.213636900
.215231900
.216605100
.221334300
.219217200
.220943900
.211896200
.216284400
.238026900
.223037601
.236123500
.219154900
.233208400
.215276800
.221198800
.218232200
.238014200
.229924800
.219948300
.217100900
.217964800
.217900300
.217524401
.235017000
.218385000
.229006800
.213680000
.236530600
.218740300
.220573900
.236502800
.234287600
.219388000
.257757500
.255594500
.250620000
.233829900
.231514400
.232580400
.218083100
.214764500
.213577800
.221428700
.239236000
.231562900
.217723700
.218144900
.218353800
.217862200
.214912300
.247192800
.254381100
.234280300
.231040900
.246179900
.247344299
.232111900
.234425700
.215127000
.217141300
.233718400
.219337301
.219551000
.218127000
.233562100
.217551100
.235702900
.217903700
.227870999
.228941000
.228707000
.228383500
.228289600
.228809700
.228286201
.229181600
.226683700
.236429200
.244412500
.226763300
.230974800
.231963900
.233039200
.235581000
.243397000
.220618600
.216499200
.214710500
.247571800
.216067700
.214914000
.215768500
.228440700
.216612900
.259616500
.278080000
.232571800
.223463200
.256487700
.232784299
.214627900
.216172300
.215474600
.215457400
.210218200
.215981600
.220246501
.218765000
.217488800
.217577400
.214157400
.221397700
.212724100
.214919900
.219446900
.243596900
.233123600
.220786900
.225850600
.222430600
.255255200
.216939900
.217056600
.214767800
.213212200
.215048100
.214589800
.214258000
.214937800
.218332900
.219091700
.218713700
.220588600
.211612900
.220805700
.233475500
.230096400
.261297200
.218376100
.228670900
.239205500
.230130500
.216473800
.214324100
.214990500
.216151900
.215931800
.222947500
.222670000
.218106400
.219910400
.218361500
.216578000
.236257100
.233826300
.234568600
.218571700
.235186300
.235873300
.236670200
.233599000
.215706800
.238669500
.217804200
.217591700
.218659400
.237725200
.217163500
.218100600
.220064200
.233647900
.218015900
.231958300
.216677300
.218749900
.217637500
.220049000
.228607200
.227636300
.216088100
.219028200
.252400100
.249066600
.221830000
.225220600
.243995700
.259285600
.216604600
.216673400
.233511200
.220005400
.221506800
.234605700
.222755200
.219263900
.219998400
.235040700
.235222300
.221184900
.212809100
.214315800
.228169800
.228775200
.230673000
.229651500
.228923200
.228958000
.227113200
.227968300
.229649900
.228568600
.232802799
.240367700
.221840600
.223437200
.221354100
.238825600
.240291701
.221504500
.219947500
.220655800
.240094000
.236611700
.241291600
.223860800
.244195700
.237377400
.229209600
.218445800
.220758800
.217951399
.216837000
.216146000
.216587800
.215339500
.216133200
.217044400
.219283700
.217380000
.219706300
.235326200
.220937100
.218242800
.219704501
.217831500
.221634600
.225353500
.235860400
.240105000
.223798500
.230458300
.236860200
.213681200
.216417300
.220968600
.220335900
.234467800
.217469800
.214666700
.216222200
.215677400
.218191800
.220615600
.213461800
.215530600
.214552900
.221640200
.221216500
.242076300
.211847900
.228845499
.225179500
.208567000
.236902600
.218008400
.214945600
.230047501
.228430900
.227697600
.220723300
.219455400
.221036900
.217033300
.215901500
.215666800
.215596900
.221339400
.216921500
.220331000
.234408000
.218638300
.234702500
.233155900
.218915400
.219745100
.218386900
.219642000
.216427800
.217802100
.241609400
.220348900
.234514300
.237524900
.242996000
.237022000
.244462400
.222747900
.220478000
.216432100
.226786500
.230762100
.210878000
.224312100
.243205600
.260063699
.229831501
.231646900
.228235300
.214744300
.217857200
.218334800
.221837400
.219004300
.221292900
.218842400
.214525100
.220141400
.217427500
.213820400
.219760400
.213698700
.216394900
.216630500
.220123000
.218554899
.231335101
.243497000
.241144300
.221897300
.252338200
.220776000
.221219000
.214955900
.219260300
.219379200
.211717800
.215149900
.235726700
.214077400
.232797800
.214452000
.235462600
.216947700
.221722400
.223977500
.236468000
.214655500
.220030699
.219024300
.235207800
.242495700
.254175901
.234169599
.239426100
.238066600
.234323400
.227354001
.217282699
.216840301
.235045800
.215174200
.220634000
.217911300
.217518100
.233329699
.232047100
.244130600
.234664000
.230945300
.224034201
.234568699
.214764901
.218462600
.218092700
.218335200
.219358800
.219139400
.215927800
.215297400
.215878200
.214944100
.238964600
.232220800
.232477600
.238522100
.215406400
.237495800
.217554900
.233031000
.248031900
.259865000
.250045100
.249815900
.234226800
.217256900
.214148700
.219180100
.214563800
.216628800
.213471300
.216206500
.217439800
.217510499
.216210801
.214890800
.213067500
.214758500
.216129000
.217788899
.214782200
.216179901
.215991600
.243168200
.226249600
.225229200
.242368300
.263122200
.248759900
.229840400
.230084400
.228100200
.229067600
.228295800
.228763000
.228187800
.228270300
.229334700
.227900500
.250405700
.227866799
.215358600
.235406700
.240249400
.222350300
.249775800
.220563601
.221829100
.231272900
.249733200
.213330600
.216352300
.217384900
.216117400
.217809800
.219807300
.216701200
.219631000
.230607601
.237644099
.228996501
.230859400
.233890500
.232249500
.221439300
.235782700
.234736300
.218671200
.217880000
.218156800
.222918100
.216856500
.217329000
.234575900
.231854000
.216524400
.237701600
.220265300
.217774400
.217331701
.238479000
.229766200
.232048300
.229041200
.221284199
.228474702
.235954200
.237224100
.253614900
.225445200
.226944400
.248473000
.239240800
.239626300
.219937100
.217507300
.218307600
.218906600
.216588300
.214388600
.233970500
.216851700
.217419599
.234903800
.215626000
.231392201
.238642000
.217736900
.241307700
.244155000
.235563500
.230305600
.224928100
.244428100
.241462000
.220989400
.215870600
.218943400
.216802801
.215847500
.214648700
.210503800
.236103300
.238973900
.219006500
.234299900
.233443600
.232808900
.236980500
.219495100
.229946900
.229212701
.230111500
.230464600
.228443500
.230976800
.230743100
.231155100
.228849100
.228605000
.229652900
.226639900
.230636300
.228108400
.227122600
.249596600
.240570700
.234400300
.217911500
.217062600
.218423700
.230279700
.225768000
.257775600
.245206700
.226679800
.242470799
.243175300
.220071100
.235618300
.220428800
.214016800
.215096502
.228261500
.239829600
.236871900
.236682800
.237131000
.214353500
.215501400
.214592300
.216865400
.218143500
.223905600
.215806100
.214577200
.216215300
.214817500
.206204600
.213166900
.218238300
.213130500
.216206500
.214519600
.215711100
.215459000
.215365600
.236206700
.211581100
.217372800
.216301500
.233386200
.216829500
.216647900
.214165300
.214927900
.219399200
.217411700
.215439100
.216662600
.224945800
.214516800
.214315000
.219272800
.220913600
.220361600
.223336700
.217965000
.233246800
.226764500
.214311800
.234114300
.218933600
.244043100
.221408400
.227958100
.239797200
.219743800
.246018900
.259661900
.262943000
.231580800
.228577099
.252304600
.229191700
.226676800
.230207600
.219597600
.221213801
.218797100
.214760100
.217248200
.235378300
.229513200
.221342401
.215428800
.233949700
.233662900
.220296800
.226130200
.218904800
.222923299
.222281700
.219740000
.248389000
.240641400
.220864400
.216505700
.222208101
.225321000
.219675000
.218529200
.231512700
.217905900
.238894600
.214333300
.234804200
.219031500
.244133400
.221461300
.235128000
.249447200
.229841200
.243195000
.235264900
.216410900
.218002200
.222131500
.239682000
.232681200
.221676200
.216043700
.220610300
.217874500
.223406101
.221589200
.231239700
.220494300
.222141600
.237951500
.218191700
.231912600
.223925300
.226305700
.222567900
.250389300
.242583700
.236368100
.265525100
.233187699
.233969500
.223189500
.221036000
.220915701
.215904900
.234457100
.217497100
.215062300
.217694500
.215868100
.219378500
.220420800
.218426800
.235074100
.237799500
.218960900
.240182501
.220016300
.218187600
.217376500
.218484200
.221159300
.218415400
.241044999
.232852600
.215991500
.239112600
.230208700
.218959100
.216450800
.225026500
.237577800
.220050000
.233960800
.216814200
.215066800
.246233001
.241186000
.250030700
.231176900
.223577200
.216362000
.217214900
.218890300
.215391500
.220122500
.220342400
.217956000
.218117800
.220872300
.220617300
.211666500
.220567200
.221698900
.215076600
.216742300
.217953500
.215576700
.245706000
.245468100
.220969500
.225717300
.215676800
.239251800
.232441200
.218072700
.222456900
.224132900
.238247600
.219741700
.234901000
.225610100
.233520400
.223806800
.221268000
.226501900
.214826300
.221951800
.219112900
.221182900
.222530700
.270227100
.243423900
.223051100
.246903600
.263100100
.230186200
.215905000
.239320300
.232366600
.225207600
.223947800
.220732300
.234036400
.226496600
.221465800
.219791200
.234216000
.222882900
.214146100
.213879599
.215597000
.217741100
.230546300
.229328600
.215577800
.215207400
.220863099
.218555100
.216494800
.214679800
.216491400
.214577500
.216618700
.212433001
.226000700
.219257500
.214979000
.227841500
.231243200
.225869200
.248458200
.224001300
.238418700
.236312700
.234221000
.232743400
.218762700
.216953300
.217738700
.221042100
.219025400
.239786000
.217245000
.219128600
.210160700
.225585200
.233288600
.221170500
.221402800
.236456900
.218236900
.215554100
.217156200
.216459600
.239057500
.211480900
.234226800
.242684000
.258993800
.225969500
.243602200
.226875800
.230977500
.229477700
.230028100
.228081900
.229594700
.227683400
.228418300
.229631500
.228489300
.215063000
.220295500
.219528000
