.015972100
.013638000
.012899600
.012231600
.012328800
.012368400
.012386800
.011919700
.012861100
.012685600
.012498500
.007582600
.008013500
.012801200
.011979200
.013183600
.012910800
.013450300
.013388700
.013076800
.010453900
.009799000
.007708800
.008050900
.013133800
.012913200
.013009300
.012881000
.010590100
.009921800
.010118200
.012418400
.009403100
.013408401
.011753000
.012638900
.012461900
.013066500
.012675400
.012210900
.012079800
.013292400
.011943100
.012208400
.012980800
.012372900
.013075100
.012328500
.012249900
.012445400
.013183100
.012104300
.013286100
.013371400
.012125600
.012008800
.011762000
.013086800
.011913000
.012001000
.012323400
.013086000
.012860800
.013412900
.013125800
.012191000
.013347000
.013211900
.012510200
.012022700
.012064300
.011779600
.012428400
.013340700
.012756300
.012204200
.012155400
.012206000
.013834400
.013298600
.013357300
.011973000
.013755700
.014637500
.012665300
.013128800
.012575700
.012427900
.012207500
.013229300
.013625400
.014134000
.011963600
.013127200
.012230900
.012347500
.012133500
.013219400
.012489100
.012058900
.012456200
.012418500
.013712000
.012188500
.011865000
.013309600
.013230500
.012283400
.011929000
.012741900
.012400400
.013105800
.013695000
.012564500
.013492700
.012182200
.013373700
.012884300
.012416100
.012833500
.012596000
.012102100
.012238200
.012394600
.013949400
.013266100
.012958900
.012254700
.013078901
.011860300
.012802400
.012704700
.012242300
.012267700
.012904200
.012296300
.012329900
.012227700
.012452700
.013999600
.012285300
.013252700
.013174800
.011848600
.013279300
.014417800
.012422200
.012011400
.012446700
.013425800
.013805400
.013488600
.012042800
.013090500
.012762500
.012021500
.013879100
.013008300
.013271300
.012178100
.013921700
.012818200
.012859000
.012309900
.012545900
.013057900
.013002700
.014852600
.012269400
.013117000
.013120500
.012357800
.013538800
.013252300
.011975000
.012690400
.012343400
.013096200
.012930800
.012075500
.012663900
.013166200
.013218500
.013245700
.014357400
.012249800
.012953300
.013720400
.012772800
.013084200
.012162600
.012059700
.011993200
.014272100
.012760200
.012092800
.013439000
.012344800
.012989100
.013428100
.012378500
.012918700
.013493400
.013042800
.013225600
.011787400
.011435700
.013494200
.012203100
.012691700
.011926900
.013634300
.013298700
.012476300
.013572600
.013205900
.013041400
.013103100
.012307200
.011898500
.014056200
.011953800
.012147001
.011995600
.012266300
.013441600
.013564900
.012835500
.011603100
.013147600
.013127800
.012209200
.012344400
.012274400
.013903500
.013179000
.012709700
.012273900
.012933800
.013182800
.012652900
.013404300
.013137200
.013871300
.012203800
.012333700
.012061500
.013338200
.012712700
.012966500
.012988300
.013101400
.012427600
.012656300
.013274800
.012318400
.011983800
.013668400
.012037200
.012753500
.013012700
.012133900
.013694500
.012199400
.012557600
.013729100
.012356200
.011937800
.011789100
.012056100
.013151400
.012105500
.013345100
.011674500
.013982000
.012202800
.012953200
.012549700
.013892100
.012777600
.012041600
.013180500
.014050000
.013255100
.013015800
.013271200
.013509700
.013398600
.014179200
.013144300
.012978500
.013397700
.013499500
.013954400
.012235900
.013215600
.012431900
.013326900
.012533000
.012378600
.013181700
.013269200
.011822000
.013022700
.011803800
.013639300
.012047700
.012472400
.011925600
.013926000
.012405700
.011980900
.013270700
.013403400
.014436101
.012730101
.011971100
.013992200
.015292900
.012478800
.013077900
.012285500
.012318900
.012300600
.012971200
.013585600
.012425100
.012315400
.013023600
.013605200
.012367800
.012909200
.012491200
.013030900
.012663900
.013305900
.012266300
.013532100
.013218700
.012574400
.013512700
.011877700
.012989300
.012174700
.012769800
.012545200
.012887700
.012825100
.011853500
.012147400
.013246600
.012808700
.012698000
.012702100
.012101200
.013772900
.012053700
.013240800
.012134600
.014164600
.013636300
.012823200
.013369300
.012767800
.013117000
.013964200
.012250100
.012703500
.012885000
.013794700
.012937200
.013306100
.013645400
.012390800
.012173200
.014132900
.013233000
.013391700
.012174400
.012507200
.013204100
.012533400
.013656600
.014127300
.012291400
.012162700
.012199800
.013009700
.011990800
.013430700
.013242600
.012758700
.012183100
.012379700
.011992100
.013751100
.012596400
.013019700
.013266500
.013238800
.013523100
.012182500
.013418100
.012165500
.013975600
.012271700
.012302100
.012236700
.014196600
.013636400
.013639700
.012211900
.012457700
.012216100
.012523400
.013007300
.013554500
.011991200
.012353900
.012169000
.013310400
.013417800
.012333000
.011868800
.012740400
.012179600
.012043900
.012577200
.013051600
.013060600
.013265100
.012181100
.013446900
.012133300
.012500200
.012216700
.012988800
.013968800
.013288300
.012271700
.013487600
.011738500
.013626400
.013406500
.012384000
.013900800
.014334100
.014612400
.012280500
.013058400
.012728100
.013089500
.013288600
.013484100
.012391500
.013421500
.013295000
.014132500
.012712500
.013226500
.012311100
.013897800
.013660600
.012384900
.013112900
.013196700
.012407800
.012034400
.012519700
.011726300
.011924300
.011587600
.013298700
.012050000
.013874600
.012244400
.011640000
.012087700
.012882400
.013677100
.013129500
.012443700
.013089300
.012860800
.013842900
.013413200
.012066000
.012347999
.011770900
.013610800
.012080700
.011954900
.013244500
.013705400
.012433700
.012275700
.011679700
.013054102
.012341799
.012650900
.013213699
.012124201
.011774999
.013092401
.012169500
.012948200
.013222500
.013513300
.011851900
.013585300
.013230600
.012786200
.013061500
.011913000
.013625600
.013267800
.014165000
.013481700
.012330800
.011940500
.013392500
.012872400
.012312300
.011862100
.014088000
.013278100
.012141400
.012198000
.013211000
.013082600
.013434400
.013397700
.013618900
.012224800
.012217100
.013114900
.013827500
.012500400
.012129700
.013216800
.013100300
.012041400
.013210000
.013330500
.012585500
.012854100
.013244800
.012793800
.012416400
.013064400
.012882500
.013667700
.013636400
.012636700
.014028000
.013325000
.013398500
.012403000
.012359100
.014736400
.012389500
.013308200
.012822400
.013661900
.011844800
.013961300
.013210400
.013276400
.013247800
.012278700
.013644400
.012676000
.014368300
.012145800
.011705700
.014462600
.012138600
.013162800
.012267500
.012040100
.013976800
.013429500
.013583000
.012212800
.013200000
.012215500
.011960100
.012084400
.012941300
.011702700
.012333500
.012776700
.012280200
.013565401
.012567399
.014012000
.012470300
.013217700
.012134600
.012365000
.014124100
.012349100
.011853000
.013815900
.012394400
.011746600
.012462600
.012930700
.013265000
.011581800
.011655700
.012055100
.012609200
.012312500
.012818200
.013511200
.011876700
.012736900
.011990400
.012325200
.012446100
.011894500
.011670400
.012574100
.012596600
.012878200
.012873300
.012892500
.014454200
.012820200
.013102300
.012581100
.013622600
.011896900
.013361900
.013255700
.014041300
.012148300
.012653200
.013043300
.011893100
.013030600
.013833100
.012428300
.013668000
.012330400
.013856800
.013334900
.014250600
.012324800
.013213200
.012632000
.012979900
.013331100
.013325000
.011670500
.013181400
.011647000
.012816300
.011682400
.014063700
.011844300
.014083900
.013571700
.012630800
.013219100
.013063600
.012879400
.011503100
.013731500
.011856800
.012624000
.013209300
.013292500
.011681500
.012397800
.011909800
.012538700
.012805300
.012141400
.013704100
.013288300
.011725100
.013463500
.013030200
.012567700
.011603900
.012567800
.011754999
.014110099
.013041500
.013014200
.012950900
.012498900
.013295600
.012640200
.012949200
.012557300
.012635900
.012567000
.011685700
.013405700
.012732700
.011618700
.013232000
.012660600
.012090600
.012461900
.012034100
.014046000
.011661100
.012862100
.011483000
.015197100
.013205900
.011877600
.012738400
.013243900
.013365200
.011711400
.014248000
.011759100
.011670500
.011719900
.013246400
.011723700
.011776200
.012080900
.011803100
.014185000
.013047000
.011848900
.012169700
.012816800
.013051700
.012815600
.013498700
.015272200
.014663600
.012880000
.013808300
.011831500
.012969400
.012415400
.012692500
.013187200
.012505300
.013247500
.011748600
.013186400
.011706400
.011908700
.011776800
.012781500
.013329700
.013115400
.012004400
.013339400
.012049400
.012036200
.012840200
.013086600
.012556100
.014775700
.013203100
.012655200
.011980800
.012777800
.011821100
.011584000
.014097500
.013295500
.012385500
.011994100
.013404600
.013154400
.012378700
.012233500
.012503900
.011945300
.012807700
.013955600
.011625200
.012976201
.012221100
.011509600
.012796500
.012506500
.013258200
.011296900
.011948300
.013731400
.014382800
.013795900
.013175400
.013170700
.011956900
.012297400
.012564000
.011782000
.012739000
.012507000
.013301900
.011814200
.013030300
.012983800
.011819900
.012048900
.011892200
.013103500
.013669300
.013440800
.012987400
.012488700
.012035700
.012621200
.013183600
.013495000
.013648200
.013231700
.013196700
.013184600
.013685500
.013311800
.012407900
.012888000
.012902100
.012153900
.013270700
.013790100
.013790600
.012837600
.013005800
.012801800
.013554600
.013856000
.013358500
.012428100
.011907000
.013111200
.012444200
.013809200
.012036100
.012933600
.012693600
.013730900
.013689800
.012953000
.012555900
.014252500
.012518400
.012381200
.012741600
.012239000
.012130600
.012731200
.013098300
.012961700
.013056900
.013816300
.013457000
.013933500
.013025800
.012142800
.013565700
.014097500
.013739000
.013714900
.012757700
.011989200
.013889400
.014037900
.013495800
.012952200
.013053500
.012284701
.012872200
.013089600
.012765200
.013073900
.012838400
.013012300
.012919100
.011929800
.012700400
.012849400
.013809400
.013088500
.013403300
.012254600
.013052200
.012120400
.012194700
.012677800
.012943800
.013126300
.013775700
.012021200
.012646900
.012597900
.015173500
.011919400
.013148400
.011895200
.012467800
.013468100
.012750600
.012940900
.012384100
.012088400
.012551400
.012866800
.013115600
.012832300
.013738400
.013617000
.014335700
.012181800
.012232400
.012328700
.013662000
.013388900
.012798800
.019306500
.013080500
.013583300
.013354700
.012538100
.011880300
.013280700
.013221400
.012490000
.013454100
.013645400
.013824200
.012758400
.012575600
.013791300
.011904900
.013490000
.013247400
.013418400
.012137600
.012927000
.013277000
.015382000
.013908000
.013576600
.012808600
.011820200
.013468600
.013483800
.013818900
.012049000
.012637100
.012328800
.012404400
.014074400
.012002300
.013024400
.013256100
.011952200
.011956600
.012654900
.012927900
.012038500
.012664199
.012000401
.011956200
.012818700
.013173500
.012665200
.012078000
.012551600
.012349500
.013834700
.013009200
.012998100
.012457900
.012725000
.014985500
.012816500
.012072900
.013121200
.013028500
.012979400
.013247300
.011759600
.013119200
.014278500
.014460200
.013710000
.012515700
.012351900
.012542300
.012050700
.013625200
.013954800
.012062500
.012125000
