.235511000
.255679900
.239182600
.236442700
.231435400
.236257700
.261867000
.255199900
.232158900
.239133700
.240100600
.258718800
.230978900
.238285300
.258346100
.236682700
.232301100
.234083000
.224411900
.231986800
.240156000
.236263500
.231620000
.230014100
.231573400
.236123400
.238557200
.232605400
.232588700
.231308900
.276006700
.225921900
.227934900
.232839100
.222652700
.252849900
.268678899
.259585000
.225923800
.234279200
.228815100
.229708000
.235364401
.223921300
.251676700
.234648500
.230420800
.234836200
.228777901
.231891000
.232777100
.232768700
.228224600
.228326500
.238062200
.277965100
.261237100
.264098200
.219984700
.232029700
.224498700
.271186299
.229289400
.247771600
.234819700
.225378500
.233064000
.229560301
.264039100
.266011100
.235045100
.227972200
.229572100
.269312100
.225771800
.226195400
.235874400
.253919400
.234940600
.224297700
.220542600
.228581400
.227185500
.216993000
.231522800
.227808400
.225254699
.230650500
.234352400
.235354600
.257093400
.223757900
.248290901
.238289100
.218945300
.228078700
.227417400
.229151100
.263130100
.291855600
.256724500
.234145500
.229572900
.223908400
.216039300
.274630200
.239073400
.224299900
.230980300
.230563300
.229022800
.283216800
.228553300
.231007600
.239095399
.226218600
.232491600
.241748899
.229123700
.268494999
.226333800
.222932000
.235284700
.223880000
.232986900
.227052100
.226685600
.232086700
.225876600
.227864400
.236243400
.279674800
.237414400
.235346500
.232227800
.260607101
.241525900
.228850800
.229633000
.236874100
.240060700
.236171900
.257451700
.259615500
.242283500
.240425500
.232573899
.276063301
.232930800
.227917100
.224387000
.227165200
.237560200
.234736200
.225864399
.258546900
.229751400
.238006700
.225685100
.229338500
.255184901
.237151800
.215399500
.232466600
.227467400
.229103700
.264315500
.231063700
.224785900
.224512300
.228037300
.224843500
.235331200
.256194000
.248802900
.236803300
.240016100
.227003999
.231199301
.232323499
.228666100
.224434800
.220131400
.263586200
.223976900
.268743000
.236052100
.229286100
.224438000
.215407502
.216929400
.238883300
.239099800
.225720000
.236712499
.228135200
.228974800
.236070001
.232139101
.227816300
.235723000
.236323500
.232713600
.233526600
.232338799
.240624300
.222841000
.232966900
.243262700
.234538400
.260751701
.224109200
.232011400
.234703000
.228670800
.232430200
.235313400
.241911100
.234240400
.228746600
.232943400
.364172200
.239792300
.237057600
.238246300
.253291199
.243045200
.233940201
.260221100
.256990600
.229644700
.233052300
.229662400
.230627100
.257772900
.231352900
.299121900
.224010199
.228960600
.234358501
.230292799
.228951700
.232892700
.227120700
.242880100
.244398700
.248396801
.231209599
.228576500
.236592300
.232508200
.229457800
.228164300
.234711201
.238809500
.223157200
.226768600
.238919300
.235268400
.234040099
.240541900
.269612400
.227258300
.230430900
.232432000
.232269401
.220145600
.232071600
.229202500
.230765600
.233710900
.231595901
.228607599
.269496600
.233904400
.232030800
.232618401
.239200000
.233449101
.235463400
.234025500
.228188900
.231793700
.233166400
.255355200
.252245600
.272915800
.307398900
.316183699
.260194401
.276611899
.274068700
.287494300
.318514201
.254161299
.273897600
.273754400
.304216000
.233172900
.236656900
.231567899
.226459100
.235364300
.225351300
.233925500
.231336300
.227408101
.227192699
.245731400
.264329900
.237953700
.228452600
.230374500
.224533601
.260353500
.232775200
.226367300
.226630000
.229763800
.228372200
.228421400
.266245900
.227649900
.229523300
.231248700
.224845300
.230173300
.239769000
.235859400
.248098200
.225992900
.231443300
.227060700
.228376400
.222884900
.229923500
.224687500
.233454601
.273530100
.253264199
.232804500
.224591100
.229926200
.229919900
.259844300
.230039000
.227107501
.229600100
.224462800
.224537200
.232547200
.240490100
.241514800
.259332800
.225897000
.232807000
.223975300
.234597199
.264035900
.252961500
.229731900
.226696900
.224054400
.259562201
.264913700
.228475000
.216685800
.242749900
.228612100
.271888400
.240998499
.233665300
.228158800
.234656700
.242190600
.232284701
.226652200
.227036800
.230178200
.222850700
.233004100
.225602200
.227243100
.228515700
.228375900
.231376800
.232568300
.225201800
.224904299
.272889100
.263512000
.238881100
.229551000
.231391800
.233229200
.217679200
.239471900
.225806400
.226907800
.233226300
.258400101
.259632600
.238972500
.230295300
.227815300
.230554600
.230320300
.244980301
.227513700
.245714300
.224464800
.224997900
.230100500
.259010399
.230312200
.237649700
.238026500
.226325000
.229095400
.251231600
.223553000
.230154400
.233710300
.227355100
.230427800
.231274101
.266097400
.266427800
.228370800
.241667899
.235113000
.229997300
.265706400
.248013700
.227306300
.242865100
.237498000
.222912202
.241619601
.228751900
.228898300
.234206900
.234272000
.228075300
.230225799
.230171200
.232874200
.231789600
.244845400
.227622500
.231445800
.229406100
.225627000
.226347600
.227811400
.229159800
.229693500
.242116200
.270226000
.224332300
.222561400
.223665000
.228244500
.264235000
.227177500
.227189500
.232291700
.228272500
.231505800
.232182200
.227031300
.256323900
.232622800
.230639200
.221932200
.237495399
.261578700
.257045900
.244408900
.226793500
.229336300
.226151200
.226724101
.228814300
.228752900
.240094600
.223512100
.228196000
.227013300
.233827400
.223885600
.229962900
.232521600
.225769500
.225749600
.229293500
.209595800
.226675300
.230672800
.222317600
.236375000
.237438499
.233233300
.267121400
.232419101
.231195400
.228443000
.255229600
.250842300
.228631700
.234282300
.228309100
.225463600
.232371700
.224406500
.220978300
.230468500
.225431300
.232381000
.219182499
.235958200
.268302100
.242071400
.222510600
.229140700
.231451400
.238470201
.221632600
.225882500
.231221000
.225235900
.224666700
.230989801
.234313700
.225690000
.230749500
.225654400
.232956600
.227673000
.226719000
.272745200
.224915300
.232948400
.240940900
.228238100
.247958199
.227284800
.232242800
.227901100
.239603600
.226942200
.228216601
.233412700
.240072600
.235348400
.225567200
.226906900
.233849300
.277814400
.320324200
.230247200
.225381800
.227989800
.223183000
.248134400
.244076200
.234329300
.231374800
.229376300
.225703200
.233342999
.228494300
.229593700
.226939600
.235906900
.221147500
.235799101
.243063400
.239911900
.239035000
.230236000
.231942800
.230832500
.234258000
.238748600
.216739500
.250595000
.229608500
.225228800
.232367700
.231940900
.236220000
.234414700
.228035900
.240042000
.261310499
.232365600
.232056600
.236824200
.240164500
.237039401
.223460600
.273047100
.224572600
.224852100
.230892900
.252211000
.266867999
.233139800
.256116800
.233089801
.244430099
.226864600
.229510201
.227998400
.232738700
.228522600
.231072899
.230471400
.230959100
.232708901
.218258500
.255886200
.223103300
.230264900
.232383800
.224197500
.253798600
.240132900
.220464900
.228266500
.233648100
.232062400
.239756199
.226495900
.228886600
.244378001
.226620100
.236045399
.236636700
.224724400
.237674700
.233560200
.232054200
.250850800
.250922101
.245104000
.233024400
.274845700
.232533600
.237562100
.239768700
.257617600
.234593500
.235285500
.236760500
.232620300
.236696401
.237778900
.233398600
.235271900
.236301800
.233047000
.237036199
.225956300
.235918600
.222948700
.224892600
.225896500
.244353800
.243791699
.227550900
.223261500
.220394800
.225109900
.226718300
.264867600
.262653800
.230505500
.226326000
.226200000
.231135900
.230515199
.226616801
.229331000
.233232600
.233390600
.232149400
.229825700
.226157700
.237044700
.239677400
.228586000
.223206400
.229819600
.222635200
.229077200
.277487600
.231090600
.237814700
.225148500
.235151699
.228941000
.237294500
.235374100
.228927600
.232539300
.232829600
.257690801
.233462800
.225622300
.238957200
.251549700
.233520700
.243331499
.229128400
.235727200
.228018500
.231639700
.220995100
.232142701
.231844600
.265474200
.234687700
.234765000
.229773300
.233623000
.233267100
.259622400
.230876500
.229734700
.226826000
.270650000
.285762400
.219001500
.245406600
.232697400
.244060600
.235702500
.256290101
.236567000
.267520900
.234045900
.236409400
.233836300
.231618500
.225946700
.238994500
.224802300
.222607400
.227269100
.230248500
.226502100
.233953400
.249337500
.227889700
.234536400
.228621501
.226400200
.232455500
.227998500
.228541100
.236462200
.221645500
.232101299
.240349000
.228829800
.232904300
.231110400
.232306800
.238068801
.258440400
.232534600
.230576600
.226888400
.228486300
.270438300
.242089600
.228434400
.237692600
.230818400
.231844300
.228394000
.232156900
.221645900
.243091200
.232341300
.227748800
.232727800
.257873199
.235766700
.224278900
.226736600
.223695900
.224443900
.257446101
.263446800
.236813600
.231242700
.224121000
.228545100
.280284699
.221218200
.226409900
.234800500
.226526600
.238007900
.228651302
.220406899
.232012500
.229897200
.227310000
.223084800
.227906001
.225157400
.253586200
.257568800
.229204100
.232215500
.229447800
.233193000
.226798100
.226853800
.244009700
.229488200
.223344800
.229409600
.232035101
.230960300
.228801800
.229526100
.229927200
.240558600
.228058099
.286625400
.229824000
.232076000
.226349200
.226945300
.229799401
.228857400
.288759800
.232417400
.228388100
.228199900
.225978600
.236927300
.234430600
.235772600
.234053000
.261820000
.349011099
.254436700
.248988600
.239840600
.254773000
.276016702
.260888300
.237433500
.239442800
.247296300
.258989500
.235439800
.227248400
.227337600
.233518900
.231939999
.232732701
.236071000
.233531699
.216277300
.220939300
.224302600
.231061800
.225204200
.225594000
.234845601
.222258700
.227960000
.240231300
.234264400
.233090400
.268761100
.244290400
.236259200
.232647300
.222926900
.218396300
.225608900
.260122500
.233217900
.230307300
.231768000
.231705500
.229682300
.218700400
.242661300
.227373900
.221297100
.225650400
.225305700
.227095600
.225920100
.243203100
.231995800
.253861800
.227778200
.224433600
.234527100
.260607200
.239085600
.223751300
.227674300
.233995800
.266043800
.229173100
.229378200
.224161300
.232768200
.241121199
.238138301
.231378200
.231385400
.236436300
.238369699
.224943201
.256434500
.247819600
.232300300
.229529900
.217805600
.246397900
.230057999
.263829700
.236426000
.215132100
.225923800
.227729200
.228451402
.269380400
.233564800
.229699700
.232439600
.222231800
.226001500
.238984500
.225339600
.256109300
.234638200
.233875100
.231472600
.261023200
.230637400
.251091700
.256353000
.202487800
.220688600
.274947400
.231396100
.260559900
.224067900
.237562400
.221700399
.230038500
.230797200
.236590100
.228579900
.232695600
.225072001
.234425299
.228488201
.228902000
.230590700
.233779100
.227349200
.241078901
.236180100
.228177400
.235917699
.227884500
.228510900
.238760301
.229305299
.221250200
.234449000
.228125600
.223757900
.236366200
.235018300
.252822501
.263445800
.231727600
.228712900
.235928700
.232181200
.227283601
.230641600
.239656100
.240665699
.230454201
