.357779200
.350370600
.330260900
.447575700
.345740600
.356325100
.323882100
.359172200
.332606700
.332677900
.289007400
.386327400
.343777300
.295698900
.332078599
.367609700
.346390400
.341326900
.475529300
.394207000
.349914300
.315596800
.352204800
.363645900
.381028600
.292838700
.325014001
.368813600
.379320300
.311403000
.367973499
.333408400
.346139100
.283913200
.368262000
.353402199
.331433500
.354853200
.351760100
.321765401
.363490400
.354976100
.364663300
.295068400
.345759700
.342140700
.292801400
.342703000
.359643200
.349140000
.320512400
.348059300
.339700300
.350063100
.357000300
.398350800
.348375299
.375926200
.668268700
.308169200
.377914301
.340302300
.366999200
.339204800
.350709699
.356957700
.336682300
.340108700
.370444401
.335276800
.383481100
.378526600
.309292199
.393769600
.319912201
.348446499
.357724301
.359214800
.273366800
.351070200
.339564899
.418714700
.341692500
.361282001
.363659200
.403947699
.365582700
.346335200
.388004600
.276135900
.369184000
.368124400
.369946200
.376411101
.342284500
.354165100
.346964800
.339486600
.379119100
.419701300
.383565800
.341497200
.346525100
.332910400
.345026700
.305226700
.381353999
.353535800
.324087500
.327240600
.348232601
.371168600
.364883000
.362655100
.355436399
.416909800
.336247700
.321161300
.343544501
.397134200
.336211100
.344675100
.367538100
.378729200
.348735600
.329366000
.332646400
.351874000
.285605700
.329359700
.310492300
.385974000
.345517100
.358895900
.296773700
.359957500
.340613500
.343971699
.364129800
.304317400
.345968900
.291821700
.437088700
.419955100
.364786500
.348307400
.367854800
.337088400
.332596200
.347543200
.328097300
.374956900
.336884301
.357854500
.342234800
.365584000
.280411999
.372606501
.378229600
.385945900
.305559600
.425127400
.376113100
.287537900
.295527200
.416892199
.355866001
.318345300
.329019199
.337865301
.349365400
.362394100
.393946400
.340770400
.362052000
.365189000
.311458500
.279313500
.392949800
.333567900
.307006800
.359737200
.372255600
.330877699
.341735900
.394885500
.278587001
.382487500
.360366500
.328600200
.319420600
.373185800
.283371100
.383309800
.330058400
.307723999
.352462300
.382023200
.282448200
.335273101
.356822100
.382525900
.344577400
.322652199
.345630000
.286977700
.354253900
.336825200
.387857800
.340060900
.329829600
.317663100
.356441400
.351400700
.363251700
.276016500
.303219400
.366297900
.353980500
.330115800
.286464200
.410043000
.321183300
.344444400
.315943700
.294416700
.333970401
.354378600
.316598000
.286472600
.364772300
.351071900
.358309600
.280641800
.336138700
.293981900
.361685900
.303201300
.342438200
.344503900
.327809300
.352299000
.335360000
.280216301
.339870400
.367000700
.305677900
.313372300
.381950000
.369786200
.376750400
.326601300
.278935200
.373854600
.287092600
.325350700
.316285700
.387629000
.286782300
.345723800
.334919800
.353032900
.347984800
.334738300
.345998000
.298160400
.347026399
.340744900
.322181100
.287308200
.357699799
.392362100
.340725300
.347126800
.353166500
.372747200
.350924000
.319253200
.281847801
.292722000
.316064300
.375127000
.318462900
.302476999
.375141900
.393810000
.331664500
.317286601
.358995700
.426516700
.366028800
.300977900
.348659700
.337226000
.283123600
.322222000
.312648000
.374666300
.303440500
.352988200
.344935699
.274612500
.346360300
.311920000
.376258600
.417821801
.332760600
.338604200
.330442600
.340482300
.368403700
.360225100
.290364900
.321193600
.374958900
.325890200
.340294400
.301516800
.322217101
.359084300
.308755000
.292751199
.394997298
.362651100
.290809100
.346937700
.307382300
.337790600
.356471900
.408301400
.292687200
.279692000
.323620800
.375208500
.294200300
.349907002
.332266800
.347265500
.367067300
.333081000
.329449300
.410292700
.337912300
.316740300
.311417699
.370768400
.299584900
.331692600
.324741600
.369912901
.348758600
.299432400
.297958800
.397582400
.346269700
.314096100
.290507500
.317275800
.322342899
.355091900
.336140800
.306298300
.377043699
.307609800
.285301400
.297288600
.300162700
.381322900
.303751400
.280641500
.291150100
.287072800
.322905001
.350141900
.333109500
.356879300
.341204900
.355965100
.352514800
.286246400
.293463201
.332887400
.294031300
.400924800
.264902100
.341935999
.277250100
.311787200
.336992700
.304556600
.343705701
.296786000
.276169000
.315123400
.321552200
.372610500
.336522200
.297502000
.281685200
.442828100
.288114600
.301236100
.330806700
.353949800
.325393200
.367007300
.329896600
.310901100
.279195600
.386660000
.333844900
.359696300
.309685400
.373191300
.353692500
.283370600
.326278400
.282341599
.359213500
.286880300
.305868900
.293415001
.290287201
.345773500
.297822100
.290308200
.310020300
.342653800
.291518400
.355921800
.363537300
.349915600
.370407600
.269028700
.352536200
.273199599
.347510600
.299371200
.313925200
.278887200
.371125400
.320682300
.316096400
.327867300
.290581400
.356976800
.317863900
.275228300
.301910400
.278737299
.403155200
.290819300
.352701600
.293516100
.402081400
.275069200
.310638700
.276884800
.305308000
.344588500
.287787100
.281584300
.335140400
.297856799
.363285800
.288131500
.275266700
.301409800
.325402901
.350532700
.308710500
.344302800
.309531300
.277288899
.266399300
.352168600
.287287800
.307081901
.376759500
.269439600
.307234000
.281983100
.312229700
.347990300
.377975800
.310324400
.270706100
.372548800
.307191700
.337399800
.305028200
.379122400
.284412500
.374659800
.277744600
.287341400
.293784500
.406893000
.317050100
.300340700
.326446000
.364566600
.299924900
.331397600
.317580600
.354949700
.311506100
.302217200
.340432100
.310743900
.334045799
.405700400
.273203600
.319487200
.291546800
.399110100
.331163800
.286865500
.287492701
.351807100
.290527200
.320943800
.420511700
.297923300
.347473100
.316459100
.276269700
.367654700
.353399100
.329213000
.394600100
.312933900
.332432500
.352553600
.480149900
.383962100
.442676700
.428359100
.342160500
.488937499
.338879200
.494531301
.445761400
.580236800
.376578300
.431852700
.450285799
.407017900
.320827400
.331402700
.412328899
.426946500
.386303502
.283264699
.306093200
.310892400
.319802200
.329995100
.387973499
.380614401
.332999400
.382529199
.471081401
.344746500
.515408400
.291645900
.371425300
.303138300
.325774600
.322734800
.341956200
.352307800
.327042900
.340818000
.295933900
.326858100
.379522600
.279608400
.284608400
.306655000
.330048200
.283558900
.354263900
.294932200
.367718399
.349695200
.332873202
.375998399
.376229301
.263903701
.332477799
.329260400
.301408700
.296982199
.296864500
.367001100
.287981100
.333589801
.287003800
.358265600
.272521600
.297185400
.344676399
.336469200
.330564400
.325697501
.301597600
.325278200
.412354800
.299419500
.283926600
.384021499
.269058700
.342797100
.330446700
.278090000
.289420400
.284510800
.365842000
.382617100
.327009801
.357514800
.286394600
.276595900
.330083300
.343965500
.307530800
.343324500
.289302300
.295459800
.291498900
.311913300
.288868100
.284179300
.299716400
.300581599
.343228300
.321472300
.267159000
.361633501
.348752600
.277979600
.348124100
.386962800
.355909299
.304827200
.289355900
.287339500
.322907201
.344613000
.297807900
.294990400
.329698100
.292227200
.360023400
.271656600
.288418200
.292212600
.364938500
.337636800
.377104400
.288481700
.328473699
.312618400
.311999900
.283475300
.368581500
.343658000
.334884600
.314393600
.288054400
.352740700
.338793200
.314664600
.345023300
.350955900
.334807899
.361512300
.286452500
.291393000
.319986500
.325375800
.317406800
.356377200
.314992700
.312308601
.308443300
.358635100
.380436300
.326274499
.255307400
.335676500
.283041900
.322255400
.291681801
.330195500
.300557900
.298370500
.302108500
.267722799
.306504600
.281517000
.306917000
.326024800
.308165400
.379149600
.303536100
.295960000
.317440300
.303052201
.326008800
.353091900
.302255900
.336742300
.280176100
.278556100
.300546700
.297740999
.335993701
.295418300
.336654200
.334761400
.267469300
.356725499
.333784200
.286508400
.303392700
.289834800
.293353101
.309022900
.303625300
.291684000
.298277400
.297459200
.293856300
.283157500
.331264800
.321335900
.327708400
.306693300
.303143800
.298520500
.286847500
.403165700
.279487400
.313100000
.295357300
.356932199
.318940001
.308622500
.359258900
.288636299
.335598000
.345092700
.272904600
.319952400
.275828000
.350461300
.353923600
.304776300
.290551200
.339270700
.361642600
.295114600
.281325200
.298500801
.381546900
.288449300
.312770900
.349989500
.355965000
.292726400
.317815300
.302371700
.324956901
.358066600
.327210900
.309064600
.272619200
.302758800
.331975600
.300720600
.305199700
.302657399
.323914600
.372643200
.301111400
.298826500
.338414502
.311156000
.282890800
.354653900
.297655800
.301455700
.324950300
.323607900
.270656200
.343414900
.309780800
.298761300
.287607900
.340928600
.295494900
.379421999
.281340300
.304955600
.272246900
.341144001
.302408299
.323499600
.308829500
.334582800
.285180400
.347613700
.307965800
.305271100
.291740600
.457438200
.273912100
.297415100
.283773500
.294772301
.289809701
.340047700
.284412600
.295581300
.287558499
.307636700
.334447100
.313295101
.277363699
.342473101
.296590900
.360183600
.340963200
.299357499
.354419601
.313608000
.363967199
.299545600
.299012701
.348859300
.290041500
.297491200
.285360500
.313820400
.327329200
.358555099
.290283300
.330529000
.321917898
.291391800
.286523400
.309451300
.282830200
.360662800
.295955100
.312040100
.299996200
.301962200
.282446300
.349687000
.298467200
.293338200
.364965600
.349718100
.366436500
.295529200
.290576602
.355584300
.272763000
.345970500
.294930700
.370475400
.315712200
.305833600
.304071600
.300066100
.298443300
.301389799
.290836101
.340072400
.377590200
.299520100
.326243600
.305863000
.360141200
.282200099
.282317400
.292290200
.332219900
.294447500
.288607000
.318430300
.292862800
.282009100
.346183000
.324236601
.334152600
.299998400
.281509300
.309435699
.285455300
.303461900
.299327100
.341685700
.276409999
.332324700
.317866300
.300765500
.303938300
.289341000
.312308900
.362480200
.359622000
.317577800
.346913901
.283758800
.274028800
.280631700
.263462500
.338387800
.290155400
.299088100
.301466600
.351810799
.266068500
.294011900
.288710200
.315581900
.355683801
.297346600
.321426400
.279718800
.308843800
.336954800
.368628300
.293436400
.336857000
.289747900
.364759900
.280635600
.293443400
.321619800
.328279800
.292183500
.387823900
.288063600
.296663100
.274131400
.309238500
.315293800
.299456300
.281015400
.292275800
.283247900
.291585500
.341043900
.364971699
.293144101
.331764100
.297739500
.348083900
.340029600
.287809200
.326287700
.285976400
.286670700
.293789400
.316416000
.296097899
.314378800
.363458601
.333106800
.297039699
.286352500
.290446300
.287551500
.329974900
.400322800
.304122900
.349831500
.277243601
.360272600
.291202200
.267870600
.310672100
.295440299
.295780500
.269192200
.315919301
.325272001
.291022599
.277079900
.364166700
.320984100
.272005400
.291330300
.289711500
.278647700
