.009530800
.009346200
.008817900
.008156900
.008771200
.008353100
.008684100
.008256400
.006883200
.008312000
.008494500
.008122000
.008057600
.008503400
.008639800
.008338300
.008129600
.007832700
.008673800
.008179100
.008270700
.008844900
.008334000
.008338100
.006593000
.008471700
.008508200
.008284400
.006577100
.007985300
.007321200
.008059100
.008308800
.008388200
.007939900
.007283300
.007426300
.007995500
.008032600
.008304100
.007544000
.008317500
.008674900
.006575600
.006936500
.006832700
.006849400
.008093800
.006789700
.007605000
.006757600
.006639800
.006565900
.006762400
.007185600
.007947300
.007679800
.006908600
.006600400
.007863600
.008978500
.008823600
.007631200
.007266600
.009072900
.008439000
.006750900
.007228700
.007902400
.006833100
.007049900
.006864100
.008958000
.007425800
.006743100
.008099600
.007985200
.008041900
.008045100
.007977400
.008771400
.008278100
.007100900
.009004700
.007989700
.009126200
.008597000
.007477500
.007297500
.008951900
.008607400
.006696600
.007312000
.008029100
.007894700
.008133900
.006941900
.008463300
.008697900
.006866900
.006778800
.008403400
.008434600
.007565200
.008183600
.007250000
.008403400
.008741900
.008194500
.007204000
.008390800
.007181100
.007187000
.007278100
.008669400
.006785700
.007428100
.008042400
.007032000
.007316400
.007913200
.007382900
.007305100
.009083200
.007546200
.007229500
.007964100
.008872500
.007592200
.008048700
.007048900
.007605000
.007223900
.007152800
.006588100
.007268200
.008807600
.006892000
.006624300
.007306700
.008891400
.006691000
.006896200
.006629100
.006626800
.007810100
.007041700
.008429800
.006749700
.008147400
.007042200
.006774900
.008261100
.008495200
.006633600
.007060000
.007992200
.008079800
.006636500
.007235500
.007745200
.006960900
.008228800
.007176700
.007302100
.008450400
.007028200
.007290100
.013033500
.008779300
.006797500
.006763600
.007352700
.007170800
.006772700
.008419700
.006750800
.008587300
.006928000
.006896500
.006883700
.008812000
.006822300
.007139600
.007673600
.008175300
.008164800
.007540100
.007463000
.007154800
.008171200
.007664800
.008400100
.006815900
.008095100
.006707400
.006772500
.007567300
.006713600
.006694800
.006593100
.007780600
.006811600
.006433900
.007982600
.007972500
.007060200
.008987100
.008513200
.007908800
.007635900
.007692900
.008124700
.007313200
.008935100
.008147600
.007218600
.008415200
.007440100
.007192400
.006445100
.007988300
.007363200
.008826100
.008102900
.006532700
.008187000
.006596800
.008631200
.007208300
.007093400
.007630600
.006680300
.006790500
.008054400
.006495200
.007058400
.006512300
.008762200
.006558200
.007032100
.008021500
.008064200
.007683000
.006572600
.007984700
.006738000
.006565700
.008632300
.008010000
.006739400
.007233400
.006804400
.008216600
.006669300
.007525200
.007359500
.007665600
.007112400
.006612400
.006795400
.006993400
.006956100
.006674000
.006748200
.007779400
.008361900
.006982800
.006689100
.006879500
.006917900
.007085900
.008017400
.006628700
.006632000
.006668800
.006614300
.006665500
.008335600
.006615500
.006806500
.006862200
.008498800
.006606000
.006815000
.007011700
.007387900
.006735400
.008097200
.007102300
.007063700
.009435600
.006573600
.006788000
.007838800
.006752600
.007183600
.006879400
.006918100
.006617100
.008274900
.007096900
.007010600
.008152600
.007400700
.008063400
.008153400
.008148000
.007497900
.008254200
.006606600
.007301800
.007999100
.007011600
.007044600
.008304900
.008945600
.009150400
.008815900
.007037100
.007064200
.007702100
.007596400
.007268600
.006797900
.008334500
.008582100
.006645800
.007324600
.007491500
.006934400
.007650300
.007060700
.007089900
.007161800
.007812400
.007300200
.008716000
.007010300
.008238100
.008570700
.006854000
.006757800
.006598700
.008263400
.006846400
.007198000
.006685400
.006631000
.007213800
.009109800
.008501400
.006811900
.006875200
.007167200
.008347900
.007624900
.007616000
.006746200
.006877000
.007949600
.008404400
.007187200
.006723800
.008427100
.008303700
.007577300
.006591200
.006747500
.006883600
.006743100
.006659000
.008434400
.007548300
.006792200
.006622300
.008315400
.006928100
.006717100
.008182500
.006926300
.006741000
.006858800
.006965600
.006799300
.006955300
.006641200
.007552500
.006527300
.006558000
.007505600
.008773100
.008647400
.008193700
.006614000
.007113700
.007114100
.006818300
.007030600
.007124300
.006699100
.008353400
.008071300
.008384000
.007147600
.007160600
.007215700
.008358300
.008007600
.007256500
.007173400
.007980800
.007836100
.007701000
.008024200
.006557600
.006624200
.007368600
.008574600
.008070100
.008858700
.007046300
.007451700
.008164700
.007213300
.007249400
.007653200
.008647500
.007866700
.007277900
.006905100
.006777400
.007527100
.007030600
.006838700
.008553500
.006698400
.007463700
.008075000
.006556900
.007345000
.007506000
.008568800
.006908800
.007201200
.006493700
.006577300
.008051700
.008372400
.008095100
.007251700
.008764000
.006571500
.006525700
.007598900
.007530800
.007371000
.008965300
.007508900
.008159000
.007072700
.007100600
.007304700
.006768000
.006910200
.006878300
.007667700
.006500300
.008109200
.008242500
.008120500
.006866300
.007896100
.006864800
.006869800
.006645100
.006832900
.008128100
.006672900
.006558200
.008219900
.008562200
.006642900
.006736900
.007429000
.007154800
.007767700
.006950300
.009622800
.007136700
.006724000
.006861900
.006706000
.006738500
.007232900
.007067000
.006755100
.006864200
.006776200
.008302600
.007612400
.008183700
.008992300
.008265200
.007491700
.006569800
.007291300
.008205500
.007176100
.007145300
.007326700
.007241100
.007431200
.006607700
.007773600
.007766800
.007639200
.007273800
.007217300
.007888900
.008604500
.008313400
.009560400
.009565600
.008650900
.008703200
.008111700
.008805000
.009025700
.008481800
.008150600
.007776500
.008330200
.009747000
.008532000
.008242100
.008267700
.007647800
.008463000
.008054300
.008417800
.007765700
.006821300
.006686100
.008076500
.008175300
.007166000
.006883200
.007811800
.008199400
.007444800
.008630000
.008379300
.008884600
.008238900
.006832800
.008234900
.008160100
.008071500
.008151400
.008752900
.007210300
.006830300
.006998900
.007749800
.008288200
.007509100
.007174100
.008692300
.007205600
.007095300
.007522700
.006971200
.006925500
.006768800
.008103500
.006616700
.007693500
.007213200
.006915900
.006769500
.006897400
.006733700
.006531100
.006642100
.006879800
.006597500
.007196000
.007103600
.006757100
.006832100
.008010300
.007084500
.006963100
.008061800
.007362300
.008660200
.009267700
.010133300
.009382400
.009264500
.007181501
.008783201
.008068701
.007956700
.007113500
.008280500
.008854300
.007056000
.008500900
.007497300
.008755200
.006917700
.008128600
.008446100
.008112400
.008209200
.006767600
.006472300
.006508100
.008056800
.008098100
.008592700
.008493500
.008326800
.007524500
.006661400
.007199500
.008966100
.006867600
.006726800
.008368300
.007226100
.008013700
.008193600
.008050000
.006635400
.008037200
.006579000
.006981200
.006874300
.007133500
.007062600
.008300200
.006593300
.008777200
.007306200
.006936600
.008690200
.006719700
.008771300
.009099200
.007176600
.006843200
.006971400
.007148300
.006880500
.007648100
.008404500
.006651000
.008007800
.008742700
.007380100
.008174600
.007504300
.007731600
.006651900
.008964800
.007224900
.007659500
.007350600
.008192600
.008335900
.006673900
.007586300
.008130600
.008762100
.006603800
.006643100
.007769600
.006794900
.008690400
.006632400
.008211700
.007937200
.007618000
.008109800
.007059500
.007364200
.008441700
.007449600
.007554500
.008561600
.008209300
.007973200
.008868900
.008493500
.006779000
.007303600
.008711000
.007996300
.007525400
.006990000
.007490200
.007947800
.008161200
.008079500
.008835900
.008637000
.006836600
.008043600
.007483100
.008596100
.007969900
.008035900
.008899000
.007094200
.006879700
.007410300
.007113700
.008278400
.006805100
.007263300
.006656700
.008101600
.006766300
.006637700
.008397800
.006601200
.008080900
.006586600
.007190900
.007427000
.006994100
.007421600
.007093800
.008535600
.008020000
.006668000
.006960200
.007350600
.006957200
.007791400
.008142200
.008114800
.008199900
.007372501
.008767000
.007365100
.006852800
.007555800
.007140700
.010468300
.009029100
.009152700
.007934400
.009294600
.008981100
.007190100
.008498500
.008150000
.008070900
.007061500
.008114800
.009367200
.007912900
.009156800
.007345700
.007456500
.006947800
.008239400
.007142600
.009423000
.008064600
.007544900
.007490800
.006675700
.007564500
.008259000
.007252900
.008167400
.007005900
.007278000
.007465100
.008374900
.008287200
.007182800
.008150700
.007405900
.009063400
.007938800
.007676200
.008686200
.008309700
.007199800
.008768700
.006977900
.009013700
.007173400
.006811100
.007459200
.007308200
.006881100
.008153700
.006516500
.007321200
.008166200
.007220900
.007359700
.006710900
.006580900
.008850700
.006667800
.007124300
.008054400
.008016500
.007123400
.007181000
.008701700
.009537000
.007572700
.007262300
.007292500
.007121500
.007531000
.009416000
.009478800
.008882400
.009002000
.007035400
.007796000
.007238500
.007208000
.006781400
.007548400
.007468900
.007128900
.007066900
.008541300
.007469800
.007506700
.007949900
.007118200
.007437800
.008595500
.007217800
.007596900
.007486300
.008909100
.008954200
.008763900
.007309400
.008626600
.009118400
.007776900
.007268600
.007254300
.007160400
.008189400
.007932900
.007794100
.007276200
.008129400
.007421000
.007373100
.007270500
.008955000
.008908900
.009932800
.007375200
.007170500
.007206900
.007602600
.008127700
.007284100
.007388700
.007266200
.007755900
.008943700
.008881100
.008342500
.009119700
.009334000
.007520100
.009654800
.009467999
.008090600
.007520500
.008000200
.008014700
.007989700
.009205400
.007011700
.007309700
.007090000
.009156500
.008937300
.008048700
.009072400
.007256400
.008122400
.009273800
.008725900
.009229800
.007313800
.007716500
.007900600
.009039500
.008414500
.007811300
.008462900
.007928700
.009144800
.009156400
.007785900
.008551700
.007940300
.006974600
.007510700
.007558000
.008490300
.009013100
.007648900
.008015700
.007605900
.008266700
.007490600
.007929400
.008204900
.008139900
.007373600
.007760900
.007161400
.007957200
.007902200
.008530200
.009388200
.007520500
.008461800
.007079800
.007612400
.008021400
.007177100
.008021900
.009479400
.009272400
.007204300
.006953600
.007154700
.006938400
.007184300
.008451800
.007153000
.007028300
.007524400
.007831000
.008157000
.007334600
.006985500
.008953100
.008155700
.008342700
.008597800
.007932700
.009221500
.007195400
.008506900
.008539800
.008318200
.007789800
.008153300
.008141700
.008604700
.007374200
.008037100
.008431500
.008280500
.007518400
.008299300
.008836000
.008960300
.009127300
.007828800
.009528600
.007387700
.009237100
.007822000
.009070600
.008994400
.008109200
.007937100
.007530700
.008130700
.008389700
.007959100
.009023300
.007888500
.007426900
.009044800
.008874100
