.847562300
.916780399
.899388701
.855909200
.884746700
.837816000
.818382500
.837375100
.880517599
.839088401
.936517500
.909063800
.934635900
.925836500
.886099200
.876921900
.836561099
.867772100
.846919502
.854635600
.852929300
.896227899
.843273100
.842139300
.878391301
.893477100
.901267000
.908249799
.930958500
.844757900
.905438500
.858546800
.884330600
.894420901
.878202800
.835280200
.893566000
.875238399
.875922500
.860567601
.921293800
.851056499
.862984900
.854946200
.857341500
.893475600
.847325101
.853376500
.852956199
.845881600
.851158800
.907182600
.855856500
.843906101
.834286800
.826802800
.869728500
.828665000
.830971300
.827912100
.860784099
.923857900
.834552901
.838982300
.845044599
.833664301
.830979400
.824177700
.841488300
.851575700
.841891700
.821392700
.834834500
.833707800
.854501601
.863226200
.832990699
.829786600
.828226499
.832162501
.922449200
.819301999
.837035000
.828844101
.843844300
.908595000
.837833100
.827952100
.854532699
.896801400
.840880501
.820596098
.834063601
.835214900
.834799500
.833367200
.889916500
.830607000
.911094300
.825288700
.845075300
.835014500
.845818199
.913824500
.840868701
.830649400
.830437200
.822445300
.830935300
.857006700
.846689700
.849634499
.839813701
.830514300
.831541000
.853973600
.832703500
.823941600
.858242700
.836536500
.842786600
.909061300
.875682800
.822395300
.848663200
.834519200
.850160000
.848250600
.862890699
.837535501
.834182500
.833744300
.836021100
.833346700
.834930800
.844984200
.844204800
.838620700
.847274300
.824941100
.837396600
.916713800
.853305300
.888763500
.956527400
.942344400
.938331300
.895527301
.847133500
.823146000
.831493999
.824310300
.848959199
.850708400
.845791701
.821421100
.860987300
.838476100
.827382599
.837606601
.844271200
.854436500
.870564400
.914174100
.840599099
.838495800
.842480601
.819848100
.847860100
.847984400
.849975000
.823309799
.834065701
.820557400
.842402700
.838406400
.914709300
.853223000
.866684700
.836952499
.843440099
.836321100
.846452000
.836922900
.845394901
.847471500
.846181200
.831141900
.830991400
.825462800
.832665399
.831463200
.827760300
.922873599
.866689401
.825239700
.836642700
.852854700
.855640199
.874051701
.839816900
.848335700
.854141200
.872676200
.824677800
.822619199
.828360400
.840329000
.878581899
.887358600
.918210101
.852651100
.866126700
.903689099
.828516700
.823177401
.934570300
.910249200
.877521200
.861066100
.879878900
.903448400
.876734700
.871165999
.859895901
.890762299
.882002900
.870870401
.877524300
.870860000
.884882900
.878962400
.902339299
.883179901
.846569400
.841559399
.840538500
.826524001
.830576199
.837480101
.863798400
.836871100
.843868600
.840196200
.865535300
.904190800
.832738799
.791205900
.855558300
.863404801
.845185300
.823421499
.850785100
.838288801
.835698900
.845056900
.906738301
.877214899
.854493001
.881358599
.902035401
.897465600
.919740600
.913276000
.877334600
.859865800
.856217600
.842018000
.856602300
.846221700
.870885400
.846152301
.833499600
.819382000
.849323800
.840173000
.856473700
.857275800
.849031300
.841284500
.839988601
.844078200
.812688600
.852600900
.851709999
.853454000
.884481300
.835494200
.838153200
.837080600
.850879000
.838324900
.859900700
.863718600
.858003400
.837676100
.832673700
.834839700
.848577399
.855463201
.907353700
.843389599
.799756000
.836086801
.901571100
.859574199
.858240301
.824201400
.847611499
.849294200
.910263401
.856626600
.843492500
.839222300
.831202400
.836840399
.847780500
.812072901
.850010900
.832697399
.853390501
.833355800
.831178800
.858139100
.850834900
.821765800
.847202800
.839826500
.885430500
.901829699
.879121700
.883768800
.877853601
.887293000
.881602200
.891023600
.847414800
.849483499
.853748400
.835567001
.851764400
.865600000
.845877500
.834909600
.824772400
.824235999
.846374101
.869543900
.885119800
.863037499
.892899901
.886265600
.878896800
.881710200
.863987100
.837807699
.833432201
.836226899
.845820400
.843264400
.865054699
.847563300
.844156601
.837384900
.831136299
.844777400
.858518500
.832340401
.837258500
.842179300
.850318000
.852171399
.871996101
.827330200
.841708300
.835572800
.832165399
.856559100
.874652001
.832497700
.834667399
.837945401
.868386300
.824382200
.833217100
.828600900
.833739300
.808149700
.863489200
.935368200
.858986900
.860738000
.838467100
.914102500
1.018605500
.833041399
.823060600
.836157500
.844907399
.845709900
.831958901
.850840399
.837307501
.915642800
.900005200
.888172400
.931942400
.890529299
.904802001
.846518000
.858398200
.830439200
.916011599
.851301101
.867871199
.825215500
.832875500
.833690101
.828846100
.879075500
.881483700
.794315700
.832010599
.859446700
.832038501
.831781500
.834281699
.897305600
.853961900
.842896699
.885594600
.906660901
.884523000
.923943099
.844536601
.905039000
.877774800
.899629100
.933489900
.832325900
.869495900
.845010200
.922709600
.841344500
.839778100
.826802499
.836477001
.833013699
.845541001
.836561499
.835019701
.817841100
.832648000
.846232300
.835499200
.825698600
.850994700
.859032200
.964244799
.878422500
.843275301
.859640000
.887540299
.860657800
.980777900
.917082601
.923504200
.864381599
.892117201
.852057000
.884577600
.840728000
.848314199
.840135800
.882166201
.925991300
.851001999
.840767100
.849450901
.828593600
.878281799
.874957200
.871715601
.926434600
.925151400
.915004300
.869829000
.834138899
.920730700
.915035900
.811021501
.911173400
.838234900
.901451200
.949223300
.949543499
.945719400
.912223701
.944901700
.874085100
.877107500
.873563000
.881328500
.838661400
.853959499
.843194100
.870853900
.839870200
.844475800
.825436899
.838053000
.827589700
.833616200
.844085400
.883556000
.903381700
.905400199
.879309101
.950292200
.882682899
.914597200
.905958801
.890915700
.888807200
.894256900
.894972100
1.012789900
.878686400
.878939500
.873078499
.899536201
.927322100
.854781600
.896982900
.870695000
.893295399
.889249400
.913471001
.897900300
.858429200
.923426000
.883490800
.868516400
.920911999
.868344601
.953866700
.943815000
.870225600
.847078700
.848964699
.847765300
.851486400
.834761600
.844525300
.854138401
.849828699
.918716101
.855525700
.846913199
.842323801
.766388700
.905592200
.918085500
.849134600
.821331399
.860357700
.853540701
.919695100
.846449999
.862918900
.862827500
.908278000
.857997201
.855812599
.890035801
.849829100
.915866800
.913547500
.857499500
.837058100
.936776400
.894817700
.915954000
.926786000
.873957999
.846030601
.868384000
.894079400
.883349400
.904832599
.868171600
.850528901
.837059500
.853207899
.916647501
.852055300
.860436899
.845388000
.833785400
.843264500
.893722701
.886089199
.838960800
.848343800
.851132700
.831902401
.864385500
.925316199
.841779201
.852579100
.825666700
.884463500
.929978701
.841153299
.848122000
.840635000
.854686000
.838387600
.858873200
.856548400
.856877000
.852267800
.938031300
.908658100
.933774600
.937145599
.835527500
.876312301
.832583200
.849743400
.849733200
.833224000
.854178700
.904924700
.875738399
.907179801
.945675800
.940396000
.848190400
.928348899
.935344801
.924745300
.932891500
.894425600
.932408600
.894349099
.932759001
.853445600
.911314600
.897149300
.925059500
.874523300
.864084599
.825934200
.857853201
.885240400
.857109100
.922844400
.867004600
.933346200
.972532000
.914572499
.876271500
.883844601
.907200400
.835349600
.938497700
.881494200
.857366300
.886065000
.878601200
.933836400
.879808500
.887477100
.851887900
.844126900
.871239900
.869249000
.870194100
.941048800
.916588700
.921985499
.896980801
.868133099
.842074100
.910691900
.872185600
.874622700
.844264800
.923247200
.859032800
.929219800
.824741400
.885912499
.873284300
.930763501
.884384700
.884060600
.903209600
.865315500
.894328500
.836781400
.839274200
.837553400
.834753900
.943131100
.839537500
.921147900
.841701100
.898888101
.845229400
.859581700
.851903800
.855307801
.887196500
.924020899
.857265800
.857504101
.891270900
.836591600
.906309600
.867404300
.913096900
.862095000
.931374800
.884520700
.910640100
.821116200
.856326999
.875539400
.863402701
.908690900
1.526133300
1.071496500
.941707400
.867121100
.864780700
.861056800
.842743900
.857214700
.902486700
.836756900
.915536300
.873080801
.885836600
.859803200
.869899300
.859290000
.878038599
.852501401
.843609400
.874329800
.847042700
.895584100
.878779800
.834904000
.931394199
.843543400
.887815601
.889592000
.898508800
.829411800
.902965200
.845341600
.948838400
.875337100
.836293700
.883397900
.939678699
.831613600
.944451901
.815537299
.879775300
.849537800
.848556600
.832102000
.850051000
.871605200
.874758300
.874904100
.825875100
.855780400
.842756800
.836106700
.835889700
.935464900
.881971500
.886361700
.893247700
.884118500
.933867700
.828389500
.824834100
.899021400
.831901899
.847284901
.828326000
.838508999
.883514100
.999167200
.883955100
.887830500
.890905001
.988073500
.940919200
.848193800
.873952000
.934455900
.839967400
.857384900
.841712200
.926152200
.835322700
.909354100
.977556299
.839253200
.938097300
.838862801
.981376700
.994041200
.809103000
.941421300
.880824400
.904293500
.867498200
.841150600
.884530400
.837113300
.970124200
.871484400
.905261500
.876796100
.931739799
.920298800
.947288901
.898139000
.890733200
.873396300
.902225500
.923147000
.911951900
.940506500
.861800200
.911819700
.849074300
.872627600
.883731500
.873296899
.846380400
.852205801
.870612700
.885820800
.917295800
.869386900
.918933300
.861242300
.841370800
.952554300
.904928700
.890564300
.851559200
.857549600
.842121000
.854909900
.849896199
.834033900
.873826000
.832530201
.853230800
.958916200
.975071401
.863712400
.850721000
.842764500
.969900600
.917735900
.840156000
.851623500
.822638400
.842192700
.917923400
.823599000
.889694899
.943475200
.875117101
.863189100
.933835500
.957629900
.904993500
.861955200
.856301200
.914806600
.853355700
1.002936700
.993163700
.928576500
.845574500
.857961899
.865993300
.919212501
.930767400
.905961000
.870348700
.845062899
.793471001
.808114599
.872927601
.829708799
.805551800
.859552600
.873298100
.894159601
.808343500
.817406200
.811735700
.843950300
.830145700
.829949100
.867822800
.801008300
.900495500
.786918300
.821970900
.906168600
.905145700
.867256800
.803800800
.821195299
.781197000
.820678801
.808015600
.816861500
.838065800
.795785000
.861413500
.807982900
.797463300
.794286000
.814477600
.857445200
.849339700
.874938100
.870082700
.817741000
.875228700
.883117300
.882654700
.802515100
.841554900
.864477200
.813648500
.850489900
.829018500
.802614000
.825444100
.796652600
.809019300
.816824200
.883866200
.871170500
.890734600
.835347699
.807385001
.783479300
.805662000
.804840300
.812170199
.886241800
.818352701
.777137800
.800509800
.891051600
.855578800
.895660200
.803291600
.794494800
.844392100
.780055500
.812055300
.847669099
.913270300
.879611800
.881984101
.882740900
.797332200
.853294900
.832334400
.832280400
.820088300
.835718100
.865518000
.818745400
.841690100
.798165000
.895963100
.880015900
.846458900
.817395200
.874394600
.813900300
