3.380381201
3.501274999
4.039818801
4.056644200
3.511886200
3.452960899
3.436835101
4.023818900
3.496583200
3.724337300
4.019899100
3.274132300
4.091839400
4.135313000
3.424072000
3.816909499
3.217325200
3.183453801
3.191495700
3.736392599
4.058965700
3.525536500
4.085778600
4.588038700
3.837207301
4.493763800
3.699928000
4.107832300
3.772355299
3.218507801
4.106270499
3.796074101
3.473108500
4.095642399
3.281004501
4.107918800
4.103431700
3.273632500
4.094932999
3.464638901
4.090853800
3.257616300
3.776602000
3.541343800
3.242145100
3.975611000
3.295972999
3.737294901
4.041936100
4.175485000
3.238895301
4.028072599
4.079173301
4.127467799
4.103462900
4.119631101
3.736689099
4.178943100
4.121352800
3.566992200
3.160913701
4.064135700
4.027652400
3.567423499
3.490430601
3.599895500
3.520991200
4.100710600
3.752308600
3.846832400
3.501513799
3.245744001
4.083893200
3.197335199
3.212905200
4.055607801
4.080783699
3.776088300
3.823943301
3.764382500
3.628586600
4.048080599
4.067433101
3.461060000
4.063531800
4.115545800
4.159382800
3.485353299
3.286953600
4.086013100
3.520510101
3.996401400
3.456207099
3.461969200
4.247377601
3.478229099
3.596615900
3.868393200
3.204725601
3.768920399
3.480767900
3.437601901
4.402412899
4.175344101
4.083572000
3.748361999
3.449550901
3.456154999
3.309237201
3.473783499
3.563993400
4.101261499
4.061815501
4.057662200
4.089778499
3.264716501
3.258654599
4.144308200
4.130345001
4.049038599
4.091588499
4.131659600
3.247931601
3.270266100
3.241637000
4.040982900
3.315716800
4.043867500
3.509676500
4.065739800
4.028061300
3.338565900
4.139665000
3.779956199
3.900912400
3.762008100
3.248071901
3.484549899
3.191033200
3.808272801
3.450185699
3.604076501
3.208203000
3.495474899
4.050336500
4.059688001
3.541381699
4.081045601
3.698413400
3.524701499
3.179627101
4.058016100
3.584575700
3.476586000
4.057114899
3.743797801
4.094224999
3.812659301
3.773764599
3.781927401
4.055586900
3.460837999
3.729993900
3.503050301
3.506274100
3.570737600
3.739102200
3.243815999
3.479868101
3.519160299
3.456945200
3.536612201
3.442526799
3.479725900
3.800235401
3.454283299
3.634813601
3.213324799
3.707971601
4.080121099
3.816079201
3.468784099
3.729586001
3.677496199
3.676256700
4.028082102
4.041410898
4.077393701
3.821854100
4.244181600
3.228515700
4.051609899
3.799904000
3.472839200
3.439171299
4.073669400
4.067495601
3.984167799
3.746935301
3.519859700
4.091491099
3.834008902
3.702443200
4.113732900
4.068252700
3.785074598
3.745352701
3.763472200
4.053786199
3.213093801
3.171594699
4.134840401
3.460822399
4.037147200
3.219197000
4.079064301
3.236004000
3.817103400
4.119895799
4.070691900
3.496421701
3.470430400
3.766838700
4.019743399
3.820026601
4.070623300
4.026694200
3.559114200
3.472869400
3.766845400
3.728875900
3.457607100
3.318959200
3.494457099
4.205466301
3.544616299
4.045156001
3.435510000
3.753598800
3.508845500
3.460069700
3.246297999
3.480729000
3.304401001
3.473831199
3.480742201
4.099952100
3.166762000
3.511471400
3.788038800
3.695428399
3.553822201
4.115194800
3.453284600
3.241127400
4.071777799
4.073827101
3.526053500
4.079095700
3.721468200
3.801600200
3.707803300
4.072225700
4.694548499
4.071628100
4.047554800
4.113315300
4.069735501
4.091674500
4.091333001
4.139843399
4.110598900
4.134599901
4.061074500
4.119850800
3.774023800
3.406413599
4.068389601
4.101793700
3.791606899
4.098456601
3.160538700
3.746798100
3.969896300
3.494113899
3.745598600
4.069816701
4.117239099
3.747420000
3.721605401
3.750196899
3.762196501
3.455132299
3.455694900
3.278930401
4.080590000
3.126716000
4.084958600
4.109700700
3.455218599
3.816931901
3.163035200
4.189311899
4.062584100
4.048453301
3.234193199
3.434985201
3.429135000
3.762325599
3.286475001
3.969266900
3.794268199
3.399326001
3.522649200
3.818036400
4.098745100
3.436771500
3.430932599
4.056559700
4.018078700
3.256412000
4.273647701
3.977860400
3.788112099
3.766768601
4.073083600
4.026124799
4.054724801
4.088813299
3.998619601
4.112790699
3.284001301
4.126630399
4.032229901
3.218766600
3.252809399
3.500955301
3.403902100
3.923666500
3.734449600
3.557924700
3.488854000
4.303891300
3.150654500
3.573674300
3.750434800
4.195478899
3.974659101
3.809358300
4.060670499
4.075200000
3.476868701
4.119065600
3.708905300
3.260892400
4.013202700
3.232126999
4.076124001
4.073074499
3.754862401
4.037072800
3.233395100
4.184013300
3.399921699
4.156496600
3.746459800
3.544179101
3.425608100
3.468691599
3.776035801
3.485707099
4.065037200
4.079198801
3.436751899
3.320525101
3.193849700
4.053885000
3.507768700
3.485684900
4.041726199
3.754235100
4.069587601
3.482185399
3.455195000
3.307492901
3.475516199
3.258002800
3.460627400
3.519028701
3.445441100
3.214862599
3.507250001
4.177139200
3.419084500
4.038091500
3.459069000
3.621261299
3.479020401
3.460036800
4.049599400
4.096027499
4.081446900
3.442411001
3.730716199
4.060225701
3.179185000
3.470907700
3.981183499
4.051486501
3.443220400
4.081386700
3.972384900
3.480988000
4.081136099
4.146617701
4.050917399
4.206993001
3.426362400
4.048638400
4.063504100
3.978667399
3.229577701
4.262877800
3.815879100
4.081844400
3.690919899
4.164318101
4.014580000
3.550235700
4.092231100
3.432641000
4.123705399
3.701564701
3.480494900
4.122155399
4.093170600
3.984561100
3.595074100
3.575841401
4.112642000
3.492672100
3.261919699
3.311888001
3.410582700
4.048833500
3.689621099
3.516478901
4.151536600
3.715337600
3.473883200
3.699244200
3.720331900
4.065460099
3.726421000
4.135889901
3.496463500
3.242411300
3.491366300
3.241866899
3.521749001
3.338134599
4.122695601
3.262925700
4.051746000
3.298829900
4.068888200
3.777486099
4.010987400
3.824561301
3.487984000
3.578453100
3.236762100
3.781002099
3.492368401
3.304842200
4.059641300
3.903115199
3.688062101
3.575979900
3.640672600
3.509064599
3.779070401
3.486146100
3.230225799
4.049597401
4.075563400
3.420747700
3.195105900
3.822124501
3.468400100
3.449941300
4.063633399
4.079592901
3.520570499
3.423969500
3.812928700
4.049183101
3.411088200
4.164357900
3.458580099
4.105230400
3.790428600
4.120138801
4.585387499
4.132649300
4.084800501
4.043566300
3.493307799
3.436625201
3.746504600
3.780287100
3.385574400
3.577590200
3.488739999
4.074483201
3.442377800
3.842310600
3.242233399
3.732162102
3.493351799
4.086188500
4.060924200
3.465026700
4.277940900
3.179488800
3.646722799
3.489277102
4.031421700
3.553241800
3.511697199
3.693954100
3.443308701
3.521365599
3.768880201
3.422066599
4.026183101
3.764992499
3.449190101
3.500578199
3.689360100
3.755051900
4.059229901
3.451807399
3.302013400
3.474607001
3.456457099
3.158979900
3.263615101
3.696000100
3.497490599
3.494986001
3.742446499
3.544640800
4.031110501
4.169759100
4.033623300
4.067764400
3.475790300
3.470924599
4.092098801
4.101111600
3.754590100
4.100725400
3.525503499
3.446993601
3.195685300
3.194749600
4.022320900
3.996559600
3.465210700
3.376734899
3.380910700
3.249696101
3.387043800
3.444330299
3.731743700
3.747745501
4.082114500
3.661597000
3.788854500
3.478986099
3.446228500
3.527642801
3.472069299
3.652337902
4.092221899
4.129996001
3.745703100
4.070109899
3.480790501
4.039898700
4.023478799
4.059146401
3.212924399
4.076983401
4.028473099
3.432240101
3.172087400
3.545159699
3.257086101
3.775304300
4.082978901
3.218308099
4.094318301
4.067488199
3.835948501
4.055827900
4.075491399
3.492867200
3.484779301
3.198723899
3.161721200
3.463470400
3.524790901
3.756279900
4.035848100
3.396968699
4.261976102
3.465784400
4.053613300
3.987129699
3.506210901
3.816186199
3.229095701
3.236301100
3.440893299
3.940256601
3.788940600
3.467940299
3.496727001
3.847888000
3.417096800
3.620794400
3.508691199
4.016854601
3.500922000
3.209139400
3.524382200
4.086842900
3.470123500
4.062152099
4.035948101
4.099409199
4.191306100
4.174749900
3.481479000
3.227054701
4.040970299
4.019664300
3.217177100
3.206547200
3.452119500
3.219418201
4.125896500
3.492411200
3.424972800
3.795990200
4.012722699
3.492294901
4.064309500
3.787300400
4.013906400
3.447156400
4.041727600
3.763786999
4.055714501
4.549072599
3.533785901
4.005244301
3.572141500
4.098624500
3.291095400
3.754240100
3.748927900
3.468574799
4.119497701
4.056913799
3.735148301
4.111444000
3.708989599
4.079637700
4.079445001
3.470528200
3.369484499
4.060580901
4.182196700
3.974086500
3.281300300
3.508115399
3.255729200
4.067455400
4.032971701
3.826889099
3.478051101
3.467949599
3.484468400
4.055949301
3.865441200
3.778759800
4.096980400
3.221221499
3.985089101
4.172052301
3.285633201
3.580024599
3.584739501
3.655435700
4.121122500
4.089948999
4.285237800
4.113650499
3.532075301
4.084173399
4.052002100
3.809713201
3.824786599
3.821229901
4.158894900
3.886787299
3.790070700
4.042856101
3.838828900
4.085519000
3.790034999
4.057691101
4.149231300
3.770416400
3.455331700
3.266300300
3.172222800
3.475918799
3.423138801
3.753601599
3.234066400
3.697508901
4.205471100
3.693206400
4.088071800
3.997764901
3.245957499
4.014715500
3.735322200
4.096654700
4.052040700
4.740477500
4.049075599
4.254184701
3.306617399
3.191748701
3.984102200
4.118363299
3.695291301
3.527803500
4.040576401
4.070964699
3.428633901
4.077736600
3.742339900
3.441869800
3.451708100
3.968902799
3.475878301
4.010117200
3.512604600
3.453362700
4.084236100
3.525663400
3.711594999
3.795366400
3.459769701
3.227364399
4.003879500
3.533182101
3.975158000
3.468291600
3.762627900
3.214807200
3.280480000
4.080364000
3.425612400
4.078534699
3.428289700
3.352488200
3.542983200
3.503006199
3.851931800
4.112425200
3.479490999
4.002349300
3.699118801
4.038785200
3.446985200
3.557338200
4.034044699
4.237944801
3.427515300
3.799370199
3.735902001
3.459762199
3.582913701
3.759503399
3.505594100
4.119838201
3.765637500
3.295796899
4.070553301
3.711884400
3.238089999
3.395188800
3.463406201
3.494058100
3.405209000
3.459641899
3.192987500
4.029251001
3.553500800
3.448083399
3.722929600
3.311406100
3.417105500
3.538312700
3.439471699
4.088154301
4.089454600
3.467182799
3.442416801
3.635674900
4.142081200
3.378121400
4.075636799
3.443613700
3.295486201
3.658529400
4.040494000
3.256074700
3.557357000
3.442347500
4.090131599
3.709660001
3.793282099
3.468372501
3.849849300
3.725266800
3.160133200
4.040131599
3.773668901
4.071930500
4.049969300
4.006105699
3.319855600
3.228731300
4.068628800
3.346641300
3.493646801
3.803436199
3.699764900
3.465443300
3.714687500
3.505616101
4.130261700
3.664506499
3.778363901
3.515583899
3.282328900
4.055710301
4.065197700
4.037912400
3.542602400
4.231844500
4.051094500
4.110733200
4.128299000
4.257721300
3.181340999
4.103663501
4.102252100
4.103192300
4.131528100
3.868878300
3.446547099
3.483146001
4.023967900
3.495725800
3.676215799
3.461041801
4.067553400
4.047505800
3.698461400
3.816025900
4.040653800
3.483323199
4.114284501
3.793006800
3.792636199
3.481280500
4.110543901
4.043507000
4.076066900
4.065824799
3.735190301
3.235773800
4.062489700
3.197394200
4.040151900
4.057344899
4.189868601
3.823477400
4.066896900
3.358841799
3.692066501
3.226090800
4.114187700
4.069683100
3.489172899
3.317526901
3.230001099
3.218445801
3.238374000
4.079950299
3.454801999
3.352299500
3.740060101
3.461092300
3.218097600
3.848284400
4.106170400
4.050929299
3.230848901
3.771870800
3.681287399
4.013915001
3.773984499
4.042129101
3.286960400
3.940282400
3.427898500
4.128298899
4.042793000
3.839069601
3.494449799
4.091829801
4.159144400
3.484534900
3.493235799
3.451490900
3.454250701
3.534887899
3.582563100
4.091383501
4.036534099
3.420004101
4.074548900
3.558115999
3.617805601
4.166349800
3.190615599
3.167790701
3.263835300
4.069547300
3.142415800
4.106218199
4.120069601
3.478163399
3.588489600
3.759303600
3.196537801
3.960858700
4.052714699
3.753610100
3.296783500
4.186984501
4.093121900
4.152219800
4.047130199
3.188879700
3.413575000
3.761407099
4.022780701
4.056810899
3.982375700
3.885506701
4.146205100
4.104857400
3.729046100
3.524060000
4.191700200
4.303174600
3.810744399
4.177042200
3.797124301
3.207432200
3.802810099
3.160283601
3.221561799
4.150592701
4.008512399
4.110825700
4.016827900
3.772852501
3.675848899
