.030528700
.022986400
.022768400
.022165500
.022338800
.022649200
.024377700
.023458300
.022605500
.023115300
.022158300
.024321700
.023244499
.024578000
.022854300
.023373600
.024802100
.022634700
.024539400
.023865700
.022831200
.021670500
.022072600
.022329900
.023458300
.022764400
.024420600
.025456200
.023779300
.023415000
.024223600
.022881500
.025450900
.023453900
.024457400
.023515600
.023788000
.021547700
.024299800
.023925500
.021875400
.021372400
.021233700
.023988300
.022291400
.023041100
.022830700
.024750300
.022023900
.023540300
.023734700
.022015600
.021546900
.022290300
.022058800
.023153800
.021357600
.021493500
.022534100
.020968300
.024677000
.022822500
.023428800
.023031900
.022030800
.023065001
.023857299
.021698400
.021485400
.021119100
.022503600
.021637600
.022004800
.021710400
.023498000
.022642000
.025762700
.023385700
.023602700
.023751000
.022570400
.029139600
.022878500
.022222400
.022090800
.022494500
.024139700
.022151300
.022322600
.024435400
.023942900
.024078600
.023116300
.022970500
.022578000
.022476000
.023034800
.022799900
.022093400
.022728100
.022174400
.022238500
.022878200
.024937100
.024617200
.024172400
.021915100
.025011500
.022790600
.022907700
.023153500
.024678700
.022170700
.022910700
.023610200
.023602600
.023795600
.022742000
.023841400
.022527200
.023298200
.023476000
.022105100
.023217100
.023160500
.023986599
.024415800
.024178200
.025495900
.023462800
.024551300
.023669900
.023660900
.022907800
.025231000
.022892500
.022041600
.023321600
.022785000
.023520700
.022417400
.023362000
.022834300
.023155800
.023531600
.022533600
.023116500
.023001300
.022602500
.022057000
.022568000
.021660900
.023100700
.022946800
.023347200
.023376200
.022869000
.023617400
.023708200
.022827100
.022745700
.023184800
.022669100
.022884700
.024445800
.022816600
.022737100
.022154600
.022100600
.021901300
.022316200
.022340200
.022342400
.023142500
.023451300
.023056600
.023476800
.023572600
.022719500
.024008600
.023135600
.022431800
.023244700
.022494300
.023125200
.023071800
.023712400
.023453000
.023519400
.022392000
.023475301
.021654100
.024324400
.023440000
.021795100
.023002800
.021302500
.022287100
.023416600
.022367700
.022711800
.022374500
.022303800
.023276100
.023498900
.022247600
.022949900
.023801500
.024039800
.022793200
.022843200
.023442100
.023072500
.022734800
.024082900
.022611600
.023122700
.023571200
.022529500
.023694900
.023369300
.021928300
.023352200
.022012700
.021395200
.022301000
.023767800
.022720300
.021911200
.022862600
.022911900
.024648200
.023901500
.022459700
.022443400
.024913500
.022585200
.022197200
.021971100
.022500700
.023485600
.021637800
.022861100
.022712900
.021884100
.021895800
.022082600
.021779400
.022588900
.022654500
.021694300
.025080600
.023003800
.023980600
.022943200
.022562700
.023055600
.023087000
.023164900
.021757400
.023480600
.023446400
.022444900
.023112400
.023429100
.023648800
.021917100
.023458500
.023520100
.023042900
.023774300
.022545800
.022697200
.023998000
.023600300
.022587900
.023324500
.023082000
.022854300
.024031100
.022899400
.022068200
.024502100
.024286700
.023565700
.024398700
.022076900
.023898300
.023491500
.022823600
.023392400
.022974300
.021825600
.022017900
.026519299
.022286300
.021987200
.021676500
.022185200
.021798200
.021919700
.023133700
.022998400
.022655900
.023344500
.022021800
.021708200
.024991800
.023635900
.021748300
.021772700
.023857100
.023611700
.023001700
.023983900
.024311100
.024575300
.022770000
.025444400
.024391900
.024494000
.024021800
.024030900
.024540600
.024263100
.024172600
.023756800
.023731200
.023867600
.022854500
.024914700
.024312700
.023159600
.023426400
.022344700
.022725200
.023366600
.022708100
.023358600
.023282300
.024751800
.022457000
.023168100
.023465500
.022656000
.023463900
.025346200
.021491900
.022113500
.022840901
.022740600
.022912600
.023441100
.023210200
.023312300
.023771200
.022437400
.023108200
.022693500
.022986000
.024748300
.023476500
.022053100
.023230500
.023136000
.022490900
.023495800
.023738500
.022587100
.021901400
.022616800
.022788500
.024121800
.023123800
.022064000
.021639500
.023249800
.024376100
.022333400
.023339800
.021810000
.023448700
.023113000
.022983700
.023823000
.022635400
.022057200
.022418600
.022358500
.022522000
.023896300
.022501800
.022286400
.023855500
.023211400
.024039400
.023890600
.023533300
.023250500
.022910700
.026092200
.023591100
.022901400
.021886300
.022910900
.022793800
.023354299
.023875201
.022821000
.021439300
.021551200
.021980600
.021621000
.022941100
.021761900
.022076200
.021292100
.022843100
.024042400
.023003200
.023725900
.023953800
.023488400
.023041800
.022093500
.021919500
.022421800
.024808400
.023595800
.022396600
.023456300
.024497600
.024507600
.023695900
.022887400
.023416900
.023793200
.024337700
.024151100
.023201400
.023794700
.023627000
.023522300
.023896900
.023598100
.021994800
.022632900
.022234200
.021980800
.022534000
.022679200
.023203200
.023100200
.021730000
.022938900
.021991600
.023256900
.021482300
.022177700
.022037200
.023413700
.024046700
.023060500
.021700700
.021790500
.022580300
.022321300
.022763100
.022604700
.021852100
.022454600
.023462100
.023097000
.022510300
.021744600
.022362500
.024714600
.023829800
.023565200
.022694300
.022484000
.022064500
.022271900
.022942500
.021395500
.021960800
.022224500
.022155400
.022189600
.021832900
.023652100
.022307100
.022469300
.024707600
.022357400
.022274400
.022092000
.024382200
.021702000
.021795800
.022747000
.023015800
.022507000
.021361700
.022028000
.022774100
.022564400
.021573700
.022683400
.023241500
.023150000
.022288900
.022805300
.021667200
.022439500
.024392600
.021837100
.023435100
.023505600
.022366500
.024934800
.027656600
.024612700
.022036800
.023469300
.023843300
.023258100
.022683800
.023459100
.022600700
.023428400
.021596500
.022809500
.021902500
.022590400
.022304300
.023938500
.023421300
.024627400
.024557400
.023503800
.023608800
.023605700
.023731100
.023516200
.023756200
.023421000
.023715300
.023625500
.024189100
.023896000
.023366800
.023036500
.023871200
.023523900
.022736800
.022222300
.024607900
.022596900
.024779400
.022179700
.023436100
.023783300
.023620200
.022742700
.022176700
.022916700
.022918700
.024715000
.023421900
.023285700
.023351500
.021345000
.021629100
.022969100
.023799500
.022337400
.024769600
.024552300
.023436800
.024406500
.023101600
.021479300
.021016100
.021196300
.023158500
.022424900
.023989300
.023959700
.023070700
.023455000
.022488800
.021124700
.022169700
.023122400
.021021100
.021877300
.023957300
.022103600
.023202400
.022809400
.022018100
.023945800
.023720600
.023137800
.023470100
.024448000
.021899800
.022718500
.021762400
.022735300
.022774900
.023822000
.023773500
.022914200
.021621000
.023594400
.021397800
.022833700
.021697300
.021550600
.021405100
.022578500
.023698500
.024013300
.023285700
.022943800
.023059900
.022002900
.023160200
.023863100
.022586900
.023027900
.023498600
.023938000
.021285800
.025870000
.022863500
.022305300
.021292500
.024238700
.021232900
.022270500
.024920000
.023779700
.023680200
.022318900
.021885900
.023334200
.021646800
.024812800
.023224100
.021796700
.023295500
.023744200
.023884000
.022533200
.024551300
.023691300
.024756600
.023788700
.024678300
.023620100
.023363300
.023673100
.024351600
.021525700
.021344100
.021794400
.022903200
.021329700
.020553400
.022715600
.022996100
.023782700
.021294700
.021523900
.023175700
.023369800
.022824700
.023295000
.022587400
.024405100
.021442800
.021627600
.023487600
.023819400
.022971400
.022169900
.023012800
.023207000
.023729300
.023451600
.022960200
.024981100
.024762100
.022028600
.021876700
.021394900
.021553200
.021351300
.022186200
.023280300
.022953400
.021027100
.021376300
.021517300
.022736100
.021186200
.023127000
.022310900
.021197300
.021571200
.022968900
.021526800
.021578100
.020914600
.021828200
.021178000
.022855600
.023588600
.022683500
.021970100
.023544500
.024206500
.023164300
.023162900
.023629000
.022490000
.021981900
.021757000
.021390300
.020957800
.021584400
.022971700
.021442700
.022208900
.021409500
.022500200
.024247100
.023545200
.023148200
.021699500
.020909000
.022744700
.021595900
.021415200
.023411400
.021922800
.021161000
.026276800
.021666200
.021209400
.022965400
.021387000
.023293200
.023492700
.023678000
.024424600
.023733900
.024533100
.022119000
.022547700
.024022800
.023560700
.023056300
.022982500
.024082600
.023186600
.022681800
.023172700
.022684700
.023826800
.023710900
.022059100
.023851000
.024319100
.022138300
.024188700
.023565400
.023665900
.022601600
.022828000
.023223100
.023264800
.021281500
.022863800
.021485700
.022020000
.021549800
.021972000
.024528400
.022384400
.021250400
.023337600
.023997400
.023148100
.023364700
.022049100
.024383700
.023877100
.023981700
.022248900
.021495500
.022354300
.022241000
.021644500
.022074900
.021010200
.021837200
.022180700
.022744300
.022792300
.022459800
.024518600
.022836700
.022521700
.022869600
.022406000
.021844400
.023061000
.024749800
.023135800
.023559200
.023024800
.023223000
.023810200
.023922700
.023766800
.023917500
.023694400
.022588000
.023920000
.022759300
.023547200
.028366000
.023639700
.024384600
.023100900
.023342500
.022168500
.023138400
.023051400
.023242500
.023043900
.023943100
.022830200
.022445300
.021742400
.023772500
.025899000
.023474500
.023715500
.023127600
.022542400
.022813900
.022294400
.027504900
.022114700
.023660200
.022946900
.023485800
.023111700
.022182600
.022029200
.022601600
.022827400
.023541600
.022596200
.023286700
.023342200
.023601700
.023624600
.022850700
.021978700
.022391500
.024404700
.023259900
.023247900
.023274300
.023462600
.023224900
.023649100
.023702000
.023585600
.024206600
.023656800
.022340000
.023666900
.023108300
.023106400
.023358500
.025267400
.022388600
.023542500
.022225400
.023442400
.023718100
.022334600
.022562200
.023447400
.022704900
.022652800
.025595800
.023647900
.022469000
.023775900
.022497400
.022741300
.023816400
.022386100
.022200500
.023581800
.023002700
.022435300
.021723900
.023180400
.021762500
.022110001
.021746800
.021973200
.021867800
.022021800
.023996400
.024539500
.025324300
.024642700
.023395300
.024252800
.023584600
.023681800
.022321000
.022557100
.022496000
.023904000
.023711500
.023249900
.022701600
.023801300
.023668300
.023036300
.024413600
.024041700
.023205200
.023143800
.023385200
.023011400
.023880600
.023722200
.023471600
.022323300
.022739300
.023106700
.022176500
.022140800
.022329500
.022457500
.022283300
.022085400
.022661200
.021643900
.021307000
.022040800
.022053100
.028301300
.022598900
.021905800
.023331600
.022822900
.022315600
.022309000
.025436200
.022706700
.022210000
.023568500
.024761800
.023259500
.023808900
.023391200
.022856900
.024032000
.023346700
.022027500
.021867600
.024134300
.024244100
.023731900
.023416500
.023453200
.023282600
.022579000
.023334300
.023361200
.022722800
.023618400
.024792900
.022367600
.022621800
.023646300
.023329500
