.339724900
.397079500
.381500200
.360470101
.318995300
.383829000
.446278300
.397573600
.406428200
.443353700
.354931800
.402845099
.426366800
.433882200
.400877102
.364017199
.374095700
.338677700
.366100500
.344852400
.429227000
.454840799
.449849000
.346430300
.428079500
.356393400
.359955200
.358045300
.344379700
.358845001
.385350500
.409422600
.431297500
.339642100
.455991700
.437719900
.407345000
.370501200
.398418900
.398532200
.325923600
.397922500
.324658100
.356926800
.365661300
.341621799
.381387800
.464743800
.459817300
.433072899
.377579400
.417585400
.380195901
.366724599
.399492500
.416723800
.388774099
.353078600
.356794000
.390716900
.441717701
.381229700
.418671000
.347547600
.373104500
.393072500
.290617000
.327966900
.434727800
.299112500
.353686500
.360653000
.302097599
.418181200
.431158700
.469365800
.396223600
.402446300
.372320200
.373625100
.336494300
.301417500
.346828700
.372833400
.357913601
.389720400
.359092500
.362428300
.401781599
.407101600
.382969900
.414089600
.430237101
.467848000
.384242000
.425571100
.371188800
.428958900
.297269900
.444657200
.400579000
.429961100
.414066600
.405212900
.396942000
.329951900
.313993000
.369045400
.370004400
.355873200
.327233500
.348912099
.363150300
.382175300
.448210300
.472972801
.354156500
.400104200
.355669000
.367332600
.397133800
.359884301
.389542199
.381673600
.324486400
.420503500
.399047501
.398411600
.398003400
.409532000
.416944300
.436221700
.454614600
.383733600
.428651300
.369349100
.368947400
.364149400
.396450500
.425156900
.334569600
.338027300
.396127200
.360688700
.366871099
.340426801
.356107700
.375785600
.355116500
.297355401
.344933300
.333310300
.413567500
.424043900
.440395700
.376748000
.396432500
.394909400
.380202800
.392672100
.372692700
.374090400
.353598300
.294308600
.354348900
.293339899
.410448600
.427049300
.392378000
.375131301
.384818900
.364588600
.369530100
.350473100
.365895400
.399696000
.311257600
.382309999
.348344900
.363855900
.348997800
.464681800
.389971100
.308741400
.349714100
.375584000
.402990300
.354235300
.357176100
.304107501
.362832400
.340306800
.280609900
.389641800
.375558099
.395538700
.361803700
.305394000
.377155400
.336276000
.315360000
.337978800
.570587800
.453435600
.404289000
.339674701
.397422800
.427105700
.368056000
.392752599
.370765400
.292694200
.348377900
.348033101
.342203100
.368120300
.386075900
.306391300
.360764300
.324072000
.442111900
.440899799
.420370800
.434889100
.380884900
.375281801
.319231000
.367442000
.335784000
.377779900
.307681900
.362935200
.314585500
.371368900
.373974700
.445605400
.384522800
.441027799
.288436200
.392435900
.356046700
.360593401
.330266600
.380826600
.353678200
.332422699
.353191400
.349057800
.410627900
.421820601
.404053700
.432874200
.305808400
.370478300
.375114300
.328172000
.319464200
.410759900
.354036400
.317715700
.324784600
.317106500
.330153700
.418965700
.389818300
.339139500
.446243100
.384090100
.403072100
.315186100
.449400100
.387106000
.327909200
.368472000
.409757200
.402345600
.374867199
.393608000
.366823000
.394059300
.395891000
.412881800
.423402700
.331700100
.392995600
.293926200
.395134000
.341575900
.306217100
.381991801
.432619200
.358847300
.343272000
.378978600
.340573400
.353368300
.376870200
.359019900
.309704900
.324224400
.377610100
.290365099
.393225000
.424821701
.372412100
.367388800
.466363500
.384201600
.316416400
.363699600
.372884400
.442636300
.388376000
.348836299
.296080500
.330852300
.384504800
.364880401
.391864800
.354751299
.295864000
.360539501
.367806099
.368780400
.361091200
.421810299
.387999900
.326945200
.383245900
.399577901
.409866300
.472348300
.373720500
.374277999
.400820500
.346563600
.318988200
.438126401
.330597999
.331052800
.332156000
.376162601
.364897000
.370818300
.450421500
.364723000
.394137800
.302626100
.346001400
.363985500
.376506600
.331803000
.448617800
.381839299
.312286701
.373533800
.407014800
.327540300
.467731900
.419018200
.384504200
.392913200
.378873200
.413181600
.285219700
.320710900
.345075500
.349511400
.289956000
.344713400
.284567000
.366428100
.392806000
.449036399
.325347200
.290732700
.375990700
.314956301
.361369901
.318390799
.359899300
.340324000
.436122499
.307575300
.347909100
.333608200
.447760701
.353905000
.410964700
.337060600
.418690400
.332445500
.377365700
.371713300
.392562700
.406937400
.385646400
.333924100
.405096900
.349470400
.324077100
.340070500
.344953700
.391718400
.413381000
.410727500
.364466899
.308876200
.389247400
.372510200
.415277900
.304513300
.415071600
.373093600
.338916200
.326377900
.339846600
.306447100
.328431901
.294745900
.357599799
.356386700
.331336200
.288777601
.322698200
.425365700
.364184300
.396648399
.374772900
.402835300
.357058800
.354587200
.368690500
.323139800
.292175400
.391922200
.323203200
.353030600
.284224500
.336678801
.340454400
.326543400
.343788900
.332291800
.339938600
.396341400
.354481500
.302758300
.376748300
.346626800
.297832200
.333835000
.379325700
.354005500
.318924100
.349973300
.301610700
.329391600
.406056400
.356304500
.346228700
.348558699
.380493600
.310542100
.345960700
.362526401
.330387500
.295585300
.319960400
.282145200
.294737799
.463891000
.405767300
.399310700
.326078301
.344891800
.284619100
.304319000
.353889100
.282538100
.305176100
.302037700
.308638200
.301067099
.315631500
.283353800
.313279700
.344946500
.370915501
.366613200
.453036400
.371360900
.395723399
.333150000
.355010300
.348311700
.330020201
.301076300
.307930200
.293112100
.359990200
.315395100
.330386600
.303122600
.390622500
.405809499
.405096800
.361544000
.387044701
.402456700
.415137500
.359284000
.409251199
.431345400
.444294600
.372276400
.366570401
.449773200
.352017300
.412357700
.349779600
.358601300
.357936800
.328783700
.415216499
.328801700
.358863100
.309704600
.284864500
.330034100
.316707900
.378147900
.329596801
.338322499
.328792700
.376215000
.318525900
.326302699
.313784900
.307944400
.327803900
.403415301
.319046000
.335751600
.310171100
.319785800
.429731200
.365835300
.317619100
.286482500
.351959600
.351801200
.366542900
.301566200
.422027499
.305131700
.384795400
.311688100
.368339300
.346147900
.367871800
.442451400
.390802401
.311172900
.293032900
.392704900
.294693500
.332883700
.307141300
.368568800
.320532600
.348237500
.344935800
.296370300
.385311700
.343835100
.411316299
.414926200
.314012300
.311798400
.419909200
.342930100
.368704400
.318960600
.346833099
.350753900
.306127400
.343068600
.314493201
.394065299
.415797200
.362684700
.422438600
.437789800
.392049000
.403019101
.389614601
.397027600
.352155800
.323366200
.305021800
.383034400
.322224600
.395291400
.357895100
.341493300
.326204400
.358358100
.444118900
.329519300
.427014300
.316728200
.377981899
.357952600
.370482100
.371221500
.391453600
.421891500
.312631600
.346690000
.414792201
.350952700
.353194600
.295312500
.344108099
.488009700
.365291500
.332757800
.336586400
.325882000
.416117301
.428353600
.351144900
.311831900
.391524200
.389140800
.315260400
.401608700
.384113900
.343603600
.298890600
.359214400
.327439600
.327282300
.351971098
.374947200
.365940500
.353998200
.379812401
.394449700
.337338400
.327920700
.354777700
.389993100
.358825600
.375901000
.367392400
.393459100
.431106400
.362790300
.320104400
.391796000
.392930700
.299207900
.293487500
.368057700
.322327000
.307145000
.303929500
.302884000
.393928900
.351425200
.384560600
.387542800
.303540200
.414474000
.315856400
.288021200
.338412899
.312604000
.360487400
.321569600
.346034001
.440843300
.315789000
.374467500
.298570599
.316901001
.347397600
.354005200
.327234400
.397718699
.316071700
.296184000
.295775900
.357699100
.401710100
.299837200
.308593800
.290639800
.348375701
.359289900
.381696300
.408709900
.422389000
.310744400
.294822800
.313936399
.464380401
.578041100
.389052400
.497241000
.506419400
.475150399
.474617101
.358593900
.344942500
.341990700
.402254400
.496900900
.379655900
.375897400
.476493599
.419021200
.391061100
.507195301
.522390000
.419014500
.521374700
.708276700
.378574400
.350018799
.373971500
.364355100
.358340800
.358419100
.294657500
.336083200
.333908900
.367141202
.384705999
.346355500
.439717400
.370191901
.382345400
.375516500
.364550400
.315358600
.336366300
.316697000
.381127800
.355129100
.325829000
.358203200
.357009900
.364967400
.281473798
.390903500
.287480700
.344302800
.334057802
.370885300
.299020500
.327747900
.308378700
.360263999
.339885700
.341014700
.392806300
.375615200
.337341400
.306700000
.291691100
.354842600
.394817600
.305964400
.406274800
.343998600
.331835001
.390163400
.303356300
.354255100
.330382399
.386680700
.320221600
.377725300
.354686800
.386411100
.286357800
.362732900
.320229201
.417139300
.330388800
.375366300
.311465000
.293739200
.385086700
.414530000
.355265700
.413162600
.311763400
.305093200
.365948900
.378942199
.368486700
.380781001
.306431000
.363992300
.354193900
.286838400
.362440600
.424899000
.356554700
.356762800
.311329100
.336503500
.361792000
.359895599
.328078400
.361906601
.354707100
.296216600
.379303200
.323037900
.381796100
.352018500
.469555500
.318069300
.385241300
.317831200
.299677300
.400615500
.299619000
.337139600
.304504300
.290220700
.332026500
.416045500
.342931700
.376461700
.336044000
.424188500
.346444800
.325030400
.315295200
.325888500
.286594900
.301331900
.302360500
.343622300
.338389400
.309155800
.284413200
.292211300
.394384300
.355340400
.341632100
.369651600
.297636100
.332139500
.337637200
.287504200
.300359300
.286108200
.346370101
.366851800
.328309400
.293524000
.384373600
.413163400
.362511900
.357918000
.363168600
.370286100
.347410900
.355552300
.322216400
.331041700
.289443700
.320241199
.308514400
.401526801
.369311500
.316687800
.349383100
.346837900
.421586300
.335282400
.333427100
.318484899
.368379400
.406214700
.305619300
.331425401
.367663600
.287908800
.327350500
.304086900
.356365499
.364081000
.373647700
.361695200
.403162801
.342427100
.289324000
.275584300
.379839400
.360525800
.355006399
.303351001
.304397000
.361267400
.331812600
.352024700
.342184200
.344053999
.350497000
.327245800
.315164100
.312427801
.350249700
.324074100
.304811599
.366338301
.356909499
.379189201
.335715199
.283963101
.306772400
.337822900
.366760500
.452207299
.366757101
.417554400
.292124900
.405805700
.284090399
.360673600
.298720200
.287495200
.296707000
.336311000
.291319100
.335648000
.312253900
.350979600
.396449801
.339667900
.318079800
.323440300
.343043199
.314693400
.300575600
.296290600
.296850400
.289529100
.344071200
.347661800
.298380500
.343082201
.372565900
.451575500
.340797500
.294722200
.390187600
.349617700
.292306900
.372973000
.322407899
.344310100
.377654900
.302427600
.295014599
.338131300
.321744600
.362146400
.353750201
.384546600
.351686200
.291834500
.320856600
.369895700
.374367500
.315188400
.309937000
.280812500
.333471900
.285903500
.313716900
.330143700
.401508600
.384367600
.319595700
.314501100
.361408399
.334853300
.352881100
.304905700
.303205701
.373564299
