.378347700
.367493100
.368323901
.391018900
.396005400
.371201100
.360170700
.349863600
.368765800
.408226300
.392555699
.426862601
.410441800
.387787100
.360255799
.399935900
.395297300
.375070600
.399429001
.432249100
.364594900
.409267400
.417152600
.365523600
.390389500
.406350900
.380914600
.404381400
.362474100
.442642299
.504353100
.351856400
.354869401
.370900200
.402436500
.348995900
.329377300
.380483500
.351905600
.390049900
.365741800
.443937500
.377877300
.379681100
.391546400
.380742100
.347832300
.361395100
.362648299
.398708600
.368553800
.396901500
.381367400
.390553900
.376028800
.362039900
.392925201
.387127700
.343627100
.372709200
.350064401
.420456000
.379692600
.372153699
.390647101
.340483300
.349677600
.388311200
.353596800
.430749200
.347823200
.346821200
.410164500
.434365400
.361198900
.389497200
.396086400
.389911900
.376980700
.377633100
.335835400
.370396600
.361565700
.382962200
.387725100
.371527200
.336721800
.285666700
.384669300
.408965300
.398113500
.367953900
.360935100
.344094300
.346820200
.307922400
.386792000
.380276000
.366178700
.340064100
.366828900
.375951500
.368023400
.372920000
.402529000
.395880800
.385776100
.344850800
.355724000
.372210400
.386797700
.372287800
.370832800
.407481800
.359805800
.376501200
.599974100
.400932500
.380589500
.379207000
.359539500
.401002700
.359791800
.374852600
.359477600
.324535500
.382413900
.388620300
.397629100
.355315100
.402746800
.383902600
.374581700
.351995700
.339026100
.351580800
.352508000
.364172000
.358615400
.332216799
.419172500
.334035400
.392584100
.373918501
.391935000
.383017900
.383433600
.394278900
.419427800
.399398100
.351946100
.374885800
.364097600
.387739899
.353502501
.373231800
.356255700
.416689200
.366761000
.328154200
.381395100
.336453900
.371750900
.408801200
.391083200
.368117100
.366920300
.348139900
.370122500
.356570200
.370769200
.379463200
.362356000
.372502600
.377959800
.392462200
.368560300
.364398300
.328003600
.348139300
.343795500
.385912600
.320699900
.408416600
.420819200
.350584500
.335743801
.403467199
.414680900
.324851901
.377910000
.395448499
.359907400
.358962300
.337556600
.416384200
.352144500
.348308900
.390381001
.345973300
.401143800
.371395700
.363407199
.351578000
.370068800
.361810400
.346244200
.356542700
.346752800
.336203200
.384190400
.302108900
.365672600
.366669700
.343969800
.337959700
.396744700
.354874500
.347742000
.367175400
.396030500
.415598800
.377994100
.348282400
.350844700
.383992700
.400378600
.363866799
.353988200
.357093800
.318856600
.364364501
.382092600
.359920099
.402042500
.391104501
.332896100
.397689800
.368083700
.363568100
.383209800
.363150500
.347946800
.369582700
.448520700
.385978400
.339253200
.360895499
.380461900
.360064900
.358811800
.384090801
.350863000
.374060900
.356129600
.384476999
.414178600
.359983800
.362806100
.352436300
.394627400
.324330200
.342320200
.395680100
.392105900
.346226300
.383809600
.390320001
.368262500
.371193300
.387339600
.346290799
.360715700
.366964300
.369521901
.426847700
.347918300
.354595400
.363671900
.404380800
.336371900
.382466900
.368113000
.366685000
.335016400
.355724799
.333773100
.328631401
.374420900
.369791500
.332395800
.363032800
.332059099
.396154500
.340594600
.382436101
.376265900
.386936900
.334836700
.365656401
.331999800
.380772599
.353946900
.381707099
.353187800
.374947500
.335341900
.380840000
.348273400
.406778500
.363810000
.354502200
.335312601
.383676500
.333772200
.356488600
.360137300
.364971800
.344122500
.355807400
.362401500
.340821500
.360381900
.363775400
.378942700
.394673000
.328953800
.370299300
.352786000
.372914700
.372245600
.376867100
.356199599
.378509100
.335611700
.348954300
.360601801
.402669900
.399781000
.349510000
.349166799
.326771600
.361578800
.364312600
.374893501
.362530800
.336250200
.338554200
.335815900
.376861200
.344091900
.371871700
.379111800
.370777600
.347297200
.375351800
.333700600
.356615200
.426212100
.352914100
.357380600
.343860200
.337967000
.348984200
.370549400
.379267400
.378380600
.359637400
.370523500
.387972399
.410018700
.350073800
.348093500
.393369600
.386811900
.315799700
.410786701
.372026800
.382459000
.350916500
.346789600
.375880500
.419166000
.363297600
.332869000
.376878700
.396048999
.360807800
.336383400
.371041801
.347905800
.404378900
.336099100
.382808900
.383936800
.365887600
.327736600
.380001700
.337253000
.356276800
.358887200
.354462699
.344301800
.362751900
.340035100
.392557101
.293137800
.370532800
.366637800
.372309100
.329266600
.405659300
.318771300
.358305800
.362709099
.366687100
.336015100
.330699800
.344195201
.396595100
.340172400
.390649100
.396041600
.382608699
.343758300
.332185300
.338813501
.383583300
.352491600
.334077700
.377413499
.372332200
.403392500
.331965601
.349467399
.367342000
.358109101
.351975400
.408064600
.406597000
.354583100
.339029800
.365340400
.342233800
.360336700
.359871300
.365003300
.396728000
.387357900
.395932500
.338675700
.347205499
.382676801
.364432600
.361185600
.425181800
.386874600
.371592700
.338646899
.353951400
.380237400
.364381300
.395962401
.390310100
.376166700
.359855500
.354792200
.356991200
.349541600
.366460100
.344003300
.393803100
.383446700
.362840900
.372200000
.360294400
.400601100
.365850200
.373248600
.355777099
.380042200
.358643300
.372217101
.376126700
.362208000
.324963500
.361774600
.339877100
.388710500
.340074700
.386912900
.391751500
.366621800
.364354200
.362464999
.336795800
.348352500
.338842200
.295540000
.350091300
.385464200
.328235100
.343785200
.348014400
.325394400
.331555600
.349549200
.376345301
.367330299
.344027600
.348008800
.398245900
.392098300
.362010501
.328098300
.363061000
.367107000
.385471700
.335996600
.374790400
.376005200
.374732600
.330895800
.332127600
.351805800
.367356700
.347430799
.343399001
.381401500
.366483900
.397220500
.360138500
.349497800
.399912500
.349764500
.348138199
.450497900
.356800400
.353519000
.348510601
.379947198
.359551200
.335690601
.373802101
.371386200
.377460800
.335832400
.351568399
.410831401
.371946900
.289118900
.376456400
.352203800
.377281000
.337462200
.419870600
.406050900
.344133600
.337522400
.351990400
.375338400
.530163800
.358772400
.343718200
.359102400
.392117800
.418798400
.359953500
.366792200
.331704000
.344191800
.370676500
.356846500
.351979100
.370637000
.360167699
.389886900
.352584500
.410820100
.355300300
.369564600
.372055200
.358053100
.328706300
.338701100
.360021000
.384232900
.419958301
.388374799
.366594900
.386610100
.327356099
.367963601
.370926500
.369265000
.364081100
.362782700
.336234100
.346881500
.339925800
.353023700
.351427500
.414456200
.296225500
.374627200
.375303100
.416461000
.334971600
.372856299
.388026900
.354137100
.324429300
.350954201
.335970700
.380745800
.335912200
.378780800
.376143100
.374033000
.327348900
.348090900
.335056500
.360669400
.344360000
.357988699
.340463600
.379140800
.334850300
.357213400
.374624201
.385862800
.348279000
.370371400
.391930999
.375302400
.369863801
.348927800
.380309299
.382675101
.340344500
.350011000
.356111899
.372198900
.344170900
.367079100
.367922301
.350460000
.391283100
.355516600
.340027400
.451527100
.334401500
.358397600
.364500499
.347482500
.376229100
.384570801
.360011300
.366106800
.399906100
.354907500
.376243999
.324525200
.356455700
.349031800
.372254301
.359230000
.327167300
.346772200
.324129900
.376678299
.355459400
.375572100
.383773001
.370150500
.343942100
.355570500
.351886600
.385235500
.375519100
.490698300
.383485900
.402973200
.487924900
.463275701
.448988300
.494238400
.458716200
.407370600
.416048800
.322113300
.386619000
.378880200
.351343800
.431458100
.370215500
.352116099
.354653400
.368394800
.360253200
.381382301
.383540400
.395322900
.412214900
.371261800
.343801400
.332060100
.366891500
.378781499
.368069900
.336250400
.396656801
.366820000
.335800500
.364146500
.379960899
.340992001
.393595700
.363938000
.395016200
.347941399
.378693700
.334314800
.371260199
.392114201
.396178401
.390527101
.399322200
.406662800
.374932900
.395960300
.361654500
.370747800
.371906700
.367807500
.398569600
.367703700
.348944600
.379324200
.330969699
.362286900
.398412000
.379868900
.335173101
.443155600
.443309901
.339465600
.386693098
.360617500
.389587001
.369220399
.351558601
.384004400
.373105100
.391257800
.398676000
.373324500
.373274400
.370941900
.374498299
.352299401
.342756900
.352173000
.368254400
.347616000
.383354500
.351863900
.382284700
.339583500
.415257700
.350839700
.392700200
.369197800
.358772100
.327997100
.350764700
.340077900
.392662200
.339794300
.391301700
.387994900
.382218800
.372031100
.358938300
.402778900
.377384400
.357436700
.366762900
.348134400
.350533200
.372098700
.396091300
.359903100
.370745900
.387947200
.386500500
.340642000
.349721200
.339542300
.357451700
.368198100
.378528000
.335689500
.334990800
.351961400
.384075900
.340472700
.375983500
.378718200
.360128700
.374627200
.354407800
.343616800
.417056500
.357822600
.352882300
.353091500
.329004700
.349466100
.376264300
.352443099
.390650800
.410217200
.371553600
.392074900
.493718300
.342249300
.365859600
.349700899
.370568900
.391976900
.365378701
.385281800
.335931300
.393727000
.382899800
.363838100
.359988900
.380076800
.370605600
.381293300
.377351200
.362679600
.364233500
.370429400
.331177300
.373068900
.335503499
.387274100
.398828800
.366607900
.348063801
.358433700
.345267400
.363322200
.405960900
.394521400
.343894300
.342993200
.335828900
.371959299
.360595000
.414604700
.367890800
.361624600
.339998800
.350698100
.343627400
.344168900
.360183300
.452267000
.340130500
.370735200
.407955100
.324807100
.399672801
.371687500
.395455900
.369361100
.336156800
.346920300
.357191900
.346841500
.386214100
.386706600
.348140800
.346581400
.340035600
.367443600
.352593600
.391065600
.370710600
.395758300
.355203600
.378686400
.335888100
.368783899
.395034100
.337017800
.347884200
.392959301
.357470100
.327273200
.355999900
.386259600
.424004100
.349038800
.383739400
.349618500
.400932700
.342834500
.376212700
.372085000
.340733400
.350328300
.364476700
.399967700
.348441600
.382983400
.366794800
.419640900
.399876900
.370710300
.338940600
.360148500
.406360700
.365542100
.337097900
.351005899
.375990600
.400569900
.339372600
.403630801
.402281900
.366448800
.341214100
.362778600
.338312800
.372536900
.366358600
.414439400
.359957200
.336290400
.338314400
.389215800
.367832200
.383181800
.356115100
.373150299
.356286700
.370955900
.324033700
.361970700
.409524600
.353901100
.350583500
.378942401
.380016300
.392434600
.511431400
.395102200
.368005500
.331997800
.345112201
.388037000
.374927200
.352226200
.399917000
.423078999
.374240600
.329661100
.386255300
.382942400
.371620500
.364717900
.344674900
.366982400
.343095700
.360765600
.315474201
.399935500
.368847200
.335885900
.362612300
.412848800
.375551100
.341105500
.378464399
.360052001
.390257700
.343026600
.389631699
.353782998
.374810700
.387698300
.389444602
.351448700
.368653500
.346257100
.401126800
