.830032899
.845188301
.938543100
.827242100
.939889200
.808463400
.830773800
1.005330400
.856264600
.790872500
.840656600
.854234600
.844062700
.872093300
.846685000
.757634700
.832827400
.761355600
.838889500
.837492800
.864245500
.806959000
.849224100
.819601500
.893097399
.845490300
.833693600
.824105400
.804141801
.826487700
.852742198
.829444301
.865668400
.955692600
.834770700
.785171199
.856639901
.868473700
.752771100
.816279400
.791854899
.847217700
.970482200
.804597000
.936229400
.780975600
.865026500
.742661701
.848956000
.916520599
.847071100
.765122701
.857212600
.740778300
.968145300
.828370200
.857135500
.832457300
.778905000
.830682100
.858132600
.821606099
.852161800
.885207100
.834617400
.776941201
.896840399
.848633501
.839181500
.761261000
.829175900
.830303500
.861606099
.860420300
.832842601
.887688700
.788711700
.822868099
.902169200
.817340300
.812837800
.840182400
.818874501
.806228300
.858802200
.860945000
.814291500
.842584600
.779892499
.814912400
.946870401
.852352900
.809157700
.840664300
.818995000
.745286300
.863096800
.817450399
.765505400
.847273201
.796002800
.823842900
.825010600
.841144700
.844538200
.749059300
.814572300
.736797500
.853671399
.840259900
.787948101
.850978100
.838340500
.858758200
.849171000
.845385499
.819178300
.898544600
.854033201
.752832300
.816341600
.829485600
.759917900
.854893200
.810404800
.894939099
.858006101
.816540500
.839204799
.830670901
.817989500
.762811600
.802874100
.821174400
.790169700
.860345900
.850671000
.800214098
.838039401
.850925400
.786063700
.912602000
.857542300
.830325500
.830692300
.881363900
.845134300
.813985999
.866049601
.866817299
.809272400
.881447701
.814721399
.827284800
.826073200
.752693700
.844210101
.880986700
.764859499
.893884600
.820090801
.819405299
1.096475200
1.091109401
1.242844800
1.043446300
.875979499
.839771800
.857492501
.788660599
.867783400
.832443801
.851911000
.840002000
.833379500
.852078500
.796127499
.828304000
.887327500
.813263201
.845616000
.954724300
.774752700
.799486000
.848320900
.832010199
.801234401
.812009100
.820249100
.968872000
.929103000
.833413799
.876394101
.993640000
.868879600
.852272600
.851817000
.822977300
1.061464500
.863355200
.911544800
.809366900
.863209800
.817129599
.884298000
.842770301
.873983900
.797966000
.830169900
.925576900
.835867700
.811324000
.853487200
.866788300
.837417499
.861361200
.851056900
.916212201
.861708300
.748477300
.882415300
.890912899
.859819301
.798321700
.753985700
.878623100
.882123000
.863986200
.840292000
.831471400
.850061999
.768248801
.852802500
.875973499
.841052200
.748398000
.794416200
.839516800
.863490600
.848314400
.929934801
.851826300
.835517500
.736431200
.831968799
.844313100
.833320500
.748060400
.810575900
.846606801
.828484400
.825429900
.865659600
.831636500
.809423700
.796397900
1.169399000
.823607700
.806404900
.829656200
.811863499
.770493500
.815112200
.805553201
.846891400
.732502199
.874160900
.748116301
.816570800
.839627700
.822845600
.796660699
.717009400
.831096901
.818289200
.818496299
.985007001
.821940599
.739734901
.799408800
.874366100
.842255700
.759782699
.878711601
.878941100
.850237200
.829987799
.839509701
.821452699
.822886601
.832825900
.752246600
.827805700
.843225301
.817944499
.795428100
.877178000
.907304700
.830944800
.819871700
.857906200
.847887200
.903367100
.776202100
.841134500
.820086799
.808511600
.853476201
.820287700
.828076300
.836460199
.836153300
.831443500
.845111600
.796322100
.784383300
.845267901
.855679900
.760679300
.857578599
.888314400
.817993901
.863315400
.806923800
.795877300
.868180900
.841473700
.779177600
.810598399
.819686800
.860201900
.837582700
1.072468500
.889173401
.858378600
.893375200
.863824000
.818005200
.845932900
.838777400
.895326100
.877058600
.887441999
.845922401
.867431400
.902922399
.869801800
.828837501
.824432799
.866329901
.829435199
.870763001
.897554300
.843944100
.853909699
.863094101
.835226399
.896560201
.822021000
.874970100
.884306800
.764159100
.834319800
.843021900
.882305299
.883765201
.823916200
.832210900
.918764200
.925403199
.816995000
.828956501
.823001300
.788135300
.884612200
.741424700
.900446600
.812961100
.877140800
.812894600
.734177000
.882701800
.838792899
.853489900
.887545801
.879806800
.872904500
.747590500
.829282200
.845399900
.823709900
.779807699
.834958600
.868859601
.874127700
.829600399
.887927501
.831423500
.728456799
.926546500
.818591100
.845364201
.793441400
.796492399
.837312400
.823663900
.831814900
.877263400
.867264701
.735585400
.816189500
.855708900
.987182900
.860655499
.845561401
.868089599
.815822701
.854293300
.893349800
.813379200
.849393500
.838905899
.723863700
.863474201
.746713900
.904785100
.809163900
.836550800
.821365899
.810359900
.846567001
.846706700
.849446699
.832211301
.865284400
.846947900
.767279200
.844698599
.972395701
.768416400
.814443500
.876182800
.824707499
.882492300
.831735801
.862043000
.845543400
.870821200
.824534300
.898890099
.842656500
.766684701
.790517600
.801099900
.868271300
.885891400
.880335799
.769114000
.814806801
.904982400
.783964699
.834415302
.821619400
.850768900
.809212100
.884773100
.778003100
.858480000
.857794699
.922631001
.738914700
.847301100
.851700499
.827248500
.837486000
.888488500
.799241601
.760422100
.870692400
.838522199
.873809300
.756988301
.860843600
.824998600
.771834100
.866524399
.813309202
.820494400
.842831300
.777550200
.913123900
.863488800
.849336200
.848259199
.836935100
.856188901
.842281300
.851774300
.838809600
.818867400
.767942000
.810958399
.747184700
.868794100
.912545101
.763346900
.830654000
.805989400
.846317199
.838992000
.813359901
.857422600
.839173600
.803193900
.830600300
.806653600
1.029158200
1.337232000
1.338080400
1.051369799
.819853600
.882838201
.812635700
.867377201
.752001899
.848552400
.860856499
.841246500
.834911901
.799012400
.827366300
.919754200
.845664700
.826938700
.799245300
.810624600
.798448800
.818540099
.854672901
.797941900
.750924400
.874380600
.813432700
.907310000
.996514700
.827461200
.858839200
.776720200
.777002800
.811159500
.851257300
.835580400
.763050700
.834635300
.776353700
.884612100
.856386999
.812036700
.816447700
.782810500
.819271801
.771914300
.805926800
.821503100
.790608499
.826412401
.812333100
.824736300
.827512000
.857417300
.837045700
.850796800
.855990500
.747952400
.817820300
.833565799
.766487801
.890421300
.828226599
.772823700
.854288401
.882767500
.766151899
.829200501
.818808699
.804093001
.841092900
.948373700
.841607000
.725378300
.805908600
.842004099
.827922501
.873405500
.828235099
.812087600
.824696600
.926835200
.960914100
.929141500
.858076900
.833072900
.750741800
.917470001
.765686600
.877487799
.836182500
.828366900
.892331599
.867077100
.878570601
.947575900
.888594200
.810682400
.747167800
.799267800
.807444300
.920802800
.898859100
.846366600
.808359000
.803028400
.904553400
.861736400
.868671900
.828540000
.834532500
.902533400
.863409500
.851831699
.921307701
.842695500
.784464200
.825353900
.805326300
.928166400
.836897200
.762136700
.850995099
.814457201
.869859600
.903182400
.841257400
.889082699
.804448200
.930898701
.784549900
.862031800
.855419900
.753942000
.823406799
.798641900
.829925001
.899876700
.832762900
.848740800
.863311600
.816302200
.766761900
.927042599
.848639001
.785984399
.807518000
.774344800
.826437200
.838922900
.841912000
.778001500
.843103600
.821008300
.759851500
.847130900
.834404299
.863993101
.833009800
.830245200
.864122700
.844114500
.849486300
1.012167499
.843696601
.826383800
.896801099
.873790901
1.021195800
.838676100
.752066400
.882002500
.798626399
.829129401
.842220100
.846509900
.827931100
.732383100
.871971000
.890227600
.862752201
.860958800
.824440699
.889483800
.874406400
.821995299
.853572601
1.175840500
.863043499
.787427800
.871116600
.857640900
.862056701
.750986400
.765554000
.911806399
.822876199
.878979701
.852407300
.815292300
.803267300
.869696199
.795064601
.873720000
.868959400
.791500300
.817610000
.851536700
.926200500
.806485700
.809885200
.923200599
1.071066400
.885664700
.802351301
.817639200
.819762500
.865642600
.878585099
.798566100
.877725001
.846007500
.869447100
.847849900
.805791700
.807779200
.858361899
.902593400
.798259001
.849921700
1.002669100
.774209300
.822413299
.805492800
.793857701
.967677300
.832069400
.841686800
.878515800
.848445800
.835703600
.857990600
.859189500
.856616400
.820716600
.836893000
.833198099
.835909300
.781914801
.882514100
.839133099
.861811400
.812921100
.828608001
.823003100
.709910299
.871081500
.817637901
.789929300
.866132900
.755531399
.878002500
.831382501
.821571400
.778506400
.873937499
.849866001
.723659100
.847390000
.809430700
.808301400
.870578800
.821587100
.792418499
.804099000
.809727500
.820220400
.816275401
.848680700
.756710200
.827114900
.877937300
.752642100
.860343600
.827106600
.800519000
.838852700
.827424500
.778772499
.819866401
.859984500
.879124199
.827153500
.849809301
.827945400
.840325599
.819849400
.844829400
.815944799
.853946201
.827862699
.827640300
.779734100
.766151400
1.091392001
.836917700
.774873700
.792383100
.836208300
.806971000
.775988900
.837365100
.821780000
.813206800
.846415900
.824712400
.823236700
.905311800
.797894800
.810242300
.795249300
.758172099
.885692400
.823456400
.825638500
.815738601
.773987800
.889792800
.765854400
.827600700
.837957100
.768468700
.887549700
.820043700
.816538200
.808176500
.817652800
.851468200
.848022200
.824004500
.738095399
.791554200
.850075401
.760471700
.903691400
.848034600
.800855100
.841652500
.836492899
.815083601
.859697200
.848254300
.773873700
.811782400
.881728799
.756686401
.920619000
1.122968000
1.278640200
1.263404000
1.053013299
.839442901
.831768700
.808363900
.834992600
.841895200
.717520599
.861389801
.829893300
.778777000
.838435400
.812770500
.790306200
.830121900
.709287999
.824921300
.814485000
.850941000
.872965801
.816787600
.843527700
.827797100
.822705000
.898024500
.805439600
.831528500
.760325500
.856898599
.818632901
.830612000
.912823600
.853079500
.851104900
.944085400
.855138100
.825087500
.897116600
.816098999
.834779200
.785357200
.823236700
1.065690301
.811143200
.765334400
.806229300
.988483500
.917975600
.908959200
.824581100
.810540100
.744079400
.856562499
.845872700
.840467900
.813221101
.838579600
.816608000
.805842899
.830980400
.861483500
.801906600
.844011000
.824601601
.822676000
.855853700
.856553600
.755088700
.870006899
.826056100
.767770501
.855533300
.844923099
.857905201
.960862600
.817260700
.851622499
.849650801
.824697700
.831536300
.804683400
.926623100
.804786900
.842014500
.860588700
.838899800
.797656600
.812451900
.750008300
.842943800
.848864200
.774557800
.838616000
.729211599
.884934100
.893136200
.821117901
.866448100
.827646400
.851969499
.836611100
.814619200
.857309800
.825477700
.848525500
.818375401
.782046400
.890408900
.870643499
.855112001
.741871300
.810518700
.741234700
.856264100
.828631899
.776324800
.846504801
.874877700
.835653899
.848027200
.841443301
.810811000
.830843399
.806119301
.777579500
