.479070500
.479726000
.470579900
.567958099
.508898700
.482211200
.571250701
.503315200
.472280100
.551476499
.483424000
.470717300
.500254901
.484889500
.499446500
.510561599
.490980400
.547804101
.465475700
.419891800
.526273100
.597056500
.390296200
.436916100
.557281600
.514864100
.496720200
.539998700
.482633100
.397065700
.509220200
.428413800
.459078700
.463422600
.509701600
.500429000
.508989500
.483093200
.502742800
.524215200
.442047700
.495521400
.502944100
.522796300
.542859300
.522594800
.530477800
.423518100
.498645200
.389683000
.510957600
.418942499
.469732800
.407461200
.532867201
.494483800
.558469100
.520743799
.605531600
.492859300
.502030901
.458601400
.517204900
.477700800
.478650200
.478620500
.538759399
.502544000
.516759900
.485184601
.470680500
.466357000
.540829600
.524657600
.424517400
.525348200
.510684200
.496744900
.464790100
.463536800
.438959300
.523578500
.490635600
.515247600
.503975200
.540367000
.458242900
.538879700
.559749200
.517077100
.473731300
.488618700
.487805300
.524596799
.448157100
.525259400
.467672401
.499528900
.387068699
.551535000
.496059900
.490685700
.500647501
.485353900
.465465000
.508585900
.528292700
.605242400
.525038000
.373485700
.467369900
.468101100
.421250300
.516906300
.472311800
.482763400
.409680000
.458745699
.532094900
.508510000
.548695400
.383217100
.456435400
.464070701
.450474900
.475827900
.513193900
.502453900
.505536300
.481856400
.494601600
.467837100
.461102300
.464064400
.487143600
.479742500
.490280299
.474679100
.524736100
.510443201
.490011500
.467744600
.409120699
.516440700
.453838500
.492162801
.455966100
.522356600
.374624199
.458263100
.498909600
.463263001
.495300500
.462974099
.689726801
.489675200
.655275600
.576320599
.681333900
.747595400
.642647500
.576620801
.552672900
.597671500
.575324400
.792001500
.564664399
.477769400
.451974300
.502368000
.490864200
.626481500
.490457601
.471905700
.414352000
.564009200
.488608900
.505942600
.435642800
.496662300
.471776300
.495864199
.490771200
.445032800
.513987101
.477728700
.421333400
.523424400
.509887500
.619932700
.468039300
.426040600
.520209800
.400283999
.527297000
.465503000
.503964901
.461800400
.429251300
.561558600
.465554500
.388293900
.508388100
.466749900
.547502200
.476195500
.487010700
.458601400
.476768200
.471241300
.415803400
.451502700
.470051500
.384903700
.436700600
.464411300
.477170000
.449143700
.459803499
.461479500
.504820200
.424878200
.404642100
.489186000
.417168900
.394006099
.450937800
.467818800
.508440501
.435970000
.520188300
.487505600
.515435499
.474285201
.419527700
.534893900
.403117000
.431292699
.509081900
.496042000
.389389000
.556579301
.421184700
.498368200
.408730700
.485723500
.439327300
.451496000
.409075200
.478401800
.485491100
.466048300
.565615500
.418003500
.482508000
.439615400
.444030699
.474491500
.382402000
.467982700
.454087100
.525568400
.433154500
.429397001
.535589400
.395561600
.440094300
.427658800
.379716400
.506564800
.506233200
.391774900
.407798400
.432651000
.460109000
.472434500
.474417700
.446358201
.436735800
.446750100
.429538699
.430091400
.398953000
.420353301
.409957700
.443200300
.440713600
.488369500
.502753900
.453727100
.398735499
.432709600
.471919000
.482976800
.482168600
.489714000
.477524201
.471573800
.477945600
.434599900
.499407299
.419825000
.446171200
.477002301
.442963100
.409490500
.478034400
.414106700
.454942100
.393389501
.382145900
.465672100
.518503300
.408348599
.398649900
.486794700
.470053101
.386879600
.472816000
.402418600
.385422500
.501443900
.411613900
.464122000
.494593700
.419686700
.493782300
.429123000
.465360000
.512447800
.452592400
.421306100
.402297800
.525817200
.397844400
.414067100
.524995800
.481527900
.406335100
.512960600
.491275100
.492880300
.498563600
.417110800
.506871800
.458379899
.475717500
.552202500
.384085800
.443618401
.408133200
.384924800
.415018399
.366562700
.409900200
.472977000
.453238000
.447470600
.436703300
.507061101
.437588200
.435168799
.454079601
.434781500
.381645100
.437556199
.446798901
.450110600
.370385400
.424688399
.417947800
.489092900
.405219400
.499573801
.391734100
.428139600
.479917299
.364354000
.442073000
.456040501
.468953600
.444284800
.449425800
.505434399
.448125000
.392062400
.508777601
.410965400
.409733200
.479297500
.447351100
.425474100
.445875100
.500185800
.493507300
.378812600
.379029099
.486215900
.467489300
.449988101
.442238700
.397854300
.405501400
.467729700
.384683700
.449928300
.505341099
.427383600
.430368800
.420928901
.429260600
.374213100
.459589500
.449259500
.470802000
.565556300
.373106699
.429143100
.445106000
.408535601
.475115199
.511712900
.463491300
.395611500
.402108500
.456037900
.381786600
.446622500
.444444799
.462557101
.441258500
.494013700
.392062700
.540503900
.429167500
.386586600
.449684900
.441799500
.412169900
.393524800
.464115700
.403403000
.487072600
.403502600
.419895000
.364110300
.415160000
.405320100
.462203100
.377989200
.474660400
.477942400
.527793400
.462182099
.399640400
.458060601
.402359501
.449491700
.381240400
.434218800
.423408299
.465710800
.375575200
.387338300
.477884401
.430164300
.406386000
.426139000
.500345400
.479894400
.493889800
.411911000
.418008400
.469051700
.405866900
.417278300
.406097900
.404028800
.455385100
.386796800
.509930401
.381498000
.496786500
.374626000
.476676899
.462960900
.437429300
.417213801
.484369500
.383083100
.509150299
.486947401
.474894900
.434811800
.469358100
.461638600
.452377800
.394992100
.407268100
.437351600
.437050300
.435265899
.388774700
.383677900
.422190401
.409819000
.488980800
.396846199
.452171601
.384104900
.513312900
.479591500
.465643900
.387079300
.422982599
.417337600
.429337100
.492515100
.520779400
.471783500
.442304500
.456196300
.448654800
.400238900
.394071701
.430788800
.389979700
.681442800
.459424100
.422169600
.423217399
.530020401
.417091300
.493893100
.437182300
.384006100
.549033200
.438540300
.424135400
.452833700
.460801200
.384296900
.384956600
.475886700
.404945800
.409277300
.464508300
.467950600
.529422400
.428205200
.390757799
.468686501
.455467300
.391059400
.399013399
.417122000
.386575500
.421552502
.500964599
.424056600
.466327600
.429091799
.390620900
.483672900
.474878901
.433204200
.434301900
.416337900
.473614100
.396843000
.432901500
.379555600
.476158300
.379256700
.393287000
.464419100
.476517100
.480502000
.405150000
.486129600
.411053600
.376049200
.434586800
.420174700
.489658900
.486111100
.489140200
.470032600
.450080300
.424807400
.442895099
.400355800
.386943000
.421618100
.396700600
.532983101
.479722500
.497240701
.425311100
.427661000
.428298300
.459468000
.403568200
.410771600
.427388600
.410671300
.495535600
.469454500
.485084600
.513490800
.448878600
.416024000
.413504700
.440078400
.413400200
.421314800
.514609900
.386769301
.402800199
.361343100
.435316200
.421726900
.421520601
.440109700
.544097100
.386708700
.418912900
.466096300
.423859500
.423362700
.452040800
.499360700
.547722100
.455110400
.437927600
.393514000
.442488200
.584428900
.415501500
.451256900
.479369300
.406770400
.399875000
.436487800
.457103500
.375098200
.392507500
.452249800
.475467100
.407069600
.488437400
.378502100
.441341999
.478337300
.514036300
.587372400
.438592800
.416237000
.533064200
.481096800
.511287600
.416459399
.444452000
.440049700
.379237700
.403672200
.474871900
.385346800
.377421801
.512365900
.417685400
.535187100
.507386400
.436082800
.477178100
.391690100
.407024900
.471156900
.534510200
.429677700
.477273300
.435431000
.409005900
.445680600
.416574800
.447318700
.417529700
.400457400
.502657300
.517069800
.416159300
.453983200
.421952700
.429525900
.494140300
.511867500
.512494100
.482861699
.420032300
.486236900
.430314601
.502209200
.390121700
.426676701
.592019300
.434194800
.401234100
.499242000
.472682900
.481537300
.415022699
.449709800
.373099000
.397318100
.469084800
.410842400
.429670700
.465159200
.483568300
.430220000
.417152000
.407454800
.478800199
.470274701
.394378100
.408309600
.434529100
.383108300
.375752800
.422766000
.452671100
.357348500
.427381800
.485270900
.513634299
.411097900
.438302900
.468345101
.415894899
.473634800
.461253500
.435298001
.469607500
.378364700
.452099000
.454918400
.455514900
.730395699
.526257300
.477852500
.392816201
.459655500
.414451800
.420556100
.451972200
.480807000
.444396301
.451841101
.486626400
.473950400
.467713000
.400744400
.441438900
.420258699
.407782700
.393759100
.424144700
.416369301
.622411900
.265088600
.417437300
.434768500
.398707400
.451013100
.393896599
.480645900
.442300000
.435836000
.372016600
.547379000
.413801400
.413485700
.450410900
.406035600
.506344000
.436377100
.421634600
.426744399
.430840900
.439818000
.414245601
.417989900
.416689200
.467405200
.404774800
.530036600
.443795100
.448610800
.413988700
.393618300
.423080000
.446465600
.436488900
.420689200
.375329599
.479419300
.402674000
.440211000
.466024601
.393662600
.456448300
.521530400
.344776200
.395480400
.803095200
.511244400
.532531000
.592202400
.439969800
.475652800
.569395300
.516062500
.558447199
.479887400
.399623301
.432010799
.553197701
.581073900
.564611000
.399562600
.426139700
.517822900
.476920100
.463611800
.476437200
.382209499
.506376700
.450663700
.476018501
.435674200
.445401500
.463125700
.536452700
.405296500
.431798900
.540048500
.428510900
.452786000
.490475999
.467185800
.499030000
.496007901
.405177500
.663582900
.459963400
.406949600
.415218700
.401009999
.527122400
.410249000
.493868501
.497902200
.445056099
.579182000
.413736800
.459359300
.371472902
.442736200
.408972900
.444762700
.404552299
.441422500
.400696000
.470532901
.426161900
.425448400
.409761700
.383454399
.386322200
.427883200
.422069700
.459114001
.423574100
.420157800
.410697100
.419848900
.420795600
.403641700
.419587200
.409144300
.395351299
.483868401
.416402500
.451330300
.395433600
.389220200
.534828400
.410459000
.396583800
.401351900
.411383100
.428743400
.399297200
.540461900
.452741000
.413636800
.398309100
.461643900
.410508800
.425454100
.418387000
.405028600
.397925500
.419834200
.380287300
.418671000
.511610200
.400091500
.406263600
.429605900
.486311200
.359560600
.379549299
.460676298
.371072600
.470860100
.423850401
.427511300
.447880500
.376305700
.409287400
.419626000
.394420500
.427625600
.406002200
.437841400
.523719200
.418064600
.406205900
.412275300
.418577800
.454254500
.425987600
.416991400
.444162800
.458695701
.394162899
.507632200
.366082100
.476332000
.596204000
.411402900
.449343199
.394105001
.415776100
.415100900
.399889900
.428803400
.451811900
.460821200
.430350699
.429465800
.489175200
.402988700
.437907501
.415064200
.411442100
.432706300
.412940900
.384755800
.388729100
.375865199
.384944200
.414258900
.431619200
.377033800
.437638000
.495301000
.368940601
.474790000
.395757200
.411665400
.483187400
.351074700
.401143300
.404847400
.432911700
.439360600
.462809700
.499689100
.492028200
.426899600
.511575200
.402626100
.402330400
.417874000
.463953400
.405512600
.451084900
.406975300
