.368780400
.363232000
.376165800
.368956900
.339627500
.366035701
.352824500
.369496500
.356376900
.337309000
.387768799
.355498000
.347398200
.333185000
.363533200
.389335000
.350190100
.338565000
.379069000
.353563700
.357795200
.368098300
.583410900
.372556000
.353068000
.341063900
.369374600
.303449400
.332875200
.356213900
.356286699
.396421900
.352566400
.380417200
.391797200
.358066900
.344328200
.335266300
.353317400
.353941700
.373337400
.348611700
.366520701
.346391900
.393391200
.336293500
.413153700
.358821800
.334317400
.336662300
.340159399
.359506800
.358917201
.335798500
.328529899
.400080600
.358539800
.368774400
.338419501
.420075400
.363501699
.362308901
.364458200
.396142400
.342346000
.336158600
.331936900
.518424700
.363213600
.348982100
.427840499
.402801400
.355153900
.416843500
.350528101
.382337200
.343272999
.362428800
.371253000
.351425900
.356745900
.330500300
.356624001
.358706300
.404772500
.359658300
.345675000
.380733600
.344737000
.341105700
.339619000
.385522700
.425693900
.330846900
.328656000
.336344300
.414938400
.338310800
.364928700
.355434000
.352757200
.348768300
.335711000
.375986299
.372021200
.331134900
.351697400
.360426201
.358548100
.338591000
.345239900
.414345500
.368539200
.352466500
.364291599
.382679201
.389933100
.359324700
.335831400
.337226599
.350070100
.344198800
.342471000
.327970701
.372372700
.441070100
.438549500
.407900900
.370058300
.366456700
.347030600
.419406700
.356050500
.359605900
.336132400
.370780700
.346463900
.272852500
.336640000
.326787700
.425181499
.358746700
.393776300
.330291000
.397475299
.354401600
.333001400
.354538700
.355972700
.382434100
.340067500
.389425099
.398078001
.356614800
.335904300
.333338900
.554282300
.352752400
.335610500
.332064400
.392220800
.378814900
.333582200
.354110500
.378977799
.377379500
.365372300
.337596700
.367268600
.382454300
.335894700
.346248800
.404335200
.355359100
.322204400
.349202800
.395539000
.467633701
.431895800
.438774700
.859832100
1.039436200
1.005422200
.960478400
.565169400
.653178998
.416209999
.480986699
.567511700
.481604900
.463722901
.733404099
.440998801
.528946800
.505462499
.474207300
.563970601
.590811200
.424389600
.584135400
.451404100
.575173699
.468445601
.685644198
.561361901
.696397500
.427186400
.501366299
.385561800
.446621901
.647780299
.642965000
.474947200
.546806500
.468075599
.443417101
.514659300
.432470000
.432750000
.406511899
.475507100
.526839200
.692347001
.436272300
.483729900
.434408000
.424088600
.505966400
.545966100
.813531600
.607183000
.519191500
.530583399
.587068701
.518913900
.487792999
.723213800
.490530700
.559733701
.562092000
.526400998
.716600700
.827317600
.576488800
.479472500
.428731701
.695349200
.442599800
.492839700
.519290000
.411094100
.368295400
.601685299
.472207700
.424801300
.577351800
.404336500
.514284301
.583330799
.620036701
.379038199
.393729800
.353426000
.433565901
.376489199
.393302200
.368666600
.329059901
.401794898
.363258800
.409043100
.334342400
.389180301
.357957100
.358948600
.349707799
.416149700
.360771000
.337142100
.331197600
.359804800
.385689400
.352050600
.324324200
.338554899
.351008700
.378201600
.339835901
.369864999
.391668900
.363484700
.339656400
.344691800
.502798200
.373089100
.344116800
.420445700
.352528900
.367365400
.333062500
.395446500
.352431700
.355955100
.340823600
.421644500
.356810000
.348081700
.331307100
.357607099
.367571400
.404218500
.414985600
.402782601
.349569300
.375892700
.331458500
.372107800
.370019600
.391870100
.383427100
.346309400
.354235900
.366514799
.371860100
.364483901
.395768300
.346883200
.334951000
.334828300
.392886300
.383118200
.463035399
.365854501
.408786600
.357612499
.357560600
.399053501
.367344800
.355457300
.364002900
.372133500
.392173000
.354882199
.378135601
.374597799
.395225200
.393257900
.370617801
.348224099
.362175400
.351989800
.364218701
.369502600
.357919100
.337052800
.360242600
.357931699
.377968800
.439574200
.343313601
.412811599
.358884800
.341736200
.339320100
.348769901
.367146900
.335685800
.352191300
.352896900
.354649000
.346005200
.341585900
.362188900
.361723600
.349440400
.363124200
.331800600
.358616899
.367961900
.355436900
.331552400
.544550401
.363250200
.363808400
.329893900
.394353800
.377836000
.355047500
.367368899
.359217900
.353328100
.340580600
.332127200
.359984100
.412789500
.359136600
.328486900
.382992600
.332621600
.336416500
.364368700
.399545800
.359329200
.376209500
.358622100
.414458001
.392031800
.333908700
.324820100
.364835200
.348765099
.364803200
.327507900
.406214601
.369268300
.376045800
.325245700
.411116100
.386960900
.344661900
.351632899
.356868001
.347163900
.339920400
.340794600
.336076900
.421696300
.374687000
.359781201
.367588800
.415672500
.376408800
.334177799
.366360801
.384027000
.336962000
.338053500
.334802499
.367232900
.356130500
.348053300
.371500800
.371149400
.389254400
.377204200
.433346900
.364464300
.373023300
.344224100
.328791901
.405235600
.348000800
.380893800
.332196300
.390159900
.389853200
.415598200
.394634899
.420312700
.343928500
.366798000
.335473701
.423668900
.405677100
.336163700
.354528499
.364952601
.373115200
.336741800
.358283900
.425459400
.392284200
.384258900
.393891000
.387603300
.355348200
.349009700
.375317999
.371747701
.336535300
.330905300
.343983899
.366615900
.383964900
.359866100
.372278100
.461256900
.353786600
.381497401
.368199300
.384101100
.353534100
.375103700
.355886599
.353382500
.358064600
.336753600
.374891301
.431582700
.383411300
.340825700
.401980000
.347300100
.377810500
.325285700
.364867000
.358572800
.348242800
.337562300
.338800600
.412362900
.368399700
.340619400
.334450600
.517841600
.348520000
.375325000
.426717500
.345863800
.343676300
.342925500
.388410500
.368646200
.346336400
.374603100
.354119500
.387989200
.356660700
.331954400
.352781000
.416182900
.349036000
.350698200
.359339700
.364212100
.363066200
.317208100
.342962300
.355975800
.361911000
.354412800
.316343200
.364883300
.372841800
.339597300
.335687600
.373453499
.347157900
.359219400
.335708200
.436650701
.406832400
.374103100
.345855900
.379948099
.355520200
.333190500
.329064400
.366661401
.391752000
.347471600
.329377100
.335852800
.359926400
.353560100
.334096000
.350108300
.406087700
.382247500
.359091200
.339798199
.391224400
.379739101
.322525400
.360112899
.362917500
.363564000
.347701000
.326074400
.353246199
.350163700
.338170900
.352116100
.361300300
.400282200
.384460500
.339580000
.364976600
.370505400
.364265600
.336943200
.342783601
.306109400
.370631000
.341821500
.395115299
.401236800
.360754400
.346271700
.359779701
.383897000
.358213300
.362317200
.332664300
.559413700
.365217600
.353861900
.390377400
.364845800
.355643300
.336726900
.388699100
.364561500
.359572300
.337745800
.384422699
.382229200
.356479900
.390299000
.372464201
.406371900
.364904300
.391563300
.376166200
.351663300
.400480600
.382377700
.369496100
.386155200
.363355400
.395963900
.377703300
.433730900
.354555400
.341982600
.369215399
.401723800
.348636500
.326790400
.378438501
.351649300
.340692700
.345459900
.501234100
.351836900
.359781200
.324452000
.574824500
.372045100
.388036900
.364240300
.346400299
.361324000
.341897500
.361790101
.366066600
.396083000
.368410200
.357055400
.365466700
.366663100
.334574300
.336470400
.395770699
.341280800
.370601300
.360350599
.391778700
.356686600
.362851200
.325238200
.374349499
.375567200
.352072600
.374147300
.361404101
.395577500
.336164300
.330787300
.365770599
.393551700
.333763600
.333255500
.357217801
.344558600
.349041400
.327285300
.334155700
.394512100
.357040800
.334397300
.322584600
.428086200
.355134600
.345510800
.328085199
.356864300
.358845300
.372838901
.339099000
.336901800
.366950300
.382675299
.368548301
.360155200
.422265400
.348637900
.345134399
.417928801
.381958400
.350166400
.351638600
.360813200
.362744900
.376944100
.324301000
.364876999
.363033200
.369632600
.344044301
.367471999
.378008300
.356563101
.347429100
.385337400
.362065100
.360547600
.335591300
.362368400
.405853300
.400299900
.342872100
.407319600
.392288900
.348457600
.346099200
.396081300
.356905400
.368088800
.328521800
.428385300
.386796000
.353712400
.340322800
.367083799
.354821300
.345034600
.349361000
.370874301
.410319500
.349118100
.359172800
.334598200
.376512300
.367059000
.371300100
.340992400
.364119300
.356873600
.353223800
.361520099
.355978900
.384200100
.383401900
.355572201
.366554000
.352080700
.377113000
.368691200
.359717100
.389738500
.350190200
.323331999
.442046700
.360991300
.370652300
.347606501
.394674400
.349183300
.342958100
.330834500
.614193300
.337223800
.352088400
.368459099
.358834600
.353553000
.330188200
.390000901
.401820900
.364598800
.384273100
.354295400
.366421400
.345027300
.340836000
.335468900
.378376400
.381969500
.330748100
.331997400
.365253800
.419589100
.395646900
.371937600
.357965200
.346427500
.355335500
.329100299
.418510001
.340439500
.342760000
.390610900
.368271200
.408498200
.335485200
.331189700
.405304100
.377774200
.344662900
.338148100
.364318899
.364168900
.337146300
.333330600
.412179701
.419077400
.367053100
.331855900
.391506500
.355165500
.334024900
.371259799
.388505800
.373056200
.361605500
.325381601
.378267899
.367189800
.356961400
.360196199
.382604500
.383332800
.338447300
.390463301
.383053899
.363672700
.340974100
.336761000
.369394301
.373181100
.368011300
.358483200
.423624500
.366702600
.375184100
.357264000
.363645699
.399529900
.419858800
.328423600
.376817400
.340776300
.347813900
.348512900
.348390601
.454879900
.337197100
.329817800
.381895900
.609466600
.351728200
.335312400
.388131000
.348568800
.331496200
.325044800
.366690699
.348363400
.339498002
.347894700
.378543400
.382292500
.383375300
.351718600
.363392199
.356321800
.339731800
.332946500
.363658101
.391142700
.366729500
.373751700
.392777300
.384709600
.365115900
.338130000
.354819599
.368935300
.371793700
.399430201
.402784700
.360931600
.408817700
.338992700
.357015900
.373809900
.351516100
.356427600
.368711300
.570800500
.330743200
.341451100
.361826700
.404002700
.332426400
.336643500
.365640000
.359138200
.386254400
.347400100
.450560299
.415862200
.349662100
.341411200
.345070401
.355049100
.333834100
.335454900
.360206900
.394363600
.354203700
.408527000
.369992300
.351746800
.355764900
.374298900
.371888099
.385665600
.349086000
.369750600
.379526400
.344971200
.391131900
.354541200
.388720801
.377137800
.422324300
.669451300
.410180900
.821268600
.832907200
.834819500
.764991300
.563294000
.654992100
.672265400
.497803600
.675894500
.422214000
.612604799
.444157900
.795390900
.722840400
.414135701
.634529200
.441037700
.487152700
.514163100
.613706099
.504964601
.527878400
.443184000
.516636700
.375861900
.521669200
.646574700
.653834300
.452642500
.548094299
.508086600
.415487000
.619362400
.484538100
.394089400
.746646801
.420084900
.523823900
.572501400
.407494300
.456511600
.439766200
.657155600
.371661599
.560446001
.474240699
.463768300
.549257600
.353086900
.555486000
