.242833700
.290788100
.292478200
.309173801
.316828200
.268472700
.256131700
.272164101
.315556100
.286029400
.251812500
.235710300
.302023600
.306076599
.374240000
.297089000
.270611601
.232515100
.296679600
.307996000
.316290899
.281892800
.281776500
.340631800
.294050901
.255337900
.262837700
.245807800
.248628899
.267092200
.287408600
.247956200
.294184400
.259634900
.247935401
.262184300
.302408400
.238409100
.244492100
.260290699
.285509599
.255156600
.296896900
.244951000
.251446800
.252500799
.246996800
.246776900
.254155400
.249600700
.245874000
.271323900
.281605000
.240192800
.292722600
.299471200
.276051701
.316808800
.319661100
.304251800
.253110700
.255347900
.278975600
.308844100
.255302400
.244609100
.248521100
.273180499
.304719000
.252001400
.249626500
.248958200
.279937701
.245817500
.260718200
.385933500
.258757400
.256505500
.246233699
.298333300
.257532100
.251088200
.255725400
.283313201
.239320100
.244429900
.244426000
.239303600
.235846900
.305582199
.303876100
.291776100
.257493800
.237094900
.298356901
.282880700
.278213300
.248989300
.256081400
.251658500
.281503600
.241388300
.235114000
.251926200
.243612000
.282217800
.249915099
.244152900
.298524700
.248881700
.240042900
.251928500
.247325300
.250739900
.236413800
.277755800
.241624500
.311474400
.249210400
.257871700
.240092600
.251800500
.233482400
.235775300
.236850300
.273926200
.238017500
.240007300
.240193000
.305676600
.253364700
.240415800
.254536800
.244892900
.249492900
.260925801
.287868800
.308645700
.255915800
.247536900
.292628099
.247479400
.235475100
.252039400
.234485900
.252218900
.230921301
.239629400
.244475900
.235924200
.237518700
.237928900
.329827800
.260856500
.258490200
.247061000
.256900600
.245353900
.249726700
.241044000
.305809300
.242540200
.237618200
.242794000
.245172700
.280265200
.246537300
.237380500
.236425800
.237689200
.239672400
.267879600
.243533600
.249691500
.262676800
.241154399
.273553700
.237483700
.277835300
.234829400
.255437100
.298157600
.248157300
.237836700
.246026000
.309084200
.241868901
.241504800
.244558100
.264390800
.237177800
.253452000
.250760100
.255281000
.253980300
.292877200
.243649200
.240442799
.243869201
.246515400
.266959800
.257934100
.252168000
.255989600
.293493000
.252055800
.253563500
.256918800
.245925200
.240050700
.273169100
.302931900
.249559000
.260583600
.251353300
.242466800
.248257100
.244764000
.245672000
.236412000
.240169700
.279791000
.244565400
.236462400
.247909100
.242722800
.240335000
.243025400
.266150200
.283837200
.254287300
.249964700
.295397600
.415384499
.431645600
.264001800
.253515400
.254525901
.260654500
.300276000
.281443300
.266905800
.267195500
.279461100
.274357500
.241682100
.281710500
.251608700
.339103499
.352074900
.267873800
.245073700
.281662600
.253366400
.367855900
.274629001
.290881700
.257142300
.344338600
.250689500
.266264900
.261514000
.261643100
.284078800
.315097400
.356946800
.277338500
.246108000
.286354500
.256738900
.246308400
.253680900
.245558700
.245182300
.239211901
.282888998
.248591800
.238041200
.241461300
.242485000
.308717901
.251604300
.244743700
.253748600
.258129300
.241717100
.264993700
.272659000
.281417500
.256791400
.249494000
.252840300
.246850900
.240060300
.249878900
.245618500
.228558900
.240830000
.240909201
.242843200
.238905100
.228756000
.241499900
.238449600
.269152200
.234179200
.238406800
.255727000
.294077300
.258671400
.251235000
.250122699
.242141400
.235653200
.246128400
.243926902
.242659600
.279882700
.247698500
.247497400
.237553800
.242572500
.235422000
.374588600
.304529200
.256014000
.238940299
.255241501
.239337500
.249160100
.232951100
.257720600
.240397200
.240069701
.245522000
.234259600
.242308000
.237212300
.245485200
.264347600
.245236400
.240072600
.237254700
.238084600
.246575200
.244931100
.241623100
.237216000
.277779100
.258416599
.246060700
.303631799
.292139400
.262874200
.260739000
.237907700
.280699499
.249349400
.234564800
.246757000
.242005700
.242521400
.232495200
.238127700
.277934000
.242803100
.238131300
.250324600
.306753201
.252401800
.241204399
.280697700
.243431600
.245799501
.284409399
.245191200
.242919100
.240601100
.251383400
.285125700
.262231900
.243668600
.243543800
.249995900
.234313300
.262386699
.248896700
.273220700
.255923900
.251410900
.250340700
.235960601
.247898900
.241863700
.249311400
.245473000
.238271700
.274549500
.244967200
.230566600
.246451400
.247005800
.246167700
.238994400
.301661700
.239872500
.245041800
.258111000
.268406499
.246745900
.245079600
.238830900
.240548800
.242381500
.242012600
.274237600
.240086100
.245003400
.235195600
.250904800
.342081299
.254069301
.237980300
.239911500
.235259400
.250124600
.279820799
.241234500
.281631000
.259380201
.247973399
.238428500
.249670100
.291240200
.247734700
.246510300
.241665700
.246481701
.285073699
.237163600
.237819700
.243918800
.240749700
.245634502
.267731900
.242743800
.256783400
.247106200
.305691100
.292412000
.252985300
.251691400
.250895200
.252268000
.246675600
.277316200
.251775700
.251672400
.249722300
.244789100
.237509400
.246013499
.240955700
.235222500
.245238700
.253492600
.246742901
.253367300
.270041700
.261338000
.259305200
.246814900
.249850800
.281375100
.255968200
.234973000
.243288700
.232700300
.288502699
.279016300
.299092600
.244555700
.245762300
.230366200
.246975001
.237263400
.249833600
.231098100
.295628400
.252223899
.278327000
.235575900
.241622300
.243075700
.239431700
.244617901
.233246001
.233424000
.244723200
.259764300
.235503500
.234876600
.252590800
.269937200
.254536000
.246530800
.252812000
.244042699
.314320400
.264722400
.247508000
.256474300
.243428500
.247270000
.284326500
.247921900
.254092500
.240987400
.240460700
.242293000
.323701000
.256230800
.243796700
.252117300
.238206600
.255235300
.317331900
.397633500
.308307500
.342202899
.292341500
.297557900
.255607901
.272099500
.257280700
.245650300
.244424400
.247567700
.307378900
.251866800
.278921000
.243524400
.234246600
.246024400
.239990500
.247086000
.259343400
.248396200
.235846600
.241316800
.245332900
.240760300
.243624200
.246688900
.272863300
.243609500
.249153800
.240825300
.276674200
.245607000
.237618000
.245506000
.240312900
.240936400
.285225299
.275195700
.246781500
.251297200
.244667200
.255009200
.268049500
.245749500
.290497000
.241009000
.248947000
.250334799
.293831000
.246700400
.254415700
.250115000
.247757400
.244186401
.257270900
.255122800
.265513200
.252619100
.241061600
.259170199
.287253100
.247108000
.256882500
.244478300
.250229800
.280679500
.242020100
.246948300
.266489300
.248939400
.240779900
.281955800
.300888700
.240144100
.250857200
.251751800
.240288600
.252473100
.247413700
.244872800
.235481000
.256119800
.250276700
.246616100
.272234300
.245807300
.239813100
.244663200
.280390900
.275325100
.242245400
.242691100
.248328400
.313407900
.265892600
.328971700
.293298900
.259014100
.245397100
.248431000
.253966500
.245238200
.252738000
.249155500
.240446600
.241018400
.268931900
.236566300
.271862600
.253372300
.250168300
.238600000
.252857400
.249714900
.269850500
.251809000
.299163300
.252285200
.309165300
.250266000
.247363100
.249232500
.235762300
.253126300
.251977100
.241713800
.237143300
.245530100
.297574999
.239691300
.248424300
.248757600
.240537800
.285438600
.249160800
.230020700
.276953800
.247140000
.258690900
.282151700
.249209200
.236082400
.247604700
.251640100
.239764700
.288406100
.247111000
.252249200
.241217500
.252549300
.237041100
.237502100
.277341900
.249276400
.234575100
.237521600
.257572900
.304516800
.247520700
.242349200
.246148100
.234044800
.250502501
.236452800
.237295300
.235010000
.249909600
.258579100
.248132600
.279847200
.275551000
.251065400
.243410900
.249648400
.241494400
.257183600
.258263600
.265934000
.278424000
.244406800
.251208700
.316614300
.243785700
.241624800
.242758200
.252268500
.285931500
.323745200
.260784400
.253066700
.240334600
.242608300
.250350500
.249900800
.250784900
.263608100
.240243100
.256903100
.290736800
.290810400
.241010400
.246663200
.246147000
.273881800
.286479500
.248899700
.241468500
.242191000
.267646900
.243847400
.242115400
.249589500
.249078100
.242212200
.241739100
.296563300
.291628400
.240146500
.253265800
.242633300
.269466300
.261577900
.238986700
.240156500
.257191300
.240233701
.246241900
.267395900
.240265800
.237402100
.241908500
.251534200
.240956600
.246926300
.249666900
.253328800
.253239900
.251071299
.278891500
.282702100
.244283700
.244444900
.256975700
.247228600
.272112200
.255469600
.239933900
.246860500
.250653701
.236017800
.286196600
.292501600
.251550800
.240181900
.273582299
.323687500
.245894900
.251122700
.254253000
.238191600
.280897501
.268758900
.264034000
.245017700
.251526200
.242047100
.277571900
.271447800
.240576200
.244391500
.249557700
.248982099
.239406000
.234673800
.244893400
.250874700
.250102700
.272509599
.241875500
.251103000
.271222900
.241317200
.246593301
.269102399
.291238400
.283352900
.240890900
.249463600
.233154900
.239975000
.239994600
.249810800
.237499000
.250168800
.255535800
.298120101
.239527700
.252223000
.247234100
.241495600
.252356200
.232632600
.284301300
.238091300
.245903200
.286885600
.259903000
.269968700
.244436400
.245847600
.249147200
.250811500
.292654600
.248650300
.270165900
.247983900
.248254200
.245934199
.282752501
.284708800
.247652600
.252234300
.234219000
.245951800
.240475001
.250923100
.237534100
.245484500
.247698700
.243656600
.245125700
.265880800
.240101100
.248068300
.251942900
.275055200
.294339900
.249082200
.238267200
.249451700
.239777100
.239775000
.237309900
.273113600
.236782200
.247618100
.243472100
.271897700
.243705700
.249239000
.237460300
.247938500
.232099400
.253297500
.274785200
.301743200
.245016700
.253114500
.245474200
.285692000
.246061600
.240334300
.242222100
.236688700
.254182300
.282299600
.292438300
.248204100
.258879100
.254572900
.281639900
.296593200
.237733800
.263136300
.251058200
.242902800
.245874000
.287028900
.245002300
.241068300
.234408000
.254384700
.234544200
.242764200
.245252100
.240571300
.244189700
.246382600
.286048000
.234827800
.265895600
.237213400
.236524200
.252073899
.314841000
.243514900
.240948800
.249988700
.240183100
.263195100
.246853600
.241970500
.238501700
.248978100
.246023600
.241442800
.242241400
.249284500
.238291000
.233000700
.243279600
.242571799
.284289900
.268511600
.249910100
.246993801
.244155999
.248163200
.242498600
.232432400
.238824500
.239345500
.247252700
.245674300
.245944099
.248259800
.248185000
.239718000
.243235800
.245846801
.242101800
.234347900
.243037600
.253941700
.268618400
.251434699
.247295700
.251358200
.248748600
.249729600
.244884701
.251730500
.244473700
.240996500
.240162700
.246103800
.244607100
.273552999
.249825200
.284450700
.249491900
.242464500
.248000600
.253135800
.293982000
.244833200
.245700800
.242303500
.241196001
.257385699
.235257600
.248895700
.244894500
.245508400
.245216101
.288949300
.240676800
.260686700
.252293500
.246329400
.299125500
.288989500
