2.420242000
1.754707600
2.425369000
1.922168400
1.664270200
1.508075199
1.567117701
1.715484700
1.840632000
2.192709700
2.315537500
1.917558300
2.156039100
1.616515600
1.963805900
1.888282099
2.095783500
1.879843201
1.527494199
1.864140301
1.640161000
2.772401600
2.550293500
1.683068500
1.844177500
1.649337800
1.638549600
2.491324800
2.032083600
2.059240100
2.568026700
1.937814699
2.234064401
1.835024299
1.530105700
1.774758099
1.551487301
2.800609200
1.819500900
1.750172200
1.720236800
1.586732000
2.945834900
1.665424100
2.055497700
2.430548500
1.818825799
2.340122801
1.905162599
1.940414101
1.987362400
2.156857500
2.665267300
1.805459500
2.237477800
1.619440400
1.947708800
1.615371800
1.662041000
1.729578200
1.503190800
1.569619099
1.600255301
1.519865900
1.589291399
2.413471401
2.143464000
1.846491600
1.917380000
1.370381800
1.891720900
2.173618800
2.077454800
2.655588300
1.923483400
1.923082199
2.232849801
2.126121100
2.107632100
1.619309200
1.865796400
1.514157500
1.821378100
1.465689800
1.732994500
1.555245500
2.670156500
1.740545600
2.365080499
2.222175200
1.866727801
1.732349300
1.532240400
1.652494500
1.860967599
1.530189401
1.586631000
1.662838500
1.805088500
1.970399100
1.687705600
1.753552299
2.372125300
1.646055399
1.886944601
1.465606100
1.789618499
1.997150001
1.880942900
1.987837200
1.785132200
1.732857000
1.893669399
1.717193801
1.875355200
2.782577900
2.020652300
1.843561700
1.658544300
1.729333400
2.662623199
1.930207001
3.685262800
2.261358200
1.863422000
2.534845900
1.693405000
2.167868299
1.559303100
1.651597401
2.119081200
1.505947500
1.545051900
1.635238600
1.578341399
1.912332100
1.497113701
1.546766500
1.640726900
1.597270100
1.872715700
1.649442800
1.739057600
1.529335499
1.595690301
2.302908400
2.418098900
2.244099799
2.439702301
2.549918800
1.742891900
2.528390100
2.061893100
1.949316600
2.589431600
2.388116399
1.602924401
1.747446600
2.676408200
1.808395700
1.626206700
1.871761300
2.285286300
1.961750200
1.524204800
1.759015100
2.274235900
2.043431000
1.832406300
1.546804200
2.294594200
2.020217399
1.901704201
1.835718900
1.855552499
1.879821501
1.786018100
1.762654400
2.556960600
1.976063000
2.206862300
1.954925600
1.660839799
2.516062901
1.654555700
2.058639500
2.238504000
1.843714199
1.837147001
1.821811599
2.522481801
1.885527000
1.741364200
1.775899600
1.639301100
2.512964800
1.606946300
2.799094500
1.905925400
1.692576799
1.841270800
1.719219001
1.920391799
2.684037501
1.585656900
3.028282400
1.669211500
2.064215799
2.505257900
2.015380501
2.299298799
1.512727700
1.835853000
1.743615400
1.524280199
1.982537800
1.956474901
1.902457800
1.863578900
1.666694800
2.479593600
1.884313600
1.783262200
1.728312900
1.673552000
2.615550200
1.915803500
2.004654399
2.298610601
1.836861100
1.760326400
1.483609900
1.646702099
1.675646901
2.017186999
1.749575801
1.812889500
1.565721500
1.738006200
1.593277300
1.846189500
1.889259300
2.131378800
1.607644500
1.675439399
1.647332501
1.854393799
2.349273801
1.662365200
1.764382499
2.600934501
1.698836999
2.008495401
1.717702299
1.659104101
2.006699600
1.798255200
2.707569500
1.931691800
2.472874100
1.732455600
1.847588600
1.691070200
1.560944000
2.751676700
1.894555600
1.850693700
1.656221799
1.436062099
1.627876201
2.199450100
2.542444700
2.623265600
1.909321799
1.523344201
1.586138300
1.579180800
1.570171400
1.968384100
2.040700000
2.844075299
1.925772001
1.906814700
1.655209500
1.987647600
1.659583900
1.600609299
1.494341400
2.706791800
2.108526501
2.134749600
2.245864199
1.872960101
1.717959100
1.572693300
2.364200999
2.347695801
2.359215600
1.955722699
1.919284901
2.514291699
1.595817200
2.249929400
1.886048000
1.854327200
1.988420500
1.593796700
1.811642300
1.868951000
1.975350900
1.967080300
1.785766600
1.679791400
1.805073200
2.016662799
1.639476900
2.474322201
1.620368100
2.543929899
2.068906201
1.938059900
2.381724799
1.844192801
1.795663300
1.579701300
1.645436599
3.113822201
2.098491700
1.752298499
1.828518101
1.825746800
2.534871800
2.202432200
1.643274600
1.848923900
1.571128100
2.559589399
1.651466001
1.822706700
1.991600600
1.899357600
1.669333200
1.965425199
1.849194701
1.965769100
1.574507900
1.784273200
2.627635299
1.860607801
2.243084200
1.603006001
1.862849699
1.636859100
1.673880700
2.693915300
1.616460900
1.874079900
1.744684600
1.487894100
2.606199200
2.165926800
2.330535300
1.890463299
1.669022200
2.479921300
1.602834900
1.843284000
2.800563800
1.641462300
2.386911900
1.852567100
2.158947799
1.554928901
2.408318000
2.383481500
1.892053500
2.572608400
1.667817900
2.124942700
1.993875600
2.006324700
1.978204000
1.804062500
1.823339000
2.630812199
3.066650001
1.705731800
1.890069800
1.699154699
1.603293400
2.517803600
2.089557201
2.001848200
2.744478200
1.538704600
2.761103700
1.978006000
1.802604499
1.751435501
2.002893100
2.334093500
1.657654100
1.770872400
1.702897700
1.589893400
3.491684500
2.202541900
1.966709300
1.571270400
1.829151399
1.755608601
1.486509700
2.753620700
2.183564100
1.824547800
2.012285999
1.856881101
2.114044600
2.142207500
3.019213800
1.930645900
1.841763100
1.605694700
1.733388700
2.653542900
2.538643599
2.339876300
2.351692701
2.303641500
2.532542200
2.208002800
1.739423900
1.720861700
1.631174699
2.676808101
1.703160700
2.811338500
1.869314100
2.310653100
1.712715600
1.930078700
1.551338100
1.724393200
2.792954199
1.691951101
1.763392000
2.024989100
1.509775400
2.561881599
1.760195001
1.780309900
1.767452100
1.640720900
2.707656600
1.975008899
1.829768701
2.634684100
1.722158699
1.897114001
1.933081900
2.146876200
1.876983300
1.766542200
2.728452400
1.949037700
2.288589100
1.912806100
2.026436500
1.801562800
1.423658300
1.786587500
2.017026600
2.323470800
1.916372200
1.844521099
1.774690400
1.650851401
1.862094099
1.797236701
2.382871400
1.629023700
2.460312600
1.644843300
1.923752400
1.912926400
2.177010800
2.846239600
1.554613900
2.688730300
1.904515600
2.452275999
1.784563001
1.707212200
1.641219300
1.690372599
1.605992201
1.628188600
1.638090200
1.536736600
2.696587100
2.182276900
1.660923000
1.853671300
1.559120100
1.744518900
1.599664299
1.626112501
2.938213600
1.865363800
1.624166100
1.625333100
1.833940999
2.062387001
1.849470500
1.759174700
1.678546399
1.490852900
1.588003200
1.734636999
1.962374901
1.903133600
1.822362200
1.734040200
2.281433500
1.897822800
1.898507900
1.800955700
1.791111600
1.657823000
1.649245899
1.730815400
2.710305701
1.717212000
1.850539400
1.757802099
1.925563501
1.916451399
2.257787301
2.327811400
1.997214700
1.824023100
2.655934499
1.845077501
1.898698000
1.912678700
1.932652300
2.756354900
1.689397600
2.479031999
1.809168399
1.908595301
1.685734500
1.839269700
2.406110100
1.924101300
1.765353799
1.644265900
2.024059200
2.047833601
1.880552500
1.735058799
1.812459201
1.907659500
1.639616700
1.732688400
1.877780900
2.072271800
4.114094300
2.450614700
1.761504300
1.509781600
1.738315000
2.088944301
1.753803000
1.998154600
2.269509100
2.728702400
2.024749700
2.151543799
1.562177101
1.840430300
1.618569900
1.988852400
2.489405500
1.921154100
1.823132200
1.654063900
2.105811200
2.017180700
1.636716700
1.947700300
1.858961800
2.119238499
2.094903101
1.747885999
1.972393701
2.376348500
1.963669900
2.875233500
1.798254800
1.941619200
2.040486499
1.837649301
1.992801200
2.146254899
2.714559201
1.636028600
1.952539300
2.139976600
1.935410800
1.880383200
1.965859799
1.658336200
2.001901901
1.901747900
2.690226700
1.593557600
2.149628400
1.941260000
1.452402800
2.649657400
1.618913800
1.742967600
1.516846400
2.313014600
2.062388900
1.920775000
2.631097299
1.616783500
2.199104899
2.070799001
1.896819100
2.259773100
1.889566200
2.355258199
1.884371801
1.624500900
1.744347499
1.677362700
1.803023101
2.432911600
1.622196000
2.043461700
1.697746700
1.992909200
1.950935299
1.574380700
1.851078799
1.762641800
1.479970501
1.892483600
2.157804200
2.052246999
1.771246201
1.757109900
2.860714399
1.754885501
1.768124800
2.493657900
1.782640400
2.191093300
1.573561700
1.810247400
1.578652699
1.572143801
1.813062700
2.349558700
1.694046700
2.446024500
2.099380900
1.814234499
1.723026301
1.911092400
2.097253300
1.881181000
1.598028600
1.593666700
2.889695700
1.845591200
2.322139800
1.614545700
2.268713400
1.834547800
2.082533100
1.865324099
1.668746000
2.434235801
1.651584400
2.059424900
2.023561800
2.207839299
1.832717301
1.971073000
2.279162800
2.335335500
1.723338500
2.534136200
1.954203300
2.331466200
1.856630499
2.956676101
1.618059800
1.919485400
1.591811700
2.070731900
2.015648500
1.697103400
1.913563900
1.759700100
3.461857100
2.364426500
2.247468100
1.757965599
2.170908301
2.552833200
2.026581300
2.219580499
1.965953501
1.847646200
2.191016799
2.046721801
2.507280500
1.835897000
2.113564500
1.840862900
1.662434300
2.893374600
1.776216600
1.866962800
1.689682500
1.817990200
2.045655100
2.146588199
1.985215601
1.798847900
2.038090900
2.014318600
1.855695600
1.830044100
1.735315999
1.940616500
2.231368200
1.866187999
1.940824301
1.683894300
1.612179300
2.756268800
1.704443599
1.860950500
1.763032900
1.926016601
1.962825799
2.294891801
1.904841900
2.516866000
1.829574000
2.491870100
1.855852800
1.858902100
1.937784100
2.162916700
2.422866799
1.976348501
2.622683100
1.952846600
2.348752700
2.119843300
1.880230600
3.058120900
1.799766600
2.595000300
1.870999600
2.556846100
2.066529900
2.178717400
1.514661201
1.743414300
1.984295700
1.550902900
1.745519800
1.787840500
1.982341400
1.482513600
1.795834900
1.707966700
1.643427000
2.407866000
1.975291199
2.002141700
1.732706301
1.910047099
1.440055001
1.742439000
1.542500801
1.751664400
1.386149000
1.627758600
1.604102700
1.812980700
1.524951900
1.674465600
1.605421600
1.535776000
1.742758899
1.450913901
1.713393000
1.637216499
1.766947201
1.523580900
2.702186600
1.654920600
2.256843700
1.806578900
1.947262100
1.816635400
1.911076600
1.618714299
1.535762901
1.535513299
1.808911800
1.630082000
1.704096801
1.622251400
2.082514200
1.499213999
1.693771601
1.563022299
1.795961800
1.500958001
1.555823300
1.487652300
1.763663300
1.554587300
1.604702700
1.685962000
1.726729500
1.546508000
1.631060400
1.709808100
1.708027800
1.502939900
1.550783100
1.613168700
1.807785200
2.640149700
1.896307900
1.808864400
1.950574500
1.951033899
2.201907401
1.834222400
1.830863199
1.568755101
2.265412000
1.926968800
1.816536800
1.870513500
2.114732900
1.968100800
1.910333500
1.937271500
1.785694200
3.243369099
1.964824901
1.802203799
2.032578001
2.230590000
1.612275899
1.761213201
1.961723700
1.554991600
1.630895900
1.697234299
1.686391400
1.697029501
1.649215300
1.715570300
1.821650900
1.568610600
1.548987400
1.677164000
1.823633499
1.499742401
1.594140799
1.589104300
1.675603700
1.672136701
1.549856300
1.688616400
1.593578099
1.739637301
1.600034299
1.665244701
1.653951600
1.822578099
1.521812801
1.720159600
1.593157600
1.654298299
1.482179801
1.635504999
1.605406001
1.815013600
1.548312900
1.664572900
1.594268900
1.938276000
1.530457700
1.588137600
1.528589300
1.630575100
2.548556800
1.625988600
1.869050399
2.020636999
1.943259701
1.805591400
1.641587299
1.961565901
1.486892500
1.691397100
1.514798200
1.717371400
1.586531600
1.878693500
1.539395100
1.599073900
1.736433000
1.591086700
1.655416600
1.812637000
2.208937300
2.409980400
2.229228199
2.002479201
2.371855700
1.886686700
1.950286200
1.996636000
2.008905699
1.826837101
1.713353200
1.657199200
1.751398699
1.559942600
1.668495001
1.928773899
2.000487901
2.457859200
1.873077100
2.638349400
2.344571000
2.341390400
1.513687699
1.758497200
1.676652001
1.839597301
2.113293899
1.955398901
1.792270000
2.429764000
1.891882100
1.712394400
1.738624900
1.915925500
1.576608700
1.788953700
1.514997900
1.876234200
1.558297999
1.606085301
1.614157300
1.759323099
1.473606101
1.533076200
1.844389299
2.241755701
2.401638499
1.628996101
1.852578700
2.039693899
2.352423801
2.607245600
1.676367099
2.014295501
1.766595100
1.932459100
1.709535699
1.895942401
1.766600200
2.087183001
1.990007499
1.980965000
1.667165600
1.657274100
1.573399900
1.510836400
1.709749500
1.585765199
1.590192501
