.448494800
.441116300
.506561300
.632024000
.479600000
.485003100
.555340200
.418673900
.528324000
.528676700
.471004700
.551579600
.557867900
.466295900
.709961400
.456676000
.665062700
.492595900
.480675400
.502152200
.544672100
.528902700
.498700901
.522927500
.464339200
.724094999
.486567200
.539058201
.507075200
.512877100
.403570999
.509824100
.418071200
.694160401
.448469100
.477743200
.565467300
.573302400
.524204399
.515373101
.480440200
.569961600
.494848800
.487352700
.549541000
.482931600
.488254100
.613880500
.535017900
.609153000
.455570600
.530463400
.517963700
.500242700
.583224000
.455015800
.520841200
.503523200
.439886500
.440207500
.523312000
.514238600
.561977400
.449945000
.493891500
.405398500
.462459600
.465262600
.511099599
.467407600
.411736900
.455723001
.478380700
.506845400
.508437400
.470976400
.478218900
.498119400
.419497600
.506937700
.437403599
.445950700
.493647400
.469648500
.522499600
.495566000
.538863800
.459923000
.516431700
.440611500
.455624100
.487696500
.474725600
.516694800
.499520900
.480495100
.496954200
.419933400
.466282200
.500571600
.480104000
.502678100
.379061200
.499594700
.475296700
.565972500
.492858300
.467315800
.531606000
.525520900
.451173100
.475386599
.501678000
.489226000
.478241901
.546919700
.646112700
.528984299
.511139000
.512640501
.486658500
.562933600
.512439900
.424397200
.508932400
.475690700
.512625600
.483775600
.460418800
.530529600
.442865300
.493083600
.475330200
.472698300
.500498800
.432934000
.513509800
.437333900
.569076299
.552222900
.529044001
.536708200
.481160200
.441334600
.494611200
.482211900
.488324100
.485841700
.490876000
.554723600
.476521100
.554298900
.440912600
.493345300
.479597400
.284773300
.468030000
.458936800
.481961200
.473044600
.481317900
.414443000
.473756900
.438510300
.560506600
.510636400
.518907600
.438647100
.556632000
.454841200
.428884500
.460447900
.379769500
.479561800
.398505300
.484425800
.446281600
.486903600
.556290600
.535638400
.478449100
.401322500
.503626900
.475692300
.539114499
.416962800
.544385200
.456414600
.473427400
.455409100
.521686401
.455537600
.559026200
.492849700
.476706200
.501795700
.513534199
.508562100
.486799400
.412584701
.506934600
.471911300
.475355700
.465406900
.388991900
.457930000
.528353700
.430167300
.454376300
.578028900
.432091000
.464778500
.409986100
.489792600
.544043200
.502338399
.516887800
.430308501
.429068200
.461894200
.520215600
.449440700
.487661700
.443817100
.390394499
.437702200
.411459300
.507062700
.476883701
.470023300
.455682400
.554177700
.369544800
.506672900
.432423000
.395454800
.517050200
.379650399
.518873700
.410096100
.524496401
.467013900
.501809300
.496735500
.407822299
.414707600
.455150100
.486527801
.486908100
.414075300
.505610399
.422973700
.530295200
.542326201
.511027100
.514025900
.486446600
.468796000
.414984700
.464203400
.565567900
.452501600
.496617300
.414147800
.501026700
.455722001
.478651600
.402200400
.444996400
.503208700
.509363900
.476588300
.399641399
.479386800
.516430800
.463819500
.399490900
.385460100
.513990601
.448884200
.435170500
.466985300
.486064100
.498436700
.452620100
.495857100
.479560700
.365997900
.402113900
.498675100
.477154600
.467021700
.467089100
.374861899
.497062001
.426704100
.404930500
.486164900
.405460700
.353512000
.389811800
.463801200
.480708900
.370155700
.421429600
.547059799
.352424600
.416654400
.355813200
.450681601
.523066800
.418704100
.592273000
.393791600
.460644300
.483225800
.441368100
.373615700
.433008000
.375082400
.470846300
.413346101
.525576500
.451080200
.420816800
.487649799
.467480800
.487682301
.503457899
.475382500
.470430200
.482755801
.458280700
.452900200
.381979500
.524223200
.523795800
.481513200
.459149400
.515204300
.417455500
.490308500
.537578800
.452930200
.468524600
.461465100
.447581400
.441174199
.444364900
.422477600
.417308801
.453430099
.420366800
.373540300
.444754201
.557411700
.388842400
.480853199
.495192700
.476410800
.393321200
.502349300
.473465600
.535379901
.449489100
.514890700
.438841900
.452606900
.462172000
.416644900
.406880200
.536848700
.430990000
.482441000
.483850000
.464635800
.461382199
.364903000
.415960501
.472483801
.499426300
.414982800
.451826600
.414291599
.429802000
.474885600
.478962401
.385221100
.443641600
.456777500
.494311599
.364015300
.428437600
.435855500
.446177300
.436549800
.455536701
.467249100
.484590600
.454893700
.568076900
.519979800
.392778399
.466131301
.416459000
.435268800
.427935099
.383625800
.375332500
.635117001
.860778400
.510099900
.532335200
.568778500
.482653800
.558548100
.625587700
.639562700
.576718300
.442345599
.562750200
.501461200
.517081401
.516045100
.486203900
.446854600
.459285200
.480012100
.475213500
.448491100
.480203300
.458795800
.518618400
.441084500
.464203300
.502141700
.417635900
.456295200
.439540699
.460035500
.376644600
.353092400
.560592001
.375361500
.466797700
.489309200
.388250800
.419376799
.498442801
.473189000
.472833800
.432379599
.449124400
.479740201
.492513200
.395299800
.578690600
.483617300
.441031300
.451621900
.391669500
.540272400
.376284700
.422311100
.559695599
.455813900
.448734200
.393646701
.472086600
.536047600
.442611000
.515965300
.479959200
.421750000
.392561300
.440431400
.390096600
.486469200
.427298100
.416374400
.381356700
.424903500
.439623000
.414305800
.515553699
.431235300
.420023300
.491232100
.389642200
.405985200
.442054100
.488755701
.373680100
.512173500
.480105700
.434304600
.438402200
.369052000
.374751400
.433722700
.427444600
.448399799
.437873000
.425301700
.401088200
.563463201
.412746800
.510814900
.414066300
.417679600
.353900400
.464882400
.385103400
.352203200
.417384100
.402686200
.512893500
.394916800
.458662699
.424195200
.424078202
.357999699
.403680500
.425468400
.428886300
.391349299
.405737401
.456086600
.379012400
.563037400
.440629200
.480331700
.450124000
.372273300
.478246100
.379833200
.375192300
.421748400
.400138900
.378151800
.455674400
.516430600
.505766100
.409254600
.379413000
.461857100
.551444500
.387398500
.424958400
.475199800
.412532700
.491839200
.445797999
.387962500
.530531400
.415605000
.435596600
.464981600
.467051500
.452263200
.395512999
.462039800
.401448200
.543572701
.420075300
.435020599
.501179601
.368959400
.417069600
.521471899
.427138500
.440423700
.471636500
.510792900
.396248900
.525757400
.462181600
.394084000
.483936101
.444205199
.405983600
.363938000
.386942600
.591011200
.414431500
.462123900
.511254400
.510144800
.512210700
.376889900
.440989499
.441235100
.434993001
.383413000
.416445800
.467531400
.439842599
.487001200
.531681601
.524252400
.492192000
.453968599
.419623100
.502905300
.359870600
.454327599
.465458600
.406839000
.522348700
.555463100
.474199400
.372720401
.482354100
.447078900
.481707100
.449088500
.466734900
.426296500
.368798300
.441661600
.412047500
.421982700
.452342900
.402637200
.354441200
.481626599
.448671100
.419300100
.436851601
.417132300
.365965800
.449135600
.427177500
.419875900
.415115200
.480618000
.454129900
.445441100
.377362000
.408766500
.420100000
.433247100
.383933200
.453157400
.378148600
.465589900
.486570099
.460700400
.443607600
.411401801
.395083500
.438708900
.412592500
.465536800
.471387700
.416288000
.423941599
.501115600
.500024900
.413939401
.425947200
.463820600
.376426100
.349756199
.375057200
.387040200
.515642201
.423115300
.398562600
.389337100
.483549600
.407331600
.422557600
.521159900
.373033900
.475735899
.390920800
.543663999
.420367200
.430636100
.519962800
.556057300
.389401800
.457266000
.434102200
.363266700
.432540600
.454307600
.414073700
.529134000
.411727499
.379668200
.502892500
.452509600
.468001400
.448206700
.406860000
.441948600
.444638600
.429347100
.491312200
.411087800
.374445300
.423962100
.439423500
.407678100
.460517100
.415584300
.409342900
.420652400
.416490200
.447150600
.568915700
.377695100
.453400700
.461185600
.366520100
.436682799
.500123200
.419614000
.365243701
.434215000
.397603700
.352848699
.508314001
.498419600
.439526000
.503937799
.364656700
.506574100
.519082601
.397303600
.497046000
.435842000
.442675800
.439793500
.490605600
.434801400
.423632299
.367367500
.401074901
.424298400
.428482100
.394529100
.473869300
.458201200
.418782500
.458535100
.462903100
.424405500
.523548599
.413793600
.434169400
.401783001
.550511400
.486249400
.482893100
.488805900
.449836200
.404740700
.403213100
.464866300
.471586700
.486937200
.372300400
.505198500
.400055400
.458030200
.407263400
.393436000
.386797300
.412181400
.533860200
.501604700
.392679700
.415097700
.425759102
.394922801
.372893400
.431915500
.426784399
.389489701
.463027600
.439835200
.443841900
.465957500
.386716500
.385528400
.475987200
.387714300
.418377200
.445613999
.426236600
.390843900
.421285500
.486235801
.396413500
.428984600
.474974800
.404823200
.456646500
.393917799
.391151800
.413132800
.438202100
.376693600
.434426200
.386377800
.464179900
.511742501
.423642800
.419311300
.406716300
.407551000
.390878500
.448768700
.488944900
.366762500
.436608900
.438607899
.446195000
.437377100
.437720900
.364335900
.425308200
.424062400
.333198401
.452442200
.403398000
.357906100
.591470000
.407667900
.504187100
.366151600
.446835200
.457609300
.441674600
.445937100
.472080000
.390065900
.440764300
.431034200
.442834100
.485297500
.517511000
.386695600
.490255800
.442561900
.415014400
.390782600
.478147599
.420794900
.458307200
.453500300
.471842300
.381695200
.511869500
.454436400
.397919600
.440959500
.413979199
.416206099
.411662900
.411051600
.417720000
.458964101
.500882599
.560504700
.410468101
.396103500
.430151700
.423747100
.425801800
.395755600
.439515200
.400013000
.438412200
.468153300
.451129000
.493863500
.374555299
.469469300
.442031100
.436727001
.404869100
.461306300
.453976900
.498487499
.420652300
.438798000
.394246499
.386281600
.386997300
.402583301
.383523000
.454236500
.395978800
.558627599
.434482900
.369368400
.395234701
.475433400
.407157500
.385081999
.422296901
.506190700
.395709001
.405352800
.420723700
.522444600
.412716500
.387883101
.442481200
.537810900
.465034599
.439639300
.400124000
.368822101
.439467700
.413850300
.352331600
.378865300
.428735600
.517500797
.413925399
.491438100
.469070200
.489497300
.421964700
.397165400
.421621500
.449015500
.413557800
.450787900
.520846000
.420508800
.419058000
.459605000
.431423100
.384160600
.459437999
.382346801
.387859400
.401808500
.382457600
.416333000
.471611500
.419632700
.440866500
.501738200
.384443800
.494905700
.486618000
.379589800
.389990900
.546814000
.394878200
.412497700
.514744600
.565966300
.465306600
.461385699
.403464500
.519065100
.383046300
.515785501
.458738300
.464051000
.455412500
.466072400
.457005900
.432027900
.446522500
.479431899
.413362901
.431346600
.426737700
.410639200
.425247600
.425182500
.410693600
.479660000
.489722000
.482068800
.439886300
.391832599
.389399500
.470044600
.422576000
.395105400
.401925500
.413871100
.461456100
.446103500
.415058700
.537685300
.475538600
.401450200
.431737899
.418659100
