1.113771099
.968973401
.934467400
.972559200
.953622400
1.063181200
.946575500
1.038752900
1.544734700
1.106721400
1.039463700
.992163699
1.275369401
.896569600
1.198150100
1.067321899
1.049301900
1.084872100
.971693400
.941393599
.966051801
.926386700
.965077700
.957231399
.973597100
.956924601
.938424299
1.017910501
1.143977100
.944799499
.960037001
1.059992000
1.122535400
.871662700
.960961300
.930920100
1.009232700
1.095320699
1.130884101
1.218248600
1.086190600
1.027520500
.986061200
1.011510499
.989653501
.932034600
.995769900
1.298091299
.815492601
.933224999
1.011517200
.901697301
1.122484299
.959418601
.986863500
.942861800
.925297900
.980946600
1.086890700
.960515499
.995851201
.950302901
1.094369700
.844494200
1.091002100
.965445100
.916583300
.923001000
1.028501500
1.069283700
.951370000
.900589300
1.093405100
1.222788100
.836380800
.948675300
.972475300
1.117311700
1.421278800
1.304090299
1.026524501
1.064566900
.764256799
1.242643101
1.140637500
1.094854000
1.178468400
1.042231900
1.028411600
.923387800
.968951701
.992479600
.991814300
.964937600
.932730999
1.139395300
.811636700
1.053873301
1.139007800
1.302847801
1.158816599
.880408200
1.361416500
.966496099
.996582701
.977213699
1.023869500
1.284296000
1.151798701
1.057288899
1.167903900
.965778001
.975894500
1.005287600
.968989599
1.038720601
.937872100
1.208352799
.818350601
.953695400
1.253188800
.924167600
1.066247800
1.057271000
1.130895800
.961063299
1.024112101
.992940700
.986838500
.989938300
1.242802399
.965615600
.945986100
.952469101
.923163600
1.171116700
.863578699
.962155400
.949530201
1.100421399
1.034332000
1.010499301
1.204345100
1.106264900
1.080351600
1.032366300
1.046006900
1.057327100
.967144299
1.017346701
.966884600
.961743700
.935414299
1.204513400
.876804800
.975539501
1.082131900
1.001168900
.975756099
1.148415500
.999241300
1.024622901
1.053094400
1.032912600
1.067373700
1.011005400
1.064760299
1.001379498
1.078304601
1.060819600
.982631000
.987219600
1.223217099
.970690300
1.011821300
1.024116501
1.059061900
1.062442300
1.019988699
1.046843701
1.122825700
1.044073300
1.290411300
1.088152300
.788824600
1.016277000
.986972200
.980998300
1.057556400
.784131900
1.119899701
.964990899
.998451600
.988022301
1.240498400
.859418500
1.036277800
1.069920499
.856478701
1.224477400
1.103635799
1.045106200
1.018390701
1.019550200
.987314900
.917871700
.970116600
.923478300
.951832400
.962073799
.999127701
1.026756600
1.029079400
1.109079500
.927472500
.881396700
1.058478300
1.494478600
1.033952800
1.102935600
1.062637299
1.086790401
1.031608900
.997499099
1.050275501
.982434500
1.077119300
1.019907900
1.068410100
.973512000
.991448500
.975639300
.985738300
.976371199
.976930701
1.172479200
1.069966200
.986714700
1.213076500
1.126576000
.974814900
1.121962300
.797784099
1.186907701
1.013399400
.985664600
1.006297400
1.047183399
.961114400
.923866201
1.092860800
1.043305600
1.094790100
.964363900
1.133617200
1.237729600
.756191699
1.047544500
.995656901
.991713200
1.052068900
.765860500
1.094973099
.963595001
1.086135200
.816710500
1.319381900
1.483469500
1.170774699
1.251392400
1.080178201
1.143757299
1.167627700
.835503600
1.159399100
1.085067100
1.029130901
.839863500
1.286583699
1.131432700
1.033014400
.745697400
.989537901
.971040200
1.052337700
.971038700
.872272500
1.069537699
1.011819300
1.154911701
1.241023800
.873095599
1.000208300
.973757001
.976116800
.974942300
.965720900
.972648399
1.045246300
.982713001
.952936800
1.026175499
1.026518501
.961632800
.982085400
1.081978400
1.061719900
.955003700
.986472500
1.124345700
1.071821700
1.061456500
.842369600
1.036185000
1.029238400
.957425700
.965541199
.999628601
.979286000
1.075432200
.988121000
.989938900
1.001752799
1.035533000
.967168600
1.334678600
1.036011500
.976299301
.951196500
1.134049099
.918711701
.915735000
.965723099
.980982401
1.011197399
1.452376801
1.161648999
1.091208400
1.007027000
.993325301
.966677700
.986381500
.941573500
.981813200
.993305099
.963460501
1.370901400
.976500300
1.132766999
1.013327901
1.047471300
.976251499
.958066201
1.071790100
.977062199
.880488201
.992542800
1.030665300
1.039777000
.986074900
1.013147100
.960132700
.974199600
.966428200
1.108487599
.844646500
1.049535401
.947948500
.964288700
1.204196200
.776580699
.953258100
.959996300
.908366701
1.031568300
1.011602400
1.015153000
.963937700
.985172800
.949916500
1.288644000
1.725990399
1.311616600
1.322095101
1.345136000
1.532727600
.989271400
1.023518900
1.012851100
.987883899
.991621101
.984620900
1.006197800
.982263800
1.010730099
.982220700
1.033328301
1.049337500
1.013228100
.992170699
.975469700
1.134729300
1.237770501
1.275975399
.998991701
1.207426200
1.133659800
1.045042000
1.088115700
1.107541400
1.025573200
.980746100
1.076525000
1.057518599
1.010165601
1.046583099
1.115653301
1.049155600
.983467700
1.024648100
1.041178700
1.292057400
1.533445500
1.256920100
1.138225400
1.127272501
1.278935200
1.049039500
.982706800
.980751000
.953762300
.988007300
1.024256700
1.351318900
1.053972599
.974290600
.979212101
1.002989600
.922888600
1.000774000
1.158902500
.908913000
1.012148600
.951299700
.974594500
.992267100
.966748800
.938544500
1.029503900
.992796399
.925414800
.963784700
.940939001
.962967900
1.027101300
.927433900
.990689200
.938460700
1.017915700
.918755900
.901183100
1.170960900
.937999700
.965253500
1.013182800
.913418600
.910183200
.907762300
.960030800
1.006556900
.934167600
.924322500
.974192300
.921693100
.929994600
.978978800
.972830400
1.443249999
1.124001901
1.002553300
1.013286600
1.385624700
1.018753000
1.139490700
1.049686800
1.033415800
1.109481000
1.303609099
1.001144600
.950686701
.923534600
.987018000
.953866000
.921204299
.950939300
.953980100
.921714801
1.015230500
1.317770900
1.498271299
1.115229000
1.181928401
1.070966600
1.029230900
.931899300
.946671000
.944096600
.948455400
.960811300
.971701999
1.026270101
1.078277300
1.057698800
1.058008200
.962208900
1.098173500
1.554070500
1.143936900
1.095021800
1.033368100
1.285497500
.989519600
1.274292900
.951865900
1.245301800
1.099578200
1.026276099
.960881002
1.075773299
1.005441700
1.134217900
1.270097300
1.208482199
1.101613601
1.182894000
1.008330100
.956257200
1.034411700
.916771500
.772227500
1.553522600
.959500600
1.217726800
1.050150999
1.071696701
1.037513600
1.008149400
.998505699
.935683600
.971263501
.929192300
.962059300
.987832900
1.118896700
.969623400
.985108700
.943789700
1.067314000
1.005354999
.950359601
1.210016100
.998261699
1.204834701
.987200599
1.054140100
1.004022901
1.034568800
1.085606900
.912267400
.967334299
.918697400
1.004990000
.938498401
.930409400
1.008255300
.911724300
1.032152500
.964626600
1.421020500
1.026003201
1.075150799
1.208086501
1.134619200
1.098417500
.975892500
.954650500
1.042795900
.961853200
1.043144900
.995117999
1.163082000
1.073545301
.984989300
1.102940800
.999839500
.989373599
1.041053701
1.057378100
1.046423800
1.032457500
1.223930900
.908684799
1.046970501
1.078251200
1.024472600
1.033057700
1.210692200
1.113692000
1.243712700
1.083868700
1.016407799
1.069562000
1.054894101
1.035767500
1.039650200
1.060187899
1.054643400
1.001774900
1.054674100
1.025201301
1.223606999
.959233400
.960259800
.989448001
.949302200
1.062258700
1.536897999
1.190772001
1.003931999
1.023801800
1.011411701
.829655599
1.148772400
1.025992800
1.009036601
1.060475100
1.002014599
1.051594600
.939817100
1.109560701
.878699800
.959443699
.940522601
.987443800
.922123400
.945807300
1.111837500
.963617200
.914281800
.984305700
1.487026300
.963675500
1.124245400
1.020589400
.996730300
.979387400
1.016592300
.965869199
.988594001
.933946100
.926721700
.925916000
1.055626400
1.475870300
1.236225200
1.196169000
1.192228800
1.239518400
1.367161700
1.072389400
1.350439899
1.182571101
1.157223600
.811431100
1.136996399
1.050792100
1.080965901
.739712700
.921286600
.927039900
.946617200
1.103488600
.981358400
.951391700
1.189252800
.890395800
.920072100
.967442800
1.074767699
.818787900
.929835700
.977107500
1.123370001
1.119765200
.987542300
.989358699
.947494500
.939671601
.905142400
.921093600
.954261000
.958186300
.970684400
1.261618400
1.116183200
.888636500
1.036405900
.977013500
.985546100
1.022082000
.976511400
.917784400
1.215826900
1.073701000
.962427999
1.066657300
1.073584901
1.013968800
.910136900
1.086708700
.948384801
.937155199
.983963500
.949474500
.981694900
.921638600
.928540299
1.287229101
.993563600
1.183634000
1.048134800
1.013969400
.996275500
1.033321300
.982495100
.972490899
.918468301
1.001370600
.966082499
.954138701
1.026595300
.951054500
1.025564900
.931678800
.951004600
.949250800
1.143392500
.927209500
.977917100
1.058718600
.948544399
1.000491601
.958070500
.936695400
1.107971800
1.184461600
1.089396400
1.068402800
1.037445200
1.016912100
.997246600
.914056400
.975166900
1.050969299
1.071624901
1.559111100
1.209164800
1.096120500
.990703100
.982887299
1.004595400
.976391301
1.201851000
.812466600
.930808899
.960312301
.927382200
.970514699
1.005816801
1.007823900
1.000898999
.977526101
1.199722300
.917799200
.924224100
.944948200
1.123770399
1.165816501
1.151246500
1.093288200
1.043517400
1.047752800
1.014584700
1.333558400
1.210194400
1.140709200
1.074642600
.979745600
1.030806400
1.010129700
.977299200
1.005213500
.945674999
.942860500
.926155100
.971178101
1.269934400
.968059600
.940205600
.988573900
1.032752000
1.560854300
1.163171900
1.338305100
1.329613300
1.192131900
1.070525800
1.025710399
.924572801
.966025900
1.030533499
1.010726301
.998332500
.967043599
1.073592301
.976450300
1.059252100
1.011491800
.993584600
.943657500
1.014963200
1.189299800
.913480200
.968277200
.986545600
1.034402500
.955384700
1.015338100
1.013517300
.992236000
1.023319100
1.003318300
.955191700
.948583700
.966811601
1.030670399
.990315001
.928624500
.984397300
.962229200
1.048063400
1.016397500
.979136000
.955666099
.975847100
1.024936200
1.036107200
1.390372300
1.141357100
.801003300
1.062361000
1.028916600
.963514100
1.105060699
.887644601
1.129987700
1.049051199
1.119325301
.978742800
.928953800
.876194600
.965505300
.928836300
.994369800
.732504100
1.156110600
.858727100
.932687600
1.573311200
.995573700
1.179485000
1.018823100
.893856700
1.032397200
.954542199
.952121301
.916361700
.959563300
.984499300
.943074900
.887166299
.939900900
.991969501
.848606400
.910389000
1.142642400
1.005985000
1.031392599
1.224636401
.808764000
1.143651100
1.038801300
.895800400
.901899600
.944606000
.998027600
.976351700
.986415000
.842593400
.987703000
1.020169500
.984479800
.975453899
1.060864001
1.188199400
.911812800
.960485400
.951397900
1.065926800
1.503276500
1.313415600
1.213732800
.944933400
1.419131300
1.310766400
1.600430700
1.165518700
1.084570800
.984619199
.911589801
.984691399
.989573900
.980894001
.993802500
1.209827800
1.171442000
1.214258600
1.035698500
1.063488800
.937459400
.984210799
1.019962101
1.009747500
.986520700
.856788800
1.025238100
1.022848000
.993979000
1.042216599
1.090862700
1.567736000
1.337126300
1.208526200
1.140992300
.999689500
1.260873300
.872796900
.982619800
.924597600
.986192400
.976435500
.977281100
1.038146300
.905821399
1.069791701
.982480100
1.005494500
.947802900
.911595900
1.007332300
1.004013300
1.049241400
.992170100
1.051930100
.947689199
1.032948200
1.061601701
.984383800
.871564800
.989199700
1.014903200
.989372000
1.372957700
.709101700
.993350100
.980271600
1.063275800
.938883300
.931207400
.978733800
1.030673900
1.047719299
.928457001
1.143195000
1.040402300
1.224413700
1.053226700
1.024766400
1.214011199
.998316401
