.476837300
.465122400
.452746400
.436325000
.431932900
.415910500
.419113500
.379989400
.437679599
.428915200
.420597701
.451751800
.445138700
.429197701
.459726500
.515482100
.483008000
.379821000
.502626101
.387029200
.457293099
.568956000
.439267600
.438107800
.445700400
.422031000
.407417600
.510100700
.461606300
.396216200
.647371100
.403710800
.407720700
.376482300
.459961400
.433279400
.388838300
.474086299
.391317300
.506611000
.470170501
.393170300
.502784800
.445233899
.451268200
.529362200
.428919601
.487122900
.430185700
.447177599
.449806299
.431003900
.427715101
.480818699
.534790900
.452461801
.464886499
.805765000
.414346201
.462485700
.447662300
.380794900
.532183599
.376846100
.455303900
.473962801
.447483000
.511090600
.557435900
.435830600
.451162700
.430933400
.440967700
.396630000
.547074500
.383523199
.432354600
.419937800
.480260899
.454209800
.391099100
.416684100
.478742300
.470462400
.461341299
.382869601
.537198100
.436575000
.431362899
.465445200
.460647900
.440786001
.753799400
.456336800
.447844100
.388146200
.462798600
.379818800
.452164200
.376299800
.491847600
.446319600
.482022600
.421137500
.485362900
.461233600
.418132100
.408444200
.481605100
.436927700
.417516100
.505696699
.478527400
.411167300
.468710201
.473527900
.426776500
.457369999
.464171900
.418814700
.376352000
.444296701
.504122500
.440784800
.477584499
.406679200
.479815900
.430496200
.672605300
.415628000
.367212701
.475689100
.458878800
.506815100
.463635000
.429207600
.406537800
.441455200
.433659600
.480955600
.463271800
.442727000
.412258300
.443592700
.484527800
.427929000
.452390900
.466069999
.455591300
.444775501
.463489200
.387303300
.451443299
.416312100
.441155500
.503315000
.421832500
.469505900
.434498400
.438143600
.473453300
.475405500
.370969300
.439621101
.687512200
.412637900
.454654600
.478766900
.450280500
.449585500
.442432600
.438781100
.375042500
.444611500
.368467100
.432269000
.463665900
.454536000
.435801900
.481466499
.449914200
.451689500
.381590900
.472454501
.448031400
.401441900
.402237199
.467030900
.442833400
.491849300
.442101599
.476266300
.415486900
.487960101
.478006500
.418364800
.413821900
.459419299
.379811601
.448594700
.436069099
.468174300
.473267300
.389455801
.448866600
.449320800
.419561300
.475135200
.375996600
.399383200
.442544700
.431738700
.447530800
.422808500
.439433600
.438265000
.468794800
.443476300
.451996700
.373432600
.416918700
.431586400
.424898600
.475146899
.517122100
.557921900
.457649400
.444562400
.460053000
.427389000
.393557000
.495173400
.429247900
.456146600
.511185100
.415499500
.417016101
.646602600
.465736100
.451392900
.467772000
.385730300
.412016499
.484474701
.452250399
.464304400
.601070501
.443382400
.419573200
.457554700
.382270400
.456579600
.403865500
.440224600
.449372400
.443699400
.463562799
.437881600
.472279000
.438884101
.452105600
.467165300
.370942400
.489856100
.418395800
.468887300
.488108899
.595939500
.448902500
.409077200
.567707200
.436491500
.448506001
.568611100
.370178500
.457620099
.445706600
.414226900
.488726001
.493774400
.451456400
.465809700
.474812400
.426016800
.451448099
.479839800
.421292500
.367105800
.436455101
.468991700
.460312200
.472930800
.442709700
.456617400
.455460300
.475473599
.425617300
.446131600
.450204100
.447051300
.459293101
.502225199
.422026300
.450548700
.458240301
.436753400
.449724299
.452458700
.439168400
.509244901
.455068400
.496860000
.496636900
.439919100
.494682300
.448438000
.371879299
.432053501
.370967800
.441434000
.433752000
.468212100
.469237300
.414787200
.460253799
.437602700
.443220600
.450701301
.438483100
.384922600
.443633499
.371931900
.472278000
.407336100
.427167500
.589243801
.452906900
.427879800
.448447099
.378443100
.408514200
.458464901
.436619200
.467401400
.402756000
.637084500
.475859200
.418391400
.455586599
.422572901
.423362700
.473319600
.465224200
.423451600
.499617799
.379845700
.465889500
.449458401
.472534000
.413900800
.489862500
.454082099
.368596200
.464696100
.360510801
.470980900
.423305500
.443312101
.452856900
.466447400
.423321000
.473553300
.441839900
.442311400
.381730099
.450231000
.369290900
.426721600
.473323100
.439935800
.454961100
.381737001
.500718300
.429072200
.438504300
.447563400
.384915300
.401674100
.491286500
.443722600
.444166700
.453536099
.609492100
.473019601
.558019501
.687629300
.553788499
.823912200
.652600701
.735400900
.706802500
.474774000
.441034000
.449168000
.394804500
.463597200
.449286200
.384421199
.435060500
.450535600
.484951101
.480834900
.460693400
.415005400
.388188100
.460424200
.456608300
.374785399
.464591200
.422568300
.435854601
.475438200
.414643300
.437760200
.514041599
.465977900
.427149300
.443068401
.378931600
.451162300
.417025000
.465561700
.463451300
.475504700
.442905100
.460529000
.482746500
.435582300
.466210500
.417712800
.412783700
.579244600
.499379600
.457864600
.474220100
.445778499
.469472100
.474264801
.450636300
.439289400
.483156800
.442605800
.471219100
.411838800
.476720300
.436889900
.456335700
.450581200
.441024600
.458774200
.467856499
.411771700
.435922300
.627877101
.465677200
.482972100
.474432599
.438646100
.450630000
.425157301
.475499400
.463796700
.368333200
.534662400
.392653400
.411550500
.461292400
.502419600
.399291900
.436162800
.394260300
.426973000
.412916600
.461944199
.422140100
.470138300
.473339701
.518980900
.410944100
.514236700
.476510800
.427914300
.437265300
.448869300
.461491900
.408339600
.441369599
.386595100
.452163400
.439518600
.467667200
.393562600
.417903100
.499052600
.419055000
.442586100
.376034000
.480149500
.445631300
.461374600
.446446000
.476847301
.443276898
.486958900
.439344100
.450861200
.435000001
.466280500
.419034300
.384459800
.442796100
.374563700
.454329300
.454014399
.385743800
.422190800
.479895200
.454352901
.425471900
.368645800
.436922099
.434432900
.455734400
.486852701
.433819700
.459971000
.425216600
.471026500
.427577400
.446544200
.443752000
.447266700
.445071399
.392220001
.423491300
.482800800
.464955400
.498795200
.397488500
.373540400
.476095099
.474959200
.379055700
.428889301
.505291099
.460649001
.489167198
.471251600
.449032600
.425951901
.578047800
.468435000
.427813200
.404592200
.455296700
.387363800
.480771300
.450745999
.443673200
.468803001
.471453200
.440907400
.376456700
.452274000
.378569600
.428846200
.471740100
.438124800
.435705400
.491038000
.478556200
.456363400
.450880900
.463188600
.417371100
.409705900
.444567599
.507268600
.448452200
.451278000
.498191000
.388114100
.426253900
.486231800
.467300101
.381262199
.466006001
.454202900
.424635300
.454241700
.480475700
.463731100
.454484700
.432153600
.526158400
.443619800
.454473800
.384345500
.400094600
.380276900
.437957200
.384188100
.404958600
.480808799
.429872800
.377949200
.501464800
.406397600
.437180400
.446600200
.382529000
.461323300
.413633000
.456605199
.457419500
.419019800
.460774901
.456090500
.447093900
.413358500
.496545700
.432359200
.411174300
.405254899
.519769300
.391439900
.406990701
.532464000
.460376900
.420552600
.463923299
.452681900
.422027701
.501714400
.443541400
.451427699
.466281801
.474465500
.433071400
.411587200
.442787800
.431024700
.458002699
.409094700
.442262000
.441291700
.371135100
.516806900
.427958100
.425555500
.496256200
.453248400
.450351700
.437111100
.435372200
.445096900
.398800000
.491848100
.427356800
.437867600
.456074600
.415415000
.433912000
.481630100
.455193300
.457159200
.439727099
.371918700
.452909200
.422292199
.449852600
.465737700
.474362400
.465192600
.465865500
.483005900
.498899801
.387877900
.444401000
.376134700
.464248400
.442803000
.445876700
.459189801
.405780100
.418858301
.383973499
.432708900
.502531900
.386631600
.448867500
.570436199
.423101501
.447624199
.468400400
.438209500
.454685901
.761989000
.397765100
.390343001
.471400500
.411023000
.484126600
.488355600
.453003800
.380503199
.465004100
.444739400
.408177800
.373693701
.467550700
.418315400
.484949699
.439757700
.454813600
.475469701
.443996100
.433060300
.483535200
.476634199
.419468800
.474113300
.472210800
.483641400
.480815900
.480151001
.458750300
.452029800
.406642899
.468948200
.449951000
.444953601
.466706000
.480325400
.457468800
.452091500
.448101300
.466820400
.438470500
.484753700
.454684700
.403409699
.434710400
.434519400
.457081300
.507651500
.480997800
.555713401
.464556400
.468315200
.387109100
.462850199
.458452501
.395241800
.437808200
.481567600
.463586700
.435207099
.470667500
.431502100
.463306600
.458080000
.508829000
.439041300
.470328501
.462623000
.387424900
.440229000
.408561000
.684670600
.448542499
.474500000
.434170000
.417196500
.475744100
.449869000
.432942200
.497900700
.448462700
.391650901
.488679099
.502784499
.386620600
.484952501
.472799400
.438334000
.413726500
.441443100
.374459200
.523450900
.475293500
.440029100
.483510600
.466068000
.471504900
.441343700
.446324199
.463806100
.464823700
.461331001
.475433300
.480098100
.480761200
.474683500
.520432699
.441739001
.449290899
.430681200
.426217899
.473761501
.446688200
.374458900
.407920400
.490757300
.504133000
.417778600
.463829300
.464472500
.404012900
.463252500
.479134100
.439286600
.438956500
.388594800
.452820600
.392160900
.483748400
.388537300
.466098000
.500068699
.428958700
.447641400
.372374101
.448943100
.537422500
.452634700
.474372400
.439022100
.488401600
.439735700
.673548300
.415670700
.470814000
.422618700
.417235500
.463460200
.470285700
.434504700
.457026600
.429549400
.461070000
.442617100
.396187699
.435750300
.378255400
.448263301
.486415100
.468337699
.458007501
.451241600
.451035099
.468842001
.499088800
.451197600
.423490000
.455087900
.445320500
.415483700
.455174800
.381250700
.525852600
.434534200
.461931900
.424027400
.456725000
.452949999
.570684800
.388078400
.391658400
.459428100
.422809500
.419048501
.525739800
.475923200
.416505500
.394369499
.468600100
.425589000
.505206801
.451186600
.481642800
.448458099
.450538500
.483557500
.403371501
.450503500
.428510200
.549301000
.439982500
.453084400
.436374500
.401020100
.438667600
.436015900
.527699700
.465239300
.445545800
.407982500
.450361800
.476415100
.420040000
.433484400
.658746600
.487127500
.471466400
.447752300
.419520000
.451436400
.467621500
.417210200
.439431400
.431446700
.464039900
.412249700
.455975800
.441916000
.422717800
.488544100
.462611000
.429800000
.417082699
.474841200
.375553100
.463670000
.442753601
.439246400
.487936100
.475581300
.478802000
.388052000
.446918500
.452315000
.492893600
.376819599
.460307699
.489231100
.431435600
.452913200
.712986900
.471707901
.458197200
.417744000
.442215700
.455358299
.451543600
.410458900
.369795101
.428493300
.440265300
.456644500
.454297700
.438912300
.370400600
.438748800
.466828100
.444695000
.440822100
.467799300
.423717500
.435549600
.459211799
.474740600
.486134700
.452936501
.459957800
.432010100
.410423400
.493356800
.454896000
.370151500
.436169499
.487274000
.416120700
.500580101
.453179800
.415698900
.445295700
.457446699
.423690500
.457342400
