.433137300
.390555600
.381822500
.386571900
.364755200
.349962799
.496419800
.381830700
.433185001
.392682600
.417847300
.409261600
.323369400
.390110000
.392764800
.458440100
.383710800
.468339800
.458479000
.343175300
.388068201
.396544700
.363407499
.422700099
.381835500
.400696300
.358182700
.461538899
.448598200
.355717900
.440951001
.496996199
.388655600
.433570400
.380693001
.423481500
.402359600
.377367800
.436628000
.382900800
.387486700
.372106100
.388515499
.401016300
.397369200
.392146900
.504023700
.350675000
.376373400
.422165600
.370471300
.404077300
.364666300
.396433099
.402457900
.425878500
.425704301
.418866000
.353014000
.405892900
.352130099
.387498600
.388668000
.385487100
.419764101
.361218600
.411887200
.317711200
.453773100
.389217500
.333072700
.334143400
.442379000
.390080600
.304905600
.475582300
.406240800
.428542300
.415208000
.498925199
.374030700
.458068400
.415875501
.398055200
.465224100
.320113500
.361012200
.464909800
.414331900
.404427200
.365106900
.427409000
.358908500
.513534300
.434947500
.380687600
.389211700
.368048500
.386775900
.400250300
.379717100
.376722099
.377419000
.391983100
.346178400
.410425101
.364519900
.398816600
.358814300
.503507800
.378418900
.311714100
.331455301
.415578400
.346056200
.382597400
.501852200
.368786100
.472464400
.337011600
.357767998
.407754700
.387436300
.414187300
.369663101
.351050900
.385649400
.346154300
.374629199
.493805700
.319327500
.454071401
.377023400
.441364000
.338462200
.480219900
.372930300
.327240800
.351273100
.363227599
.373922000
.387921700
.444654700
.402019801
.465751700
.345104600
.374671601
.304041000
.439612400
.345766900
.396043599
.348847100
.369725700
.379949100
.347652500
.416766501
.309526200
.542089600
.403444999
.333611400
.382775900
.377753400
.388325401
.394120000
.361820700
.353136400
.341827300
.354611300
.467763200
.323065200
.504249600
.378901800
.336542000
.342636600
.377355600
.342970700
.354020500
.352527400
.434281400
.394593600
.319727200
.355612901
.363141000
.355144200
.344248000
.395514400
.354671899
.448603301
.380476400
.426183300
.418116500
.360544500
.366103300
.357068600
.332069799
.470476500
.322031600
.373054200
.409338901
.375899000
.346961300
.432232700
.365993600
.373250100
.354800800
.382278000
.380440700
.304907400
.382921000
.325522299
.386157000
.390496000
.442295200
.365383899
.436375600
.411196700
.421945900
.341988001
.371488199
.379345900
.358014500
.405722300
.402090600
.427563700
.350835300
.424083101
.356247599
.415514900
.354421601
.423985600
.328617700
.325183100
.393099199
.394449000
.367998300
.314776100
.472221401
.361026800
.333304100
.367252300
.352194500
.414422400
.342095599
.467739800
.442857700
.390979300
.352655700
.392003800
.411466401
.393828300
.394956500
.362053900
.372351799
.427296500
.356138900
.319008700
.364487101
.402693300
.373883000
.394937199
.438021500
.307408700
.458494800
.385097901
.316030000
.391328600
.352948900
.402230200
.393588600
.322635400
.361486800
.364841600
.372829500
.399817000
.402434000
.462127299
.413169500
.347100000
.325287600
.387189900
.397897000
.391076500
.385029600
.406782601
.331942300
.392219300
.404883300
.370482200
.381222600
.359857300
.391452900
.370325400
.360194200
.387768000
.357232101
.395065900
.316357000
.401509300
.309954100
.383655499
.394845400
.441213800
.316241601
.443343201
.352219900
.324418900
.393451400
.335523700
.393681600
.328418000
.328508000
.393144600
.388124800
.345505400
.348492300
.439850499
.351305200
.425144300
.366679801
.334286200
.304212600
.390892300
.351696000
.354324700
.450028600
.388281300
.327698100
.426401000
.376942300
.380010900
.354418800
.431460000
.428675100
.334473900
.374296499
.330500200
.324329100
.362632600
.345384301
.333841500
.406495600
.313840300
.324125700
.346618699
.347599000
.391392300
.360871400
.364346600
.505774800
.349314600
.356660702
.360253100
.386115500
.376274900
.337356300
.441875300
.372337300
.308711400
.403215500
.380052900
.376858900
.327914300
.404164499
.456708100
.385795100
.337236300
.482540999
.321166000
.348291300
.393460700
.428436001
.316599100
.396055600
.364412500
.396261199
.311771500
.357378700
.278994500
.359142201
.388076200
.336849000
.344979700
.301984600
.394228600
.309989400
.362464500
.488453900
.431949500
.465271000
.551899200
.379284400
.487678100
.564341500
.355400000
.475488201
.311519999
.427671700
.365110300
.385237901
.372244100
.332041900
.342099400
.382329000
.388802900
.335566500
.335807400
.333461800
.344652700
.325739200
.335242000
.396650300
.458385700
.350093600
.321152700
.368737300
.355880900
.366042700
.345096000
.415269000
.316236000
.366534800
.333738700
.368476400
.352107600
.311521200
.399427799
.362003900
.411103500
.328549600
.342283200
.412445400
.331957200
.324336900
.381567501
.406641500
.371674100
.428990600
.382790899
.328352800
.433964900
.400844701
.324661699
.358654600
.348783400
.316685400
.358424401
.358090100
.336076200
.311741300
.378507600
.380104800
.437554600
.319511700
.427947899
.412321000
.333690900
.391378900
.363646701
.326764100
.314502000
.335010200
.385482499
.342322600
.361472900
.400581500
.366376800
.421401100
.344057600
.337974100
.408682300
.409829700
.381993100
.346634200
.330293700
.429498000
.404559100
.382091500
.392597300
.435439800
.314820800
.424679500
.377195900
.387670700
.349573100
.365293800
.346771200
.335715800
.338416300
.326331700
.351806899
.366484900
.398590300
.319209000
.437078101
.326702100
.387168900
.351828600
.368778700
.332184399
.339619600
.325920200
.372951000
.397529801
.355222800
.520336000
.347406200
.348562700
.413366300
.337529200
.326361100
.313691000
.407383600
.350938300
.355142400
.326441200
.337863100
.322115600
.354019300
.317440999
.435877300
.305611700
.412196000
.348151200
.321802600
.372393100
.341956500
.340192301
.400574300
.330191900
.392161900
.328541100
.390949100
.342407200
.329299200
.324515400
.306056399
.446590500
.333562300
.333395200
.340274500
.387214200
.342834600
.343907500
.381154101
.336261100
.320504300
.396786000
.319270900
.420742100
.306923600
.406937200
.393943899
.331250300
.324510300
.338375900
.339148900
.391575600
.382442800
.356265200
.377194501
.386933300
.344989300
.368684400
.358902500
.422676400
.322273700
.322439500
.310403900
.402782900
.416688300
.360301100
.372772100
.333551899
.292194800
.340544400
.407843100
.343179400
.344746600
.410621200
.374009900
.410069600
.312687900
.369887900
.324866900
.341782400
.346173099
.334651301
.321843700
.405017600
.321737500
.390226200
.374676100
.572444100
.347590800
.410695000
.417349999
.420541201
.393842600
.314605100
.397277900
.316026200
.382808200
.419093400
.444816500
.304878800
.409317500
.397610300
.373163799
.314425700
.356737900
.368862400
.339160000
.342636400
.341000400
.322211800
.348837100
.361268400
.347299200
.318546700
.472857900
.421800299
.330136000
.379013700
.323488100
.460523701
.388958200
.375104300
.327910000
.302803199
.331348300
.429299300
.347734000
.303220701
.388085600
.365006200
.379926100
.314786100
.378821500
.361022000
.339746600
.369738199
.342996500
.304149900
.327429800
.328199000
.327708501
.308151000
.483565400
.405681000
.366617799
.319648000
.393882300
.390067801
.363604600
.388511800
.330978100
.324190500
.335660800
.320828100
.330399700
.301348900
.503089099
.403408300
.352303000
.336696200
.323529200
.389735400
.345646100
.347249900
.363993100
.356206100
.323490000
.329193800
.345944501
.346859300
.354866900
.370330400
.362255800
.336354400
.398118300
.333614600
.367266900
.375782300
.367582300
.318504800
.348016300
.309348999
.339843400
.352602000
.337364500
.397113300
.431063600
.304789800
.417437700
.371151900
.392911200
.323221800
.327528600
.296745701
.340018500
.378532500
.348812200
.317327400
.384143299
.388961600
.341525900
.322511600
.339146401
.326409000
.363968600
.340029500
.331443399
.378526500
.317074400
.338725800
.348098101
.369051400
.357194500
.406967600
.389338400
.341651600
.324200500
.335826000
.374594900
.385882600
.351485800
.365630900
.328350600
.372250000
.385702900
.386032500
.321328900
.482231699
.369919300
.319283100
.336155300
.415845101
.398977000
.336720700
.325732800
.435367600
.314375000
.346065100
.333912200
.413537500
.302268700
.453627000
.405434300
.347942399
.365531600
.326613400
.324152100
.419112001
.338647700
.346612000
.318489900
.378081599
.350665900
.357438900
.310509300
.400378700
.427393000
.378446600
.349110500
.392715700
.384921900
.350369200
.322653400
.413514401
.367875200
.352947200
.318562200
.326662899
.307691900
.416171300
.419375300
.393644601
.331024700
.319376800
.370928700
.341469300
.432771100
.333153300
.317010400
.338966100
.331745800
.353018800
.314502100
.427207299
.327258701
.326892300
.338452100
.376555700
.328949200
.389447100
.356369800
.387113700
.374890499
.360543700
.353874700
.351974300
.466276200
.355666300
.444298101
.365106600
.321992600
.313179800
.363510400
.338688200
.423096300
.327904200
.338809400
.350534100
.325296100
.368673100
.316849100
.418986099
.347361401
.336396200
.368089000
.354487100
.418733900
.343999200
.405227100
.356451000
.316704400
.376522100
.404786100
.381956900
.312501800
.523728799
.353780000
.335510100
.376303701
.377019100
.350401700
.418600800
.391259100
.379353300
.327178700
.402590000
.379908500
.396825200
.318558700
.436119700
.326561900
.317092600
.339202300
.395120700
.344458300
.348571600
.325918900
.349003500
.300498500
.368845300
.432885800
.367846800
.315443000
.427845100
.374699300
.310938500
.341084400
.304058800
.418040400
.314224000
.327373000
.336083300
.449148200
.314854200
.332714600
.354060600
.425733300
.372076800
.303331700
.342814699
.348311900
.408123400
.371134300
.337679400
.401475600
.448502000
.331882900
.334361400
.382185000
.365809700
.305739500
.483703199
.456506500
.379548100
.314845500
.416543801
.319854200
.392308400
.344395000
.374497399
.348229000
.358968200
.328825600
.317651601
.339805300
.328848400
.352669100
.318854700
.401656399
.358344600
.318259700
.353249300
.300269800
.326196700
.307613800
.348491100
.327707201
.376192500
.308783800
.382002400
.359853400
.308130699
.339799900
.330008700
.336889100
.325369001
.378754900
.383202800
.313655600
.335800500
.381260900
.345789400
.331204000
.323164700
.423774000
.341942400
.312222400
.343773600
.396363699
.369412400
.347798000
.333915000
.335989401
.323613900
.316139400
.391303600
.346874799
.392653600
.372329200
.349820100
.409197001
.323092900
.450641000
.404868600
.313233199
.346082500
.401091900
.335093400
.337291901
.369003900
.320768300
.347401000
.345808600
.348563500
.362227200
.315425700
.411853300
.370689600
.354320900
.352494700
.386440800
.328320400
.337408300
.352921900
.338039900
.348144200
.389917200
.311704900
.325677300
.305524699
.419405401
.332462500
.310928199
.341627999
.367588400
.321156400
.315707300
.352076800
.349931900
.374725100
.331012100
.398329700
.381580100
.374966300
.369885800
.331043700
.385547500
.309255600
.345838000
.329460000
.359002600
.354098700
.327432600
.343906800
.312088100
