.321152700
.356083400
.335927800
.349611800
.344526000
.344328500
.350829900
.333324200
.330219500
.346052100
.320820500
.332448500
.342453300
.350755500
.384176200
.332294100
.344394100
.359168300
.363951800
.354581800
.324469299
.348329100
.353906100
.344817500
.328592500
.326559400
.340672600
.324227900
.333458901
.362217300
.335250100
.316295800
.363211900
.301663300
.378722000
.327960600
.307051100
.351270700
.347517700
.309868200
.318188200
.340796600
.368430400
.339376700
.312447200
.332212600
.330997799
.343244100
.320054100
.314625500
.332619201
.334909100
.363433000
.320117800
.324771400
.379951300
.321601800
.323211400
.308075600
.354301200
.302418800
.351306500
.330234500
.319149900
.333618000
.331166700
.315714500
.328788600
.340020100
.316811500
.317697200
.310109400
.334315700
.347013300
.409804000
.384441600
.345833900
.363179500
.328340900
.302601300
.270400300
.325439901
.310071400
.332191100
.318759300
.263946900
.311893700
.368305700
.337860400
.318674900
.276845600
.410050800
.341882100
.334909500
.275085900
.308889700
.322485600
.328270900
.278618200
.292237300
.341264600
.316685200
.322324900
.358173900
.337564099
.320995100
.338229000
.338295600
.309591800
.319914901
.310427900
.335035900
.356124100
.341053100
.340344100
.342807600
.543874800
.347178800
.337719200
.327516400
.324287000
.315644100
.347259500
.351207500
.316090700
.322877300
.320360900
.335391600
.329429900
.325069200
.313943701
.333608900
.326747800
.330540100
.340174500
.310271800
.310945600
.324492300
.317750600
.315675100
.325705699
.334445300
.338159100
.310681700
.270334701
.327403900
.312803900
.336153500
.281346600
.318467300
.324676700
.367907100
.326034400
.316752100
.321556299
.329128000
.359948699
.323440501
.323033200
.325075800
.321901400
.300331200
.305024900
.332604600
.355588400
.328094800
.309928200
.345212900
.335367700
.309386300
.321386000
.317276500
.329154099
.318171900
.303555600
.296339400
.327428601
.324050000
.335980900
.405905700
.278515299
.322907701
.327637500
.288027199
.322073500
.298825101
.306104099
.345202000
.286555400
.315178000
.317701300
.331679600
.303624200
.309544000
.316957800
.339240799
.343522100
.356171400
.338415800
.356805701
.356480700
.340541500
.316557900
.319058400
.327327499
.331951000
.313070600
.313422600
.319906201
.347404100
.332286700
.328289500
.328333000
.325754699
.363467900
.324547100
.330847700
.329976501
.312588300
.334647100
.310927400
.321173101
.313143800
.320278700
.307294100
.324182100
.329557599
.408156400
.316491000
.330841900
.337117601
.339593100
.307804600
.328317400
.325659701
.328611700
.305978200
.330469600
.272657900
.288034300
.314134400
.324540900
.348541000
.330237800
.329872900
.329411700
.342765400
.310625600
.319740600
.342126900
.314640900
.323703000
.311272300
.277268000
.332518800
.317403200
.332723200
.269930400
.335199800
.352078200
.335689700
.315193700
.293558400
.320389800
.313956500
.320649800
.261498000
.285764999
.339962601
.332276900
.298077000
.313222100
.338805800
.387944000
.323124200
.347029600
.275395700
.338620300
.388418300
.361116900
.308175900
.334785999
.307877900
.319368200
.313116601
.321131800
.332512598
.340864800
.343276600
.323042001
.333498300
.313885900
.379630700
.315757400
.353482300
.387910000
.338628300
.303802500
.315886399
.371409801
.277377699
.325146300
.308368600
.311651501
.287389900
.335602100
.334628600
.342693800
.329900200
.331269700
.313677600
.277844600
.307647799
.425040900
.359047600
.340693400
.407992400
.320068200
.349277100
.347512700
.314292000
.328113000
.339421300
.331974000
.328649700
.318652200
.348574500
.316294700
.311527300
.317294200
.338285099
.330763100
.311659400
.323648700
.357665401
.340489200
.325489100
.303971200
.291332600
.335194199
.289931400
.300805500
.296299000
.297110800
.329700600
.328672200
.320032400
.326001400
.312245601
.321762900
.336945500
.326291100
.310285300
.397251899
.331629800
.316100000
.331303500
.336647901
.317064700
.312832900
.320242300
.329130000
.310498400
.379537900
.306455900
.338406700
.507469199
.332632900
.356694800
.273817301
.301815099
.318358600
.330262600
.259012101
.316534700
.363112500
.337744200
.324089400
.321802400
.308737900
.348073700
.336190600
.320585400
.345697900
.324263600
.336881400
.328767700
.324699200
.273678500
.335833099
.301184500
.318870500
.325845900
.320588501
.332477500
.378179900
.307855500
.312117200
.355334600
.364163100
.288123600
.319781400
.325567200
.338116200
.319247900
.312117700
.315238700
.332342300
.321026000
.349013600
.329403100
.319789800
.339401000
.303415300
.337545700
.523834900
.386044599
.320242200
.271031000
.265301200
.353590701
.328141000
.275665200
.308544100
.316980800
.352800800
.321052200
.466209000
.317176100
.343930400
.319179600
.341916500
.347164700
.348476100
.322282900
.386766300
.315994600
.341714800
.305985100
.317537200
.338798200
.281540000
.308923400
.319280300
.341471700
.334948000
.312947400
.319396800
.321777900
.290382700
.301483000
.317585400
.339296300
.348968800
.325480900
.327433000
.338472500
.344631300
.321813400
.339239200
.324779700
.353287800
.339842200
.355104300
.418531800
.318403600
.329171100
.324043000
.326399801
.328546400
.327897900
.323820300
.339972699
.337756300
.348887400
.315896600
.344196900
.318522601
.326928300
.303800400
.326887000
.308529300
.326678900
.334752500
.295172500
.319874000
.333089500
.341745500
.308989700
.320458900
.320414700
.315966099
.329408200
.318466100
.316129100
.325827200
.324529201
.367845900
.320181800
.321352300
.316414000
.356443600
.357467900
.316098900
.307679800
.353203999
.337780400
.287299300
.314207000
.320417001
.350225000
.316022600
.306795000
.308719900
.374508300
.344459900
.328691400
.328964400
.266912800
.311129700
.354868400
.282011000
.327207700
.323481300
.327894400
.312935400
.284183900
.336533200
.328329000
.431494900
.358581300
.324903500
.341881400
.394231400
.372123800
.437724800
.459342200
.431813300
.430408700
.475835200
.502210100
.403401000
.322782600
.332615000
.315487500
.283668700
.310056300
.318985599
.363508000
.345772500
.317865000
.323114701
.326963500
.327978800
.334199700
.393973200
.286453099
.309372200
.340054700
.337172600
.352337101
.370593300
.312462600
.328598200
.332618700
.316323300
.337116600
.323931100
.299687900
.333641600
.316648900
.336877500
.327734900
.353954700
.333260900
.331007000
.436099400
.318008100
.308722500
.328229500
.338822300
.312782600
.318010000
.311896700
.304050600
.320601000
.288673800
.328889700
.321308500
.321891200
.312913200
.325318300
.308348800
.314157800
.353444800
.315651200
.334839900
.312749900
.325741200
.307866400
.323867600
.312054600
.335728400
.323262900
.325762200
.366807300
.370466499
.332419700
.309117400
.326094000
.452375101
.330596200
.316901100
.338634200
.315034700
.316040400
.320571400
.312154900
.313786800
.343652500
.322301600
.342719200
.336490200
.329730400
.338089100
.329654100
.341505000
.300659800
.316560599
.321776200
.331476500
.308494400
.322782101
.323436100
.319526800
.332102400
.300911800
.307287100
.336554300
.338614300
.305163100
.321641701
.353853799
.316090500
.308592200
.317003100
.323948499
.320717200
.265557600
.332033000
.324407500
.322044700
.349347900
.350562800
.319451600
.276039501
.338395300
.328436700
.302092400
.309882500
.318939699
.478756300
.292439600
.290460600
.338244801
.342204600
.328600700
.335870000
.337378500
.330917400
.336638700
.341502500
.316382300
.363460899
.323926700
.321991000
.324469900
.317422301
.314768999
.339073700
.356299200
.310746900
.335873499
.372935300
.341602100
.328377100
.331132401
.329018300
.327976900
.315308300
.314563900
.333606200
.345150200
.319140100
.319685200
.303486000
.327282900
.293822500
.329787000
.346829100
.319106100
.308212700
.330890700
.336839400
.268880700
.337800899
.341066900
.324158000
.312355200
.306725301
.476421800
.289291900
.313927200
.318936600
.319148300
.336372700
.297273800
.306146400
.314079900
.328224600
.332364200
.311615200
.308500400
.339952299
.303514300
.322638300
.298342100
.343275801
.332464800
.347161000
.325186400
.261766800
.325019100
.333056800
.341112500
.334390400
.320037100
.322327300
.315838100
.319671200
.303186400
.337207700
.338249000
.319837600
.375151500
.328321400
.344217399
.290245800
.330254800
.339715600
.317514400
.328869400
.337797700
.319686700
.306844200
.324545000
.307987100
.305125900
.277979400
.336718700
.419772500
.334891900
.334107500
.334078900
.360305700
.280494800
.324104200
.324257400
.341522099
.315898500
.280618401
.299632300
.302000300
.317169398
.371354200
.363401600
.327431700
.319105001
.332255100
.353367900
.313634800
.332350800
.310693199
.314676000
.312366700
.308899400
.309234701
.305826600
.318256700
.307369800
.324182400
.333067099
.350913300
.311051700
.329074400
.286832601
.317095800
.340788800
.315894500
.278700300
.269139199
.319157701
.344420999
.286193800
.309259300
.324761501
.322090800
.339153200
.322607200
.314923800
.322961000
.404115000
.319558500
.274501200
.311492799
.329287100
.333741300
.320322900
.308871200
.274017101
.333089300
.315945600
.320066700
.316021700
.343474799
.317993000
.314522100
.337899600
.366547300
.293202100
.319448900
.315366200
.310287000
.319991099
.307240600
.318412000
.320151700
.316812400
.328759600
.313513100
.306490300
.314633000
.334545100
.333207200
.324046700
.312632600
.316139401
.322521801
.332274100
.323756700
.279856100
.308039500
.345189300
.318476000
.313945500
.324903000
.344506800
.317114800
.305304000
.274495200
.330207200
.332893001
.455707300
.323731200
.272085300
.319369200
.312233600
.323048800
.328451700
.290226100
.343805400
.380440900
.338284400
.312367400
.280596699
.327203200
.314339100
.316264300
.325658899
.354414700
.336147300
.300410700
.296742800
.417529600
.336702900
.317884600
.332832600
.350191900
.336349300
.292931400
.343501000
.288553800
.326775300
.324347499
.332064600
.320346800
.331374001
.329555300
.332311200
.312371400
.275408900
.304430800
.334388500
.316535800
.324168200
.334608700
.335809299
.337813100
.345746600
.316004400
.319471701
.316128100
.425858200
.328666300
.297591801
.340383200
.339520300
.325793100
.332361700
.320940300
.362785800
.347146700
.312381600
.333800399
.331681500
.332441700
.324060200
.325362800
.357002201
.324171100
.321081200
.330779500
.316185800
.341881300
.383857800
.326710700
.352159699
.333485801
.300338700
.279393800
.281386500
.336685700
.332312900
.308219200
.332307100
.329938800
.316813200
.337854200
.336846300
.362709100
.347041600
.349139100
.308110900
.327176900
.312582500
.342435500
.339279400
.362571500
.320377400
.321050299
.328332500
.325268200
.432552800
.351566701
.324238900
.397572200
.319301100
.321830300
.331335400
.354297400
.320100000
.311984700
.312300100
.322456300
.336531800
.303197000
.324671400
.336540800
.342742200
.315121000
.351709800
.340392499
.373009500
.324311500
.318011500
.304667901
.331716399
.314388800
.324333100
.316636200
.311431800
.328286800
.336457901
.323862699
.320768001
.334574699
.361379800
.298421600
.337433900
.327589201
