.356363702
.238382300
.236907000
.239937800
.237080100
.240461399
.232543100
.269740800
.271760600
.231894300
.236099900
.234749800
.263433300
.267631200
.319081100
.235467100
.251484300
.283815700
.273003000
.270717800
.265242800
.235177800
.225351100
.279156500
.250327800
.273125100
.238700600
.228767700
.246400300
.235972999
.271021000
.265212100
.236304600
.276281600
.245203200
.277561200
.277952600
.343412500
.335660500
.295553901
.276452900
.291603400
.381836500
.559553600
.248791300
.494204900
.604786700
.571262401
.694436900
.504333500
.366251200
.319211800
.382891999
.515279901
.318228700
.590803700
.309006299
.285030900
.324737601
.279659699
.283251701
.310650500
.347529200
.334332600
.259305000
.331728899
.413826900
.271575800
.329008601
.249073099
.238019401
.381541401
.300899100
.294879499
.275189901
.244017999
.378486401
.436891200
.247329400
.240829399
.290886601
.356645200
.386338099
.281147102
.262393199
.370289700
.379869200
.267629599
.269974201
.357537200
.357256800
.432498500
.329414699
.734309001
.347019700
.376991600
.342326700
.487363599
.450815100
.324151801
.350118899
.427832400
.261738400
.268952600
.340885000
.685569401
.259266500
.282685599
.286319300
.411982399
.255502100
.267590901
.273355601
.359230799
.271253000
.281827800
.367770400
.312779800
.431067200
.320045701
.265672900
.271217599
.258406601
.284652599
.365349000
.204091201
.399439499
.364722301
.343202000
.291513100
.396418800
.447418100
.336844300
.381535400
.314007600
.244168500
.247377100
.424034100
.307547700
.234287300
.260804900
.233529899
.383330500
.234203600
.314029400
.247383000
.256220702
.254445200
.395361500
.258931300
.258233800
.248720800
.440378898
.236396000
.341487400
.255139700
.245388500
.916539101
.270817200
.249297700
.507018799
.856567100
.412152800
.399743000
.244312800
.344753500
.238333201
.390176499
.322758900
.380574800
.254670600
.390811601
.241564800
.346558600
.389325500
.236961601
.273428701
.278851400
.263505300
.311132200
.306488100
.324078300
.343307600
.312869100
.248288699
.243508300
.252707300
.263895400
.254279100
.328032000
.251551201
.376289800
.338598700
.342970400
.254217200
.247150499
.321425601
.295544600
.280902900
.389000399
.264377300
.386556400
.249010900
.302280200
.253413301
.245150400
.427343199
.264118600
.260552700
.312906200
.258030700
.300344601
.256485500
.254998100
.300934500
.311405000
.352746800
.359363200
.340949700
.274627100
.236138599
.297279400
.344790300
.283289500
.256157600
.246762400
.343897701
.302376300
.256043300
.357894300
.318556700
.496822000
.250359700
.286611800
.260419700
.396361900
.247756600
.264805200
.242173200
.250222600
.319835399
.347832800
.239502000
.239239100
.249137400
.326180000
.324602000
.356994700
.266354600
.256200700
.381904301
.363843200
.361010800
.258224300
.291636900
.257951200
.240054700
.231709900
.270659100
.227848400
.236780400
.266281999
.236793600
.264440400
.264302000
.259548600
.274056602
.239326700
.225677400
.227315600
.246978200
.236267400
.232514700
.272598600
.270748500
.246496400
.234038200
.240154600
.236807400
.265609600
.285103000
.239765500
.281652100
.227012600
.298517400
.282465600
.282508200
.226165200
.244176300
.237671800
.229634200
.267350100
.275597400
.335382800
.275269500
.262446100
.277329200
.286448700
.238454000
.241960500
.291315900
.235981800
.265187300
.306258100
.243528100
.237384200
.272234700
.262108200
.283084700
.239037100
.268075400
.244424600
.280449800
.268887100
.265207700
.246240900
.229779700
.240968500
.269974999
.266475600
.266406300
.257536800
.270114000
.274843301
.275249799
.275376700
.262719600
.278140800
.238356501
.275078601
.447414100
.240353300
.234963200
.250866399
.277577400
.266227700
.273438700
.248135601
.242060599
.240280401
.243131500
.238062000
.244655600
.242776400
.249488800
.275487899
.264378101
.248708000
.269176600
.285889500
.244026000
.253350499
.264709000
.230907100
.228686100
.243998200
.276376700
.238843301
.238106100
.237556900
.246185900
.237828700
.239271300
.233230200
.266752800
.271595000
.259901700
.231153100
.235685700
.229465701
.268904800
.259732500
.310071100
.244014900
.229995500
.259797200
.259064300
.239529300
.238813000
.244331400
.246449000
.283162800
.300256300
.279476100
.238471100
.266785400
.273975899
.261023700
.234563900
.228436300
.236138300
.262983800
.246579301
.263660700
.273964700
.281784200
.241244400
.233109400
.223806800
.270760500
.258787599
.228705900
.247697900
.240350600
.283656201
.267687000
.242637500
.223706700
.231995400
.233973600
.297581200
.266662900
.239581800
.228087000
.236827100
.240800900
.297435800
.264496400
.281939300
.242006900
.287621100
.236109800
.271553900
.225761300
.238312000
.234507900
.233972400
.230764000
.269001400
.248050900
.229772600
.295167500
.241689600
.230641900
.234367100
.286221200
.247444000
.230294500
.234794900
.234299500
.222898000
.236628700
.236439000
.232372000
.234175500
.230935600
.277742599
.228966200
.236530400
.235270600
.238381300
.238406200
.273079200
.235423900
.257807600
.234864100
.271168600
.229631200
.271996301
.237183900
.238096000
.232510600
.232672900
.236467300
.293626600
.237631300
.237846900
.257951600
.231064000
.245911400
.269474099
.243575200
.234924100
.235466400
.224213600
.237256100
.301227700
.235467300
.269720100
.238594600
.232257900
.239970300
.228228001
.301190500
.254381400
.271168600
.248233700
.331901900
.301962200
.289783600
.235715100
.261663100
.236580800
.277530000
.245074300
.234406500
.233791800
.225875600
.238174500
.279644600
.267074100
.257977100
.238358000
.256946200
.231644400
.239563500
.278571000
.234470900
.241681900
.231173600
.228216900
.273467100
.230721500
.226111600
.239796800
.233061500
.226342900
.236364500
.280084800
.265629600
.226236500
.230592200
.232991100
.283322499
.289619500
.236129700
.235076500
.238160800
.230646000
.245263200
.269174000
.274971300
.235326900
.258014400
.303738101
.239502900
.228892000
.233466200
.235751800
.227130900
.245151600
.256290300
.247135500
.228689000
.233440400
.236217700
.236731799
.241008300
.231964700
.229892700
.235154000
.232282300
.273976800
.267579300
.274635500
.284790000
.312964000
.245327700
.272176601
.286114500
.232338400
.234948900
.243971700
.227204400
.257240600
.262263200
.235372000
.229354400
.235199200
.235267300
.259966900
.237648600
.243059000
.237883400
.231021700
.233549100
.297509700
.274537000
.277928200
.231532000
.277839200
.239259600
.287802500
.271549700
.280097100
.225963700
.270996300
.268320500
.295355100
.235873900
.245891500
.262463100
.237417000
.304340200
.292450600
.268682000
.269504400
.265063800
.282204999
.274582900
.263216400
.231874200
.245570800
.247890300
.293324200
.261798700
.233835300
.242638200
.233306700
.236351200
.260384900
.274549200
.222289600
.259700800
.238147000
.240304400
.242917800
.268339100
.230169700
.235050000
.233905100
.229112700
.270824401
.252087500
.231551400
.243919000
.241007200
.230125099
.268346701
.275683000
.236646600
.260767200
.234901400
.286402600
.253641700
.285955000
.234447200
.234216900
.227860300
.233872199
.226923401
.235927200
.238006400
.252778900
.234929400
.230892400
.270922300
.267480100
.275540100
.232863800
.277588900
.261510200
.269208400
.260081700
.237147800
.262884500
.233918000
.299440400
.274872500
.269968800
.240588200
.232166700
.243597500
.280528099
.236660100
.322860400
.243681500
.235473900
.250634302
.265757400
.348671600
.239351900
.241053100
.228301400
.273869300
.264348600
.273002900
.233419300
.274842400
.242056200
.269643900
.269113900
.267629800
.233157000
.236675100
.233770900
.279050300
.255518900
.234646400
.235721200
.233249100
.238669600
.222800899
.275985500
.299915500
.239321200
.234060300
.232822202
.273461900
.227600000
.267919000
.241877600
.239581300
.280310200
.263581800
.280655800
.238039900
.262023900
.234888200
.282568899
.235569500
.277415600
.227262700
.224185000
.241764200
.260668900
.275240700
.262240600
.274434700
.230195100
.227060400
.242170000
.233136800
.261734400
.230006700
.227459800
.239231600
.299425400
.241050800
.248459000
.240288600
.233827600
.236883300
.260280801
.235168600
.226390500
.235962400
.230912100
.228298600
.277740300
.260856800
.230985700
.278942900
.252945700
.238203300
.333358400
.238712600
.236524700
.241278100
.238935400
.239874300
.329400301
.239448900
.256025500
.269968500
.237790700
.291515500
.238884100
.285194400
.231797700
.236915400
.234674400
.310396099
.235542300
.273080900
.233269300
.235953400
.244183700
.295411601
.296188400
.260636700
.278160000
.221349600
.281202300
.277081000
.268164400
.268349300
.245227900
.263144700
.303140600
.236307300
.257432600
.235317700
.226980100
.259755601
.262618900
.294576000
.260895500
.233184600
.242843300
.278166799
.279164000
.270173400
.245503000
.232048600
.263636700
.272639001
.265502600
.269628400
.246258300
.263738300
.243279600
.266431500
.287691000
.236815300
.394761100
.241670300
.272987400
.230483600
.233370700
.230009000
.232771800
.239754200
.237024700
.268150500
.236524800
.224952099
.227460600
.234748500
.283615201
.264830000
.274182800
.240957100
.236535700
.263899400
.267602200
.312780000
.233797700
.276418200
.236471800
.294289599
.299493500
.235517800
.261715200
.235131400
.329341701
.235168001
.235239700
.228567100
.237295400
.229939000
.230109500
.275166900
.272056200
.266262300
.236645000
.263616600
.237759100
.319437800
.227698400
.238191400
.231822700
.229224300
.233157499
.276030501
.232379600
.232994400
.231678300
.237509900
.247032700
.281895000
.242719700
.224883900
.232724800
.233117800
.231501300
.271143499
.271734100
.237482600
.232452400
.240273300
.229086501
.269463000
.231375800
.236435600
.239486500
.229213500
.232636700
.264346499
.243716800
.240205100
.237145600
.232460300
.228037500
.248651400
.280071000
.269999200
.239978200
.271951200
.231771602
.283088900
.256346500
.241174800
.232583100
.239955900
.242998001
.257374600
.290630000
.235659700
.235357100
.241409700
.284003800
.335484000
.271573100
.271495100
.247665000
.218381300
.268958100
.230181400
.242403800
.234317700
.226388700
.236600400
.270265199
.297003800
.237833600
.237927600
.244806900
.234421701
.291285399
.237472600
.236889800
.236342300
.231920300
.232878700
.266816700
.275535300
.235801800
.226637600
.263481200
.231135301
.275749600
.224161100
.236189100
.230029100
.271888800
.235300900
.270714899
.286889000
.233092900
.292137300
.240732100
.279167301
.251389500
.229789800
.273337600
.232009700
.271153300
.283877500
.226341600
.317864000
.234925100
.226247800
.237272000
.273203600
.232658500
.236067000
.229514100
.235903300
.232602400
.286092600
.226434500
.238707400
.230389200
.227286300
.233722000
.226754900
.276288500
.227502300
.236932500
.233819700
.222456600
.269204200
.272589900
.277718800
.247367800
.258543900
.239509200
.262537700
.314794100
.236811100
.236691200
.232512300
.256623001
.267537900
.261164700
.227743400
.233323800
.231441000
.252651500
.300802000
.232588700
.239242000
.265697600
.242774900
.287426900
.267489500
.267446800
.235442000
.519663900
