.284296700
.300425001
.306312400
.301886100
.299668100
.279761200
.303665899
.296509300
.295675100
.299188100
.284578700
.293847701
.284651400
.306205200
.280926800
.299011800
.286792200
.277376700
.286758000
.286868100
.282916500
.280787900
.297510600
.251111200
.285368300
.268704600
.293184900
.329278300
.301677500
.293625400
.286271400
.253215700
.386729600
.320227100
.304071600
.253265700
.306931200
.296124600
.278491800
.239637700
.248974800
.339280300
.245632900
.298950600
.316001200
.242474600
.285961100
.331740299
.295788800
.288970300
.279623500
.298441700
.284566801
.341555700
.288612400
.289859100
.252554400
.292328800
.286218600
.269330900
.276537500
.291132100
.304572000
.292924400
.295372300
.257011000
.259118500
.293160200
.283671500
.319955600
.280659900
.291751200
.300630999
.305929300
.292668600
.294949300
.284018700
.273311501
.292670500
.310207400
.297656600
.276466400
.311367600
.308460100
.283806100
.264952200
.289629700
.286194200
.311979700
.280595600
.305731300
.288242000
.347424599
.296497300
.288522400
.261586000
.299154400
.248802201
.286669900
.297497100
.305720600
.285883100
.282697100
.317705800
.273757500
.286773600
.288294500
.296069600
.290286400
.295355900
.262964100
.290905500
.290511601
.292111700
.298948300
.292620100
.294561999
.304409801
.297852599
.305194700
.295758700
.258375800
.285147700
.287691300
.242637500
.267446000
.274430800
.282328700
.305290600
.347506600
.312217200
.315217600
.280710800
.303583500
.279540000
.305616000
.258322200
.270739300
.307721399
.283220200
.300213500
.245428400
.244674300
.292527901
.303506000
.244539500
.284687600
.290714700
.269165400
.303602500
.285287600
.285775600
.290728400
.315980900
.291858799
.291495400
.287202300
.292813900
.251492500
.283579500
.299427800
.282142100
.244195800
.293518600
.316362000
.289739200
.309760700
.285733000
.265450000
.294251900
.289992900
.294920700
.291442300
.281125100
.283388200
.276842500
.289860000
.292600000
.280188700
.258381101
.300416200
.286090800
.255372600
.302756600
.288613901
.294749100
.292699200
.301044400
.283578300
.290093200
.278977699
.324479700
.279569200
.278591401
.286507200
.317091400
.270638800
.281828700
.302276900
.291069600
.307541600
.285550200
.285790700
.301601700
.278608300
.302019000
.328624300
.300781500
.292527200
.278968600
.255085400
.286852600
.295469800
.253930500
.278637100
.273068700
.318046000
.278479400
.284058000
.257259400
.276735499
.302612900
.247767300
.296942900
.258246200
.299042301
.303693699
.280639900
.295212000
.300289900
.282256500
.324757600
.284437500
.253863500
.278984000
.314975900
.284331700
.243673200
.260166600
.285959600
.271137100
.285938200
.296535700
.315574200
.284864400
.288251100
.297899800
.301328100
.289180900
.251614900
.272253000
.304635600
.250247000
.309348400
.284861200
.294211700
.300493399
.251806600
.287258300
.311420200
.281883700
.284812300
.306306001
.296115000
.280612500
.280926200
.283046600
.301736300
.293187100
.298011900
.312261500
.287717900
.296303500
.295704000
.286554700
.290443000
.271737700
.254629700
.302611500
.308586300
.257464100
.297829100
.300991600
.268780100
.294525400
.252244600
.279989700
.280032200
.326896000
.269635400
.321567600
.282089099
.288485201
.299739300
.303209800
.292500000
.280433400
.275028800
.283504800
.284626000
.290478900
.277422700
.252084200
.284024599
.244187800
.251759400
.277639901
.290400300
.295748800
.282635900
.289123300
.300534300
.287547300
.300380700
.352587400
.283682400
.280525600
.276965500
.297509300
.314608300
.248286800
.275994600
.285397600
.310602400
.292738400
.279835500
.293658800
.278014400
.281247500
.314035400
.295698300
.289700200
.288056800
.279063500
.290689399
.300918000
.281821600
.274322500
.284248300
.363397900
.288412500
.285262800
.291842899
.299889101
.281137000
.299525700
.268481200
.281123900
.285769700
.292694600
.292740599
.290630900
.294573800
.273450100
.286671801
.321112600
.280919400
.292684700
.288532700
.285336899
.250138500
.293270000
.292589700
.293294800
.307792101
.303100500
.307887700
.277177600
.248131500
.294608999
.339502300
.312467700
.286324500
.256339900
.281161701
.294952200
.289808300
.241220200
.267561000
.283338700
.304177100
.291906300
.256912800
.294139800
.331752800
.297599200
.290515100
.280800600
.268138900
.283418701
.302744900
.289096400
.277088100
.341856800
.281504700
.295684700
.293048200
.284576900
.271220400
.304105700
.264322300
.303161700
.257377500
.257261300
.299551300
.286018300
.259649900
.286516600
.288688400
.280607799
.302956801
.260311500
.312677100
.271623200
.279096300
.251428601
.287054100
.305747700
.280242300
.290666500
.292119200
.291044500
.287208700
.296893300
.266261000
.269048400
.285170000
.370547300
.312368600
.281073799
.263827602
.318500199
.310105500
.252267601
.274225400
.279759999
.300910801
.297538300
.301733400
.294784200
.254879400
.299013399
.276684100
.295650100
.259161300
.343583000
.301956100
.285857700
.284628100
.291522001
.293207400
.297184499
.301806600
.272413400
.381969200
.258364200
.300809201
.267720600
.269250500
.316365000
.280467300
.283852200
.259671700
.353626600
.294753400
.276696400
.310163200
.301342300
.299604800
.287147000
.284640000
.310172400
.276296100
.304139900
.287674400
.299309200
.268648600
.281308200
.270110100
.314644400
.278955400
.273639200
.408553500
.417005799
.380002100
.295294601
.311424500
.277664500
.306563400
.280468600
.314688999
.280511700
.277898400
.294276400
.284759200
.304420801
.298431400
.280930500
.299846800
.291111000
.279690000
.281610900
.308948900
.269878700
.251415600
.280674900
.287981698
.284928300
.278376000
.272697900
.295537800
.285643801
.278385600
.292769900
.347601800
.245854400
.291098700
.291357200
.326874800
.283708500
.260937700
.287789200
.289489400
.278414400
.280649500
.291857000
.290552999
.276649000
.268820500
.288575000
.324057901
.310288499
.307232100
.284222400
.300900800
.305548500
.303829101
.310810900
.292636300
.288694100
.286107600
.283170400
.300645000
.291368300
.284770400
.260521600
.291933300
.316898100
.282390000
.276780399
.286896901
.298953900
.295599900
.275920399
.295519000
.284274600
.293436601
.283789200
.323300800
.250687400
.273535200
.293605900
.295294700
.299421200
.301780100
.307539200
.301990899
.313675300
.282221200
.286807399
.301138600
.361034701
.296082900
.249529600
.291390900
.284408699
.284351901
.323869498
.319246600
.276176500
.299718900
.293409001
.287394700
.254000000
.281647300
.246282800
.287297600
.312721999
.302785000
.286586000
.301255900
.260809700
.283971301
.285334900
.308743300
.290481300
.280539800
.302621099
.307933400
.300410100
.276980200
.294960000
.294681701
.291236600
.284678000
.287901800
.287880899
.305592400
.312575300
.324273499
.307734200
.288138101
.299344600
.274774400
.292841900
.295448600
.281348000
.301345700
.301132800
.249739000
.242259600
.244135600
.284017399
.291964100
.326404300
.288939700
.297492000
.281135901
.302885100
.329799400
.302256900
.250041100
.278637300
.311078300
.283211700
.285259200
.280761200
.252348500
.304350400
.278996400
.300416600
.247081200
.279843300
.266691200
.279540000
.273729600
.284118500
.283236000
.295995200
.276690100
.404305300
.314557300
.263770300
.285161400
.322307699
.276567800
.282114500
.290595700
.313356100
.288438100
.279454800
.289981200
.295330600
.288717401
.294269600
.286659100
.286208800
.305181100
.319510200
.291236400
.280370800
.301491300
.292844600
.313944700
.299067000
.294392900
.255640800
.272920000
.324360100
.276753400
.286413300
.276613000
.288684900
.299912700
.308616900
.276656600
.282934300
.287151300
.281537300
.275978200
.298769200
.284602600
.262803800
.285968000
.321464800
.284033300
.311640100
.287124300
.289701101
.283411300
.280678900
.313601100
.317973700
.261520800
.295191699
.301515400
.313707400
.300299000
.258709502
.281199600
.318583700
.287114100
.278322900
.273105400
.331338600
.282727500
.288961200
.304368900
.277776100
.310150800
.286031000
.297747400
.296533900
.285397100
.291901399
.286954800
.307213800
.290223800
.285521500
.303070601
.313627500
.293645000
.292921200
.284198200
.296179800
.328456500
.284975400
.251681400
.293215600
.286761900
.315181800
.285994800
.284147600
.284959200
.295225100
.333006700
.300906900
.291528900
.250078300
.287783300
.312701900
.280155300
.303358000
.285671700
.309828500
.287873700
.309443500
.276780200
.300183500
.295558800
.295198600
.392472000
.301087600
.286506400
.300501500
.291266800
.285865900
.278819000
.273865200
.311657099
.283895200
.246386900
.282311400
.287654700
.293377799
.286610900
.289991600
.287333400
.295373600
.368655301
.296156500
.250286800
.286026100
.285861400
.292433500
.275990700
.305019100
.282619900
.279840800
.314273699
.296301500
.277941800
.276377200
.276272000
.285596301
.319973600
.273037800
.297402100
.288753600
.294327500
.278411600
.302805400
.301303700
.312734400
.289486400
.284359300
.308412600
.277938400
.294489100
.300598300
.303156300
.278865800
.291968400
.280603200
.298235299
.284552200
.296210400
.336655400
.280312300
.302782601
.321243800
.283880700
.296920600
.287979000
.280294000
.300621800
.296546400
.311676200
.280610800
.294158300
.302248000
.252089900
.302440300
.274277300
.252569200
.279596000
.274131200
.310684800
.322418900
.261239900
.248090601
.291279800
.310002299
.297642001
.283055600
.295338100
.320229100
.280099800
.276678300
.296603399
.288886201
.272365200
.282351500
.279758300
.261303300
.320252899
.300897800
.306004800
.332313301
.292591100
.289095399
.278964700
.302931400
.257960700
.289432300
.287849600
.293723400
.284447300
.270056600
.288933500
.300532300
.276261200
.358860100
.293722900
.278460600
.290270401
.280620000
.301654300
.292568700
.253046100
.293123300
.300571800
.310996700
.290698400
.252497400
.290659200
.288487200
.290266400
.280617000
.316977100
.307856300
.293142400
.281086500
.263393300
.285369400
.287528700
.277658300
.279851100
.344181000
.368825600
.396747300
.366309200
.372817699
.355669300
.400992601
.384419800
.343098000
.357348000
.405911000
.329880500
.383628200
.291959700
.384437900
.395679300
.342741300
.386401500
.324946800
.293705700
.253587600
.299672900
.289141800
.286697700
.294193000
.300171100
.322806300
.280484500
.287357100
.284474700
.301430300
.273985700
.291363600
.280141300
.293187900
.275149500
.280800200
.252562000
.300599200
.329705099
.288113500
.310785700
.296443300
.289922100
.296192601
.278414200
.281885600
.280388500
.283292300
.303536700
.292342200
.282669200
.248922600
.281539300
.298156800
.276195100
.303148100
.277438700
.293928300
.328739500
.288666500
.304795200
.253964100
.308592200
.299954300
.301493400
.292269900
.259941700
.279484300
.353835200
.306659400
.285747200
.289108700
.299663500
.306392399
.295971100
.249719300
.289822200
.301087599
.297565300
.410826900
.527359600
.291561699
.261131801
.283228000
.288353900
.277128800
.281485500
.292669000
.309400200
.283864800
.289312600
.308826100
.290717600
.289937800
.284432700
.297907400
.251534300
.247221100
.286552600
.311241200
.279554000
