.850790999
.853442201
.886917399
.781588800
.861201699
.760143700
.823109900
.817543800
.796009401
.808215200
.841586000
.934507200
.868557500
.857380500
.802793499
.749668500
.924745801
.728890000
.951636900
.813554600
.773898400
.846125000
.840510400
.862206199
.910522200
.844252501
.804778900
.885776300
.776492300
.846319900
.891761199
.877729800
.835633000
.817144102
.819212899
.772752700
.918625401
.867527700
.807473600
.846122000
.813086800
.829805999
1.063411900
.898009800
.898555499
.825938600
.906927300
.816848701
.839040100
.823354600
1.004378100
.844470600
.809276700
.823147300
.829407900
.843944700
.812992800
.867145000
.760688600
.971076000
.834557200
.807770700
.861948400
.807059000
.927208499
.854008101
.848440500
.870797400
.821522200
1.059209100
.821092300
.834154400
.839182800
.858732400
.752946100
.849398700
.799647700
.828250000
.817557900
.807878900
.887145200
.821533699
.835465101
.887167800
.851065400
.915152401
.776497999
.825635700
1.123994000
.867839300
.844904900
.848665700
.839959001
.824283000
.889014300
.830944000
.905566500
.931777600
.811346800
.881671300
.781126800
.830863600
.885275600
.843381800
.820999799
.847798400
.840278701
1.209285000
.896457400
.874256800
.760438500
.825577800
.843510699
.927147801
.811060300
.876641100
.872563300
.796045500
.828796700
.829223100
.764429199
.940391600
.848235200
.784557200
.824028201
.808825100
1.114563299
.892860901
.820499300
.809896600
.884676300
.867804800
.895244600
.796258200
.869568400
.772791900
.826613600
.828234800
.794397500
.899487400
.776226900
.964269299
.840458900
.821220700
.810593501
1.034242299
.811539701
.832740300
.872219200
.869344700
.739873500
.998223100
.789085499
.838091000
.808014400
.809894400
.825624400
.908085201
.822528400
.825587499
.819134000
.897404400
.759661901
.830678699
.820868801
.889628800
.868414700
.805314600
.797948400
.828185399
.858134400
.781048001
.855862500
.837442200
.707926900
.810626499
.776820901
.822031100
.829214700
.824556100
.824327399
.756782600
.815285001
.756068400
.861120100
.841359899
.836141501
.831634200
.829099700
.914077700
.839084900
.836746799
.818852600
.848080301
.814003500
.763648300
.848679200
.833645200
.787739399
.847280400
.849298600
.846704100
1.143391101
.975619300
1.022786600
1.236214000
1.344069999
1.116440601
1.132553600
1.452422700
1.140944500
1.295675600
1.045478200
.794045800
1.441641200
1.348797700
.923559600
.837584900
.849103900
.857668199
.814870600
.931390400
.819515401
.840743200
.907795499
.755264100
.833761601
.751871600
.896267899
.841234001
.791756200
.817265600
.829823400
.837818200
.904285700
.898438500
.834746799
.883972700
.817063301
.784001800
.844249000
.849979100
.831206700
.843093800
.827596500
.837774800
.885633700
.813047899
.823533400
.727164400
.838416400
.763790200
.908923700
.849284801
.717498800
.854030900
.748238599
.994773301
.853596500
.843519200
.881606299
.871040401
.807548000
.841134100
.910754000
.897722000
.863489600
.877403900
.798921600
.763754900
.820950299
.830811800
.858033300
.768233700
.847932200
.799044400
.955216000
.837131800
.785158000
.830653600
.840427400
.841116701
.816667999
.858051700
.834111700
.822280200
.849480401
.858222300
.820048200
.841781200
.846596499
.735778201
.846733500
.763133599
.876578300
.809858401
.877016500
.826492800
.768374100
.919230999
.837530001
.809929400
.807018100
.823099300
.748418499
.854120300
.863947101
.878244999
.824359400
.764112300
.831290300
.775498999
.828613400
.834638101
.750198700
.831832099
.846431200
.889681401
.818988000
.833766100
.817441600
.807361700
.795693799
.735015400
.852129101
.819394500
.775463199
.789306400
.839897101
.821270100
.823004700
.890611200
.829946800
.845674800
.913975800
.809107100
.837446299
.910384099
.873558399
.787501200
.730912201
.834772900
.869765699
.833916300
.842301501
.864518400
.832108600
.839804100
.831302300
.832562099
.867582700
.855656201
.831829900
.813740200
.851316500
1.046972501
.848664800
.826384701
.801416700
.840395901
.774111600
.850938699
.821680900
.785369000
.840147301
.745257100
.837877300
.846812800
.863296400
.854536700
.823068700
.848594100
.745311799
.925264900
.861492801
.795030001
.843475000
.748272301
.825946199
.892452601
.849509000
.887206200
.818547800
.822549000
.800500000
.844328500
.853280699
.790922700
.871532800
.736328500
.809618000
.864694001
.865841499
.872032200
1.042655899
.849080200
.778699000
.966147001
.861212800
.835272400
.770909999
.858726000
.770686500
.857316000
.833601101
.846508100
.826541400
.859053000
.861636800
.855302599
.873324400
.839541300
.778803501
.871117400
.734773700
.901211400
.850517399
.821621200
.905874900
.811103900
.871592400
.812251001
.845051200
.831704899
.758689900
.815140400
.743126801
.841373499
.901306400
.814897200
.854646800
.830900700
.847822299
1.057589200
.832791001
.829095800
.805733300
.817384100
.719043700
.901192299
.841743200
.939120101
.861444500
.826491400
.875055299
.819373101
.884493000
.815276200
.788325200
.865147100
.750895000
.917784000
1.109642399
.834312601
.853316400
.917080500
.853526600
.860487500
.850758700
.877061799
.845256800
.808298701
.864312700
.852531700
.757390800
.877975299
.735742000
.864309200
.828446001
.810735101
.844456700
.866164100
.797923000
.820615700
.848682300
.852741900
.877313800
.841595400
.829698800
.841408900
.835128700
.918665900
.828089400
.825262800
.865029100
.763150400
.878980100
.828814500
.793819300
.813417800
.829359099
.942589701
.854436100
.828578300
.849559600
.805134899
.814296000
.726228701
.823215400
.828870899
.785938200
.837414600
.841293601
.797543800
.823686899
.828940700
.852688000
.817706900
.846144701
.794069700
.839141299
.872635601
.749877600
.861418500
.825606700
.785656799
.872007900
.860517800
.864783501
.827298900
.828569300
.766610200
.817971599
.821933000
.793942101
.860964200
.842005600
.817354200
.840201300
.832296900
.756718700
.834833800
.841669300
.868984300
.809225299
.827591701
.834973599
.857188200
.845459801
.870518100
.834014499
.817479200
.896635700
.846194401
.793245200
.834373999
.811261200
.869298501
.805757800
.885207199
.865710701
.845448200
.901023100
1.094013899
1.097272500
1.011706300
1.078437701
1.268841000
1.017239300
.880374100
1.324016100
1.323533200
1.171144499
1.107508800
.997150201
.851160599
.713558599
1.014273500
.809960300
.819411500
.770335500
.860066300
.773772400
.817872099
.813922700
.803221600
.805848100
.908828401
.861372200
.809440300
.829463100
.835256299
.750285700
.832295200
.785834300
.861710900
.813725000
.904638501
.814391199
.787349001
.849001800
.841514000
.857551300
.891923900
.828983501
.859348400
.877881200
.846802900
.833036100
.815731499
.865439201
.863685000
.770155800
.838370100
.881424200
.973395000
.865034899
.787740100
.940300001
.886061700
.809497299
.859772500
.881789100
.839158300
.788140501
.860329500
.849340600
.785879899
.794626500
.742349101
.837940800
.899459999
.862767000
.827625700
1.036009900
.836666400
.772651301
.860385399
.849025001
.844116999
.847190700
.815138700
.898524601
.828094200
.829193700
.839586400
.862539700
.858579900
.768205699
.804231000
.825465801
.781952000
.837180699
.775546100
.813839301
.813261100
.849183000
.921325400
.844288500
.830641199
.746474800
.855198501
.836638300
.793656000
.814355400
.858406100
.825829100
.857150900
.833316999
.846846800
.847011900
.850712300
.750291701
.827341700
.821057700
.798643300
.831965600
.763220400
.925877700
.892903500
.845756300
.870402798
.831165400
.814307500
.758634000
.846449500
.849736700
.762725500
.840210000
.750885900
.846107401
.821005500
.857548000
1.023478300
.770031900
.869693300
.830147500
.851191399
.829392501
.859189800
.718192400
.876272100
.734094099
.869975400
.849523601
.831700800
.851654400
.747031299
.857703700
.805359501
.853325600
.827113399
.852003000
.820562501
.847386300
.810869700
.857221900
.834330300
.881327399
.810842800
.821620200
.845155700
.841355100
.761705201
.921550900
.787165799
.861994400
.893271001
.824675600
.874393100
.855689700
.810725000
.802285200
.914521100
.869514599
.835472600
.758446201
.842365900
.986795000
.797839599
.869653600
.802150401
.837843500
.772586400
.855871700
.853829399
.940059701
.805175300
.814052199
.851935500
.840470900
.841444600
.817108900
.903399401
.831542700
.829643900
.766614600
.838564799
.813011900
.879449601
.738194301
.858793000
.859816200
.972883700
.826928700
.796521000
.801375799
.770755700
.929840501
.804617000
.895266900
.943415599
.880024700
.830732200
.762267402
.883063700
.820660000
.721866399
.829671301
.775159900
.813904099
.849009700
.823426800
.818349800
.766087400
.845339301
.805895700
.808081900
.836973400
.752590399
.886966401
1.052617300
.831897600
.865341700
.872457299
.820034900
.830800301
.853672400
.853630600
.891949200
.812944700
.803043100
.885473400
.828965699
.769077201
.843229100
.840976900
.831867301
.830287300
.820632700
.825404000
.933420800
.816569300
.821040400
.864678399
.852711101
.845847500
.845622299
.916043800
.805388001
.896388300
.827042500
.745326699
.895445400
.825490500
.757805200
.806595799
.790253200
.858405800
.817048600
1.012409900
.900195301
.753420500
.830413300
.733725800
.847794399
.825646700
.818865601
.785594000
.828899600
.797029900
.862897300
.805388499
.805319800
.880350701
.796199000
.866417600
.825212700
.836965599
.887740100
1.013652200
.794740701
.870407900
.845304499
.873654701
.860834200
.880367400
.923290200
.777140499
.858318701
.852765100
.847971200
.745083700
.797083199
.794983900
.838504200
.781602400
.822768301
.853431800
.810003099
.814220601
.804941600
.904358500
.782340000
.806055599
.766343700
.866519901
.861082100
.892555399
.852762301
.864233599
.835944900
.825493601
.842634300
.825409600
.816437999
.849419301
.830584900
.763403999
.837396800
.869896801
.876249700
.784686799
.838054800
.734007701
.815722900
.853539200
.818525300
.883173700
.814808900
.807264799
.841005101
.841965000
.863328700
.885319100
.858582900
.765920900
.863889900
1.013045499
.810981701
.737646700
.840695599
.801443300
.937535001
.909809199
1.114925801
.891462400
.946808900
1.284739900
.951945699
1.068418501
1.156572800
1.107287700
1.270996499
.833562501
.828118000
.852859699
.809641200
.797310300
.824595500
.801540400
.848879800
.811361001
.803284700
.820078800
.834378100
.907152299
.845476800
.831090600
.745741801
.787882800
.989265400
.824466600
.864517800
.823573300
.823290000
.851726100
.803082600
.791314000
.841347000
.843281800
.765216400
.836422500
.829460599
.812096400
.833012501
.815560200
.799253700
.837404800
.875737299
.832583500
.877774400
.838971199
.777427300
.996271600
.860713601
.744037400
.852995500
.795734500
.795088600
.809721100
.825449000
.886219400
.846632799
.823000801
.773065800
.882242499
.826642800
.788455200
.825181100
.831759100
.810813000
.863473200
.843553701
.838978000
.833644800
.850449800
.741779000
.808420300
.801412599
.780073400
.852947700
.854326100
.828481700
.808345600
.842689200
.813316899
.887344501
.810806599
.802589900
.791390800
.806449201
.837538100
.771642700
.931791900
.841914199
.756547600
.871810301
.845548000
.827601799
