4.132455201
3.500154499
3.258783600
3.261356401
4.066044799
4.004687201
4.089975699
3.977825800
3.754998701
4.024570600
3.736946500
3.163322100
3.429641800
4.056651500
3.423967100
4.072783299
4.050291101
4.146181100
4.016610999
3.974778801
4.097565000
3.779159299
3.491488201
3.743759299
3.256669600
3.998028901
3.411937299
3.470848901
3.463744500
3.264853800
3.513406900
3.552864999
4.132012700
3.139412299
3.290286701
4.064314100
3.458187900
3.226637999
4.053259201
4.085715900
4.088102300
3.788805300
3.457808299
3.249132101
4.064673099
4.063096300
4.088305001
3.175382200
3.484625499
3.520816001
4.192016200
4.091923600
3.460520700
4.013170699
4.090259100
4.054699301
4.054180500
3.990494299
4.168932801
3.754859800
3.340352900
4.093518599
4.132412201
3.789784000
4.009169699
3.738496401
3.626153699
3.502881701
3.562911099
3.565283400
3.457290801
4.077300299
3.182136501
3.510414900
3.499963000
3.437096600
3.258047799
4.126936000
3.808315501
3.304434099
3.466582001
3.290964699
3.510603101
3.294653600
3.731250700
3.293231699
3.506378800
3.555855801
3.507963200
4.096308500
3.922756599
4.103030500
3.165920100
3.301941900
4.074936600
3.178497700
3.577877600
3.334829399
3.322239101
4.111685700
3.410557100
3.217361700
3.167369700
3.316711999
3.729865501
3.229096899
3.753680501
4.876632900
4.772727099
4.136804501
3.879310699
3.822883401
4.025377000
3.919515300
3.622940900
3.490930299
4.068019801
3.574511400
3.573591500
4.031486000
3.437093400
3.262991400
3.416300799
3.464315701
3.440542500
3.469231299
3.704066100
3.188065701
3.818011300
3.858751300
3.564226399
3.510103601
3.465832699
3.167104799
4.085519101
4.041451399
4.050005800
4.040810401
4.035212600
4.043040500
4.059539600
4.143489699
4.052961401
4.034171900
4.119752799
4.053998001
4.258974300
4.038178599
4.042636702
4.071981599
4.023328200
4.050994800
3.316264700
3.206259000
3.514954000
3.231624499
4.012195200
4.085165901
3.522879800
3.791616000
4.047292700
4.055236000
3.375984299
3.523146600
3.476297101
3.597189100
3.463691199
3.492405100
3.168130100
3.214948900
3.445850501
3.554704499
3.181664101
3.237734000
4.028821599
4.207256501
3.477601699
3.196926301
3.602509900
4.085508399
3.808026101
3.458126100
3.435976100
3.418471199
4.233900101
3.512775300
3.493171500
3.606253399
3.909242401
3.664191000
3.829343000
3.768340999
3.520828501
3.571165800
3.393591100
3.511307099
3.420785400
3.271067200
4.077846801
3.526877899
3.432368301
3.464524700
3.527852199
3.525783501
4.086561599
3.202815901
3.268849000
4.027208899
3.779997900
4.110131201
4.331701100
4.231897400
3.497093499
3.496709401
3.838185400
4.393085800
4.042784900
3.757265099
4.079460401
3.529172100
3.606929199
4.076775301
4.053293199
4.129886700
4.178116801
3.246955999
3.591421501
4.101458299
3.459077500
3.820985601
3.276158499
4.128551901
4.075638100
4.034770899
3.150513500
3.459801101
3.828562699
3.582194701
3.459288300
3.479080599
3.879595200
3.475357701
3.514462400
3.414502599
3.549736201
4.003121600
3.456791699
3.452462901
3.173219700
4.059885700
4.020342400
3.669351300
3.779361799
3.731162900
3.240664601
4.154584100
4.134992600
3.531065999
4.111154700
3.505342800
3.440412301
3.221923700
3.729248700
3.224413600
3.224518300
3.712688999
3.194473800
4.050367000
3.585634600
4.308817201
4.870128799
3.855391301
3.763161200
3.521241300
4.003511300
3.239943800
3.780503300
3.488342200
3.457606499
4.115673201
3.571560399
4.388324500
3.529262501
3.736090199
3.555548301
4.081051900
4.092609599
4.071746201
3.453635800
3.545854799
3.787239701
3.493083600
3.499902100
4.056518899
4.188886600
3.185911300
3.529889401
4.034323900
3.954150799
4.153373400
3.657696701
4.039714599
3.264522501
3.401430600
3.452809400
4.099436400
4.099096499
3.741790801
3.515645599
3.469758000
4.043988101
3.264100900
3.697620899
4.098517300
4.038292601
3.546069999
4.283399901
3.257759999
3.631016501
3.425662700
3.242020599
3.503304701
3.545835600
3.819405500
3.445741300
4.122471099
3.770635400
3.260014500
4.062535400
3.224048900
4.177172801
3.162071900
3.487585200
3.195946100
3.729925599
3.218494100
4.111126500
4.056179601
3.264361399
3.476561000
4.065952100
3.729867201
3.183388000
3.503960000
3.570323299
3.531115100
3.815490600
4.082305000
4.359711900
4.033006400
3.273591700
3.878948800
4.074736001
3.543076200
4.082643100
3.189204700
3.445323599
4.009175101
4.087746300
4.032163499
4.142277400
3.496477601
3.502197200
4.059375999
3.205773401
3.471030299
3.291178100
4.006076901
4.035718000
4.094004800
3.463283400
3.478343799
4.077098401
4.094213799
4.032124201
4.153013499
4.031108801
3.444871799
3.563420701
4.021477400
3.764657599
3.409946200
3.456629001
3.490405500
3.422428300
3.495863399
3.845867501
3.524288600
3.209515499
3.441471601
4.176978999
3.450368000
3.488230499
4.060791501
3.216887099
4.074233000
4.158127101
3.478105699
3.463708100
3.802114601
3.514045899
3.482469301
3.445438600
3.453592000
3.650267800
3.426915699
3.215678700
4.005191301
4.147506800
3.734702399
3.190604001
4.082531999
3.489200401
4.026588200
3.644426900
3.995198399
4.035717201
4.124274000
4.162640100
4.129065499
3.409275001
3.578507100
4.119092400
4.056215799
3.727813301
3.411643501
4.067779299
4.019542101
3.247566699
3.900120700
4.034399301
4.237746599
4.118536900
3.983704301
3.462206799
4.208331001
4.050572599
3.813166401
4.097495800
3.357799600
4.136706600
3.985820099
3.471578201
3.252388100
4.082303800
3.226518199
4.140741001
4.039151400
3.545488500
3.439115699
3.479118800
3.426774000
3.448888100
4.065638101
3.425186300
4.043587099
4.005872201
4.118352000
3.773505400
3.769697400
3.210719900
3.343466099
4.133069101
3.441422499
4.152884801
3.555805799
3.290401801
3.264510100
3.206501900
3.764945199
4.159590100
3.466853100
4.058459201
3.290784799
3.813601900
3.350689701
3.501087499
3.164885401
3.845837399
4.095249501
4.227499500
3.808351100
3.301267000
3.479639600
3.759970200
4.120962599
3.343069900
4.085780301
3.470386199
3.628980200
3.452971900
3.728213601
4.022823800
4.083771600
3.235102099
3.780215001
3.461411899
3.787730301
3.452753300
3.774575700
3.466442899
3.719964300
3.472201700
3.518695101
3.346230700
4.000712299
3.767671501
3.530308599
3.412551800
4.194236900
3.769557401
3.509305699
3.301266501
4.038693399
3.201516200
3.166041701
4.090585700
4.154217800
4.164548699
3.541802800
3.475919800
3.544594001
3.380524199
3.565060500
3.492596801
3.523530700
4.105713900
4.018182400
3.166574699
3.209750501
4.062085900
4.105922500
3.478303801
3.260616799
3.473650501
3.794887100
3.821783400
3.570945600
3.785110700
3.764529900
3.185527400
4.144967600
3.555037599
3.731772201
4.087566300
3.275194700
4.113165300
3.711751699
3.480862000
4.075486900
4.015043601
4.120687200
3.688051099
4.108138801
3.755376600
4.071468200
3.204941299
4.043582301
4.187693899
4.397333601
3.235050000
3.982403999
3.234628501
4.067564500
4.027461499
3.484915001
4.151102799
3.261961800
4.071752900
3.804200400
3.754888601
4.172525800
4.182081200
4.194957100
4.117168799
3.967023901
4.129410700
4.043069099
3.333643500
4.056063000
4.065967100
3.744752901
3.244905700
3.820838300
3.452081100
3.522109699
3.455290300
4.183059701
3.450321200
4.564832400
3.578333099
4.064456001
3.443134300
4.143772399
3.436634201
3.569778200
3.584886699
3.489610300
3.667618301
3.439856799
3.632571701
3.705050000
3.497659500
4.012297499
4.079177401
4.052688299
3.714639901
4.060680600
4.014481600
4.090135300
3.750994999
3.719463000
3.999337800
4.226566000
4.144966400
3.492123300
3.416887500
3.250869400
4.010229100
4.072307001
3.760704900
3.582728300
3.222181099
3.219009500
3.775835401
4.022730299
3.502083501
3.199928099
3.549247701
3.407784600
3.505902999
3.487981101
3.752912799
3.441070600
3.571777001
3.469619300
4.023959600
3.482566000
3.486375400
4.084229500
3.196399600
3.649101900
3.136884300
3.541878299
3.511769400
4.044752000
3.266477800
3.252668701
3.107910500
3.757567399
4.034690901
4.131048800
3.550371599
3.789627501
3.805139799
3.496413702
3.488142400
3.462190099
3.208016601
3.457139700
4.109761900
4.017667699
4.166797501
3.429383700
3.800558400
3.585209600
4.069937299
3.624738001
4.019440899
3.848880601
4.394566300
3.292156600
3.817336800
3.681611899
4.093529901
4.039832699
3.569448801
4.059072099
4.088848701
4.109320900
4.175945300
3.180270800
3.757361800
3.701955199
3.468212700
4.099308501
3.513516699
4.065948201
3.465543300
3.982917499
4.052680501
4.134942000
3.487981200
4.045108600
4.146525600
3.997099100
4.115412500
3.767307600
4.052407000
4.155345899
3.752470901
3.723012899
4.045135801
4.082354900
4.021272599
4.097026301
3.645724700
4.208243600
4.110724400
4.009591700
4.170312999
3.111094901
4.059730199
3.395448101
4.002709500
3.798101699
3.736109700
3.264117701
3.475528900
3.305855500
3.496834399
3.804083901
3.266237600
3.867554300
3.894961800
3.468333500
4.096599899
3.665229401
3.557080500
3.516338699
3.298265001
3.488114299
4.057602200
3.771005000
3.410218101
3.224585400
3.740372999
3.723834801
3.531289799
3.151144400
3.508609201
4.044084300
3.209688999
4.151058801
3.205626900
3.892586799
3.685930901
3.528272799
3.817241801
3.770883400
4.647561700
3.754841399
3.565050500
3.644100801
3.997126201
3.459628999
3.450332000
3.534518300
3.607364200
3.228126500
4.087195101
4.117032400
3.543137000
3.179982300
3.478253200
3.724902100
4.011491100
3.995945100
3.239370800
3.515574700
3.446605899
3.555076401
4.148494200
4.078752400
3.270113799
4.061915501
4.061293800
3.506829099
3.223672901
3.503192400
3.453191899
3.551423801
3.508680800
3.526430800
3.203661299
4.028287400
4.063831801
3.426686999
3.791489501
3.277676900
3.166722700
3.438560600
3.048693000
3.539767300
3.465328599
3.817437300
3.438510001
4.145786300
3.692904500
4.071753899
4.059686801
3.464913400
3.243721399
3.497914601
4.074846099
3.996952601
3.583062200
3.874052900
4.068283600
4.031214399
3.521485901
3.212672000
3.179557899
3.218753701
3.706096800
3.291516000
3.443989499
3.753848001
4.054146499
3.295256801
3.236640300
4.017927000
3.478970400
3.255990599
3.754136700
3.720664901
4.020082500
4.043011000
3.427387400
3.470106000
3.511757799
3.491649401
4.095414100
4.761192800
3.465853000
3.507276599
3.895698701
3.220569599
3.503211301
3.270433800
3.496805599
4.064408101
4.010996200
4.052832199
3.803794000
3.787245700
3.875706601
3.708547500
4.031601001
3.512577000
4.061440300
4.073937700
3.702166400
4.051974800
3.706854900
4.049904199
3.511628900
3.231028701
3.526582900
3.143315500
4.042672100
4.035358500
3.792760399
3.772665101
3.281678799
3.553211701
4.055612700
4.084624200
3.355688600
4.068123500
3.835535899
4.052322600
3.444866701
3.507794900
3.453878100
3.727481200
3.211661900
3.747754600
4.002844699
3.259388300
3.281386101
3.223543799
4.042915101
3.497075699
3.769131101
4.104177799
4.060401800
3.266812401
4.052484600
4.116114200
4.063367600
3.475781900
3.760827099
3.238287001
3.415155000
3.465243200
3.452516900
3.143246099
3.436436201
3.478493500
3.347663199
3.232521900
3.424529801
3.259323499
3.537557001
3.502134900
3.114647000
3.476495299
3.489770600
3.437078901
3.413843400
3.482578499
3.768405801
3.462355600
4.103547700
4.671581399
4.109826201
3.217821099
4.036862401
3.220212400
3.720077599
3.752379800
3.198615501
4.106598200
3.499326500
3.482083900
4.101628299
3.754314200
3.283638200
3.763305701
3.740476299
3.069981500
3.418499101
4.048890000
3.274548800
4.048207400
4.094702399
3.436689700
4.150153301
3.482145400
3.514100300
3.711951600
3.757880900
3.475497600
3.263399999
3.702363001
3.391711400
4.109034200
3.400720899
3.518782000
3.506455801
3.911447000
3.523442900
3.572077900
4.004929300
3.739396399
4.085637100
4.075140501
4.231985300
3.833756899
3.657791300
3.629830401
3.480104800
3.945275699
3.481962201
3.463389000
3.540001200
3.807475300
3.606035400
3.513656900
3.292369400
4.143371200
3.285443700
3.570881299
4.079461301
3.879552300
3.440278399
4.072240501
3.468445900
4.034633900
3.459564200
4.072817001
4.074476899
4.078988400
3.261217100
3.481179700
3.571250900
3.770011300
3.289012999
3.479018601
3.549871800
4.136104700
4.177112099
3.820112501
4.048375100
4.918012399
4.178872000
3.572379300
4.111996000
4.064976500
