.857000301
.924641100
.839724699
.815261200
.891208000
.766615000
.794027100
.798447500
.903548901
.869428599
.912799800
.901712701
.902956900
.779271400
.919840800
.842784000
.800858600
.866875700
.868588300
.847278600
.892646600
.844855300
.857265500
.861963600
.898366100
.857026000
.887714400
.813638900
.809191800
.804444900
.768195500
.792008099
.891015901
.768510200
.818991400
.901011900
.793419900
.903170900
.866698000
.837221500
.811844600
.789314099
.850604900
.782807600
.906413101
.820796900
.794567700
.787398100
.798335400
.814428400
.835725400
.772235900
.806740200
.874256300
.882124900
.784444600
.787358700
.817810000
.844089200
.843094900
.887249899
.785735100
.805257401
.822419200
.898052000
.838122300
.818769300
.865417100
.893621000
.833278299
.974928001
.847983500
.817401000
.808207700
.853386899
.819967200
.854823101
.811510800
.886719299
.819063500
.810680001
.784848300
.843861200
.801854000
.900515600
.835125799
.791670200
.779397301
.797452000
.784812999
.791333600
.820750901
.831169300
.838890100
.790444900
.785879700
.795175300
.816256600
.861894800
.835984000
.867843600
.776227000
.761255900
.816099299
.784697400
.808402101
.797374300
.792520799
.878779500
.786210601
.906652100
.787366800
.812088500
.847883400
.799871999
.782984000
.794187101
.803849599
.815055001
.862866500
.822347400
.815393500
.806804700
.821738400
.822185500
.906237400
.798205299
.815451001
.830011500
.915980300
.894256200
.811062500
.795799500
.876746400
.786449800
.847516700
.797478700
.818455899
.854329300
.788279701
.784690000
.792619899
.818474700
.822018101
.801340500
.778306200
.809475299
.791069100
.899852601
.795968200
.796927900
.819552300
.854927800
.782062600
.816553699
.799052500
.870242100
.766463200
.867191900
.827115500
.782760600
.778294799
.789249800
.777576001
.785654000
.878745800
.889325400
.858529500
.798657800
.797097200
.775483700
.853272200
.838274300
.863252400
.796239900
.783656600
.784323900
.777657800
.777327300
.906560800
.806647300
.834120899
.770063501
.779372900
.779312000
.832136000
.783087900
.778185900
.770542600
.792682000
.791855600
.819788200
.789639300
.826183900
.846830400
.881105899
.908400799
.873425301
.860237700
.872239500
.867136700
.846659500
.803133099
.754616400
.803511201
.934807400
.835301300
.934747300
.835267400
.773285300
.776123700
.789980700
.773237800
.788951500
.858803000
.873037600
.823704600
.806152000
.825647100
.814935800
.879684700
.834995500
.795593100
.870067600
.886689700
.782878700
.834688500
.920526600
.786849800
.825017700
.784715500
.913975600
.854369900
.786981600
.894630500
.801735000
.777254900
.826155800
.868731600
.854789000
.785388000
.890284800
.806476900
.798165000
.817594400
.905042800
.822164000
.784251300
.842000500
.822702800
.847331500
.879380700
.803093400
.793015500
.803458800
.803461500
.859031600
.832794799
1.180400801
.828360400
.811512300
.899854600
.778375800
.836477100
.817523300
.773536800
.809650499
.889449800
.816395801
.798550600
.877521900
.829212100
.864577599
.817265100
.844050300
.774334401
.777702400
.818245000
.877024200
.853293200
.905423900
.831773000
.846702500
.921015300
.808431800
.821120000
.791800700
.819854900
.818833400
.855194100
.794694600
.929434000
.916496000
.892493700
.841541100
.846430700
.870121400
.792057100
.835485800
.807316000
.791935100
.814382000
.815646300
.781626400
.870245200
.890720700
.796144601
.820580000
.871392300
.846175800
.798957400
.809735300
.807470000
.813326300
.911615500
.861003200
.765709300
.743043500
.897070500
.843946000
.781617299
.818643101
.793421900
.801353700
.801341300
.853588600
.786014400
.807892700
.842716200
.897057300
.804625700
.772848500
.786222100
.878806800
.820925200
.803764900
.778445200
.821548400
.873110200
.789461400
.816914800
.865818500
.803309800
.902782000
.833329800
.787342300
.839177200
.794896700
.793924500
.787260800
.877484501
.848717100
.780932800
.860327600
.769121600
.947861800
.841383701
.872180400
.815266200
.815244600
.893247300
.785665700
.852616200
.899247499
.885111800
.814530501
.846878499
.858998600
.816035900
.899683201
.823440300
.804080900
.915838200
.817116500
.892358199
.802653700
.838703401
.848331699
.858852400
.794284301
.828821500
.829163300
.940305500
.820919800
.874669600
.804256800
.884713300
.840655100
.889144300
.838480500
.834882200
.824543700
.804870000
.862306100
.814075600
.792233100
.767548700
.796554600
.815670400
.824935000
.848407800
.808196200
.862389799
.794154300
.790369901
.857188200
.834625100
.883724399
.782408500
.903006401
.803683500
.853227900
.829912099
.766698401
.884122700
.907273300
.833929300
.812060200
.782270500
.761064400
.837627499
.807141200
.901333002
.848926699
.842688400
.806634900
.914329700
.819873900
.814844200
.783209700
.857497699
.843746300
.801507601
.783275300
.931467499
.854330600
.788841601
.887722700
.765789200
.791123800
.780141000
.796906400
.785220400
.784772900
.784739900
.772818500
.770927300
.843014500
.848538600
.819442299
.815654801
.803160100
.878235300
.824643100
.796088200
.794492800
.783644500
.830996000
.816178199
.811729800
.828869900
.782095600
.814090000
.904266199
.816114600
.804012901
.790155700
.779482599
.843619400
.927477900
.782950600
.805877300
.831728299
.811277200
.855919201
.790463799
.996057701
.861761500
.801336000
.779911500
.856344700
.828429200
.882704000
.778738700
.825517600
.866282800
.892587400
.835435500
.780407400
.838088200
.820912600
.866588300
.788803600
.864523300
.797895001
.850091300
.852464500
.840618600
.857294900
.810839000
.840086900
.927743400
.833999100
.851995699
.797165400
.807224401
.896242200
.915693300
.783067700
.831248400
.810460000
.764814600
.927537299
.834845400
.829682301
.882985699
.835523001
.848192200
.880784000
.814922700
.866326700
.901430699
.818884801
.918885700
.841887399
.816834200
.829428701
.790019500
.843244700
.887441100
.762145800
.923421200
.868559300
.812850500
.884494900
.870728000
.908598600
1.063608900
.852519299
.838538701
.896177300
1.014421200
.889719300
.933367100
.839242400
.864257700
.856279400
.878522200
.837726400
.909623700
.839235600
.860400600
.849146400
.902535000
.890904900
.935332600
.838419300
.939851600
.839458500
.877791900
.846615900
.874631700
.875807900
.924566200
.933850100
.925018600
.935800900
.841506000
.827916800
.941683000
.821508899
.848645900
.829203400
.899956701
.875327499
.851142501
.922957200
.948734300
.835317000
.840756700
.928619800
.866933800
.840643200
.836490900
.827177700
.878004500
.834358400
.837122300
.830541600
.850805600
.920838700
.834887400
.842717500
.864391300
.904099900
.824264000
.836831200
.946572900
.840118100
.914959500
.909537000
.841788000
.824285600
.820732300
.845650800
.851170800
.914594300
.837519199
1.752053901
1.237255700
.861346000
.890185400
.867548600
.919754200
.866908599
.882484000
.852543901
.874942200
.867973000
.875532400
.828883800
.836146000
.872338500
.832401500
.928351700
.872131400
.832536200
.933981800
.897049900
.872756900
.867146000
.902060600
.846095500
.823138000
.861973200
.886389800
.882514900
.878630500
.859514400
.947271900
.888880200
.856842200
.864772700
.935020200
.897176600
.936488400
.867533200
.837122900
.904940300
.871801800
.916696000
.827810300
.905496100
.828918700
.918954900
.933196000
.925873800
.829145900
.907887100
.835432800
.876421200
.850910400
.859750900
.838480100
.896515799
.861674700
.930606001
.849627900
.864273000
.912548299
.878758500
.827467801
.911026399
.832105901
.832902500
.826558400
.955997700
.827876500
.913333600
.838093100
.909206700
.924975600
.855635800
.832558900
.896363100
.856155000
.871437600
.842217900
.865889200
.865773400
.880611600
.859048200
.846048400
.863418400
.876197800
.848522200
.847046700
.840978500
.836413300
.848842400
.860377600
.920356600
.840606100
.896722800
.870238300
.883006500
.884245599
.857749701
.883019500
.941055699
.917931101
.961881500
.890855600
.856980400
.919772700
.873405000
.902946900
.870386100
.837813600
.875158599
.880425200
.884731500
.836572200
.896748900
.879651500
.867948500
.884352800
.843122200
.935992100
.844261100
.828750600
.860944700
.831676600
.874017800
.864146800
.853415400
.874811500
.883300400
.884020200
.865648700
.899816300
.837916300
.872586400
.865031100
.836610800
.861233200
.845409700
.921121600
.834255400
.838305100
.834916800
.846835300
.839426400
.844656300
.914218400
.934846100
.831565100
.845260800
.837245600
.828448200
.847999100
.859757800
.830777600
.855369400
.850057900
.922284399
.856398501
.832683900
.832408299
.960670700
.848159701
.848561700
.844849600
.804774400
.875112600
.837683600
.834889100
.839142600
.843199500
.832842600
.843568900
.839232900
.839974400
.847708900
.848801000
.828502800
.880203000
.827475999
.846614200
.830917301
.861188400
.882320399
.862952600
.841140101
.849911200
.841216600
.855545200
.842252900
.881279400
.844959500
.837943300
.856418900
.888596800
.939656900
.945170900
.908449999
.847515901
.847124400
.803760999
.936380200
.881012300
.881252001
.868726000
.841103700
.833882700
.899564400
.840461900
.831625000
.904256299
.849014800
.951307501
.923507700
.849707500
.932026200
.967535300
.834808200
.890774900
.989114799
.850302301
.931833700
.850230000
.857117900
.853304900
.948671800
.948896600
.911962900
.861152200
.886358200
.887464400
.828944800
.862651500
.869336000
.830402200
.964434999
.868126600
.846536000
.942396500
.880478801
.853254600
.912396800
.855730500
.874180899
.924111501
.876510299
.903756900
.904760900
.850937901
.866654400
.865162400
.830692200
.886357900
.892684500
.870801400
.816855499
.830440301
.833576999
.890494601
.870008499
.835173200
.846321201
.939461300
.832611400
.935227899
.833622100
.820054601
.914300100
.828988700
.847568800
.938045398
.804687901
.846835700
.889160099
.884359900
.797333701
.968596900
.904553900
.822731900
.888076600
.862328100
.865335100
.802185100
.826714000
.799505500
.779565300
.791994800
.875433700
.864609800
.790420000
.797647300
.843921400
.864608000
.854888600
.861807300
.789544400
.816111000
.785602900
.797344900
.880348600
.813920900
.826926200
.867466200
.821489100
.898204400
.798597800
.941727299
.844466000
.904838101
.802342600
.815771600
.805502200
.821269800
.869585400
.877859800
.887642300
.811087700
.806758400
.806001100
.785940300
.816251200
.841457799
.954200601
.852469400
.787224099
.814569200
.929694701
.878175500
.854100300
.794032900
.822249900
.827086299
.771957600
.827641401
.790465200
.783759000
.844501200
.896247200
.820475100
.808926300
.780755600
.801105100
.893549000
1.498914900
.891268800
.811035700
.780263900
.793767700
.805118599
.919117400
.830084000
.792706900
.828347300
.893113100
.816609400
.802367300
.818226700
.886757900
.787869700
.771977300
.785921300
.827828100
.776122400
.845232099
.792791900
.785939401
.875391100
.780495100
.792465200
.744200300
.933286900
.839697800
.801743800
.815503600
.809157300
.785746699
.856751399
.799620001
.850415900
.821794000
.805816500
.777031800
.784826900
.767044000
.794362500
.784902200
.794406800
.888418499
.787083301
.816927900
.797133900
.819552100
