.152225100
.146456500
.151661700
.146867300
.147825000
.146726400
.148119400
.144429900
.137023800
.140019900
.147006700
.147215000
.142371400
.144376899
.148069300
.154723600
.142622800
.143577500
.133524200
.135030300
.133994200
.144260900
.154772500
.145126600
.136319000
.135928600
.138180900
.138096700
.137541100
.140043000
.145505400
.132943800
.152567000
.144899701
.140715200
.139403000
.133004200
.292350000
.143705800
.136330800
.136794300
.203662600
.147858400
.137822100
.143264900
.143434200
.137760700
.144860300
.156372700
.156835400
.151597000
.150549100
.138353400
.152922500
.140773900
.142034000
.139200400
.139029800
.137698900
.137356300
.135472500
.139351400
.140464700
.143077900
.144945600
.136575800
.140603900
.155878500
.140196700
.136811400
.136672700
.136410200
.134639000
.151372799
.152534000
.152728900
.154758900
.143634600
.138617800
.141829000
.138029300
.138711000
.139046700
.143821400
.141669100
.140407300
.134987800
.135706200
.134955200
.137876200
.151290100
.150979800
.150260300
.144696600
.144425400
.136460400
.141038100
.145595500
.138136000
.144303300
.141086200
.137633000
.136203400
.142922800
.151643300
.147191500
.138768300
.145010300
.206037500
.151437400
.138402400
.146846900
.143956800
.146876299
.146665000
.146370400
.152805200
.144677000
.140233300
.141511800
.133097700
.146299300
.146942100
.147874900
.144218999
.142038400
.135397700
.141380400
.144125700
.140269100
.135533900
.136779800
.146411000
.137127500
.147299901
.149072100
.148602300
.136358200
.144244900
.135308900
.143284300
.143609000
.139995100
.137695400
.135288200
.139911900
.140220600
.146540200
.142868300
.143100600
.135133600
.139807400
.135538200
.138353700
.143781600
.145191900
.140025200
.135379900
.153598900
.138056800
.138884800
.147606300
.149966200
.137514500
.138027499
.141722301
.140915200
.138009300
.138487600
.145424000
.148711200
.135886300
.143978800
.143271200
.136424200
.140610600
.140229400
.144615400
.141608300
.134905200
.135889200
.143372300
.135200500
.139781100
.141603200
.133744700
.135331100
.133954400
.141875900
.150488200
.143788900
.145656000
.135371500
.135056600
.135409800
.134779400
.149770500
.175213300
.155212900
.134665600
.142127000
.139076900
.146640800
.134695500
.143576400
.145845200
.137320901
.144069700
.144303600
.136095800
.156555200
.154420700
.150611500
.143722300
.137467300
.136322900
.134763299
.136200300
.134453900
.134939600
.143041800
.146600500
.143549100
.142821600
.137650500
.140734900
.154126001
.136737000
.135952700
.143576500
.143371500
.138520600
.145024400
.136361200
.137923600
.135420800
.149469999
.148079600
.137422600
.145687100
.142139500
.137240000
.143742000
.141795200
.143914700
.140124600
.140764200
.150310900
.159907000
.145500800
.133564800
.142287500
.140621500
.147144200
.134040300
.136708600
.134039500
.139156601
.136832300
.150620700
.141010900
.147314000
.142957800
.137737000
.137004200
.153524200
.144179800
.139688100
.136734000
.151853300
.153172000
.147775900
.143552400
.145089300
.151723900
.154625800
.140229300
.143726500
.144719400
.137259000
.148146500
.143576500
.143049200
.138236400
.145279000
.145368700
.145310700
.142480800
.149061900
.147573800
.140264700
.149561100
.147223100
.149743100
.138645000
.142492600
.136766300
.134858499
.143511600
.153816100
.145640500
.135696200
.143079000
.142560000
.138664000
.137773602
.158131099
.149665501
.136903000
.134484100
.143709500
.142808400
.136814600
.147244700
.148591200
.135781000
.138575400
.133455000
.141328599
.142029600
.142832700
.140523800
.145631500
.147231300
.131871600
.148257100
.148081400
.150220700
.133846201
.142911200
.137063700
.133919800
.134295800
.134726600
.146219100
.135087200
.140821900
.135412000
.134680300
.146239300
.145170300
.143526500
.162893801
.138563500
.141641699
.142971600
.135545200
.136361600
.137380200
.141299800
.149099000
.138722300
.145710300
.131377600
.159396300
.157381000
.136971200
.133453900
.133820700
.139219401
.140255300
.142154500
.138170300
.144598400
.146949900
.135337200
.144696000
.141357200
.136476600
.140076500
.144856300
.140988300
.135495000
.133824200
.131482100
.137563900
.139881800
.136435000
.136885700
.139142600
.141617800
.133913200
.142271100
.136702900
.141647100
.141829800
.140568600
.134682200
.136397700
.145469500
.136678501
.132294100
.136711600
.132836200
.133093500
.138629400
.149516600
.145862400
.134356400
.140587300
.132625400
.155824500
.161060600
.146030500
.142699400
.140977600
.143514900
.143177700
.144958300
.136875400
.137514800
.132382800
.138833200
.132873500
.136671100
.132233300
.145478000
.148219800
.147459900
.140761100
.132731500
.135841599
.135632500
.133103400
.154700000
.148378500
.140537200
.145025400
.135571500
.133716800
.133787700
.131689601
.150381500
.133331200
.132776200
.133129500
.140314400
.138753700
.141366700
.148922500
.145111200
.131860700
.133757099
.133129300
.137290700
.136223500
.137797200
.140727800
.159196100
.148869000
.137464100
.131113100
.147784500
.148077000
.144549500
.133718200
.134533600
.147612800
.145267300
.140871000
.133188000
.140172200
.133485700
.143603400
.147401700
.147408900
.141123900
.146545500
.135411600
.137030400
.136912600
.139009600
.137172600
.141216700
.139507200
.132782100
.140230600
.145295800
.134803000
.139979800
.140039100
.133347800
.146178100
.133606700
.140125900
.135270000
.137968700
.135340500
.140485600
.136395100
.140271800
.134983700
.140006200
.132911400
.181568199
.145037800
.139280000
.136755800
.139444300
.141833300
.143069300
.145941300
.133895600
.133985400
.138254800
.147397500
.144669100
.133790500
.146623500
.135223800
.144338800
.146469200
.145097900
.143023900
.141982500
.136281500
.141987400
.139929700
.138094700
.138531300
.135838700
.132302900
.146112600
.134727100
.150209400
.147625100
.134469400
.146298800
.147395300
.142897700
.134454400
.145873300
.139707700
.132680100
.149237100
.146287700
.140641900
.137194000
.140041500
.132917600
.175158100
.157460100
.150267500
.132836000
.137728000
.139813101
.134269100
.138814200
.137198800
.142358900
.136948200
.145227000
.146427800
.142165000
.143689600
.136055600
.135632300
.132027000
.142221800
.138770800
.138591900
.134684200
.145747500
.146193700
.137596700
.134955800
.132452700
.131436600
.139166800
.138467000
.145574400
.133047900
.133231400
.134546300
.141276400
.141091300
.136843900
.138059200
.139404400
.133438400
.138423200
.132939400
.137585200
.133617900
.138271600
.160779400
.150638700
.141768800
.136376900
.144067100
.135860900
.133349900
.147097800
.142650000
.140667000
.134627200
.133689000
.133640300
.142759000
.146085500
.143033200
.141239700
.134293600
.135862200
.144726700
.141184600
.136030600
.135271699
.133442200
.138563800
.132725000
.136019500
.132226200
.144522200
.143509400
.135394200
.144979200
.135632800
.135221701
.134537200
.133565500
.140640100
.147696599
.147059500
.145593800
.136263600
.134848700
.145740400
.137527500
.140548900
.163911900
.160008800
.144400400
.135629400
.132503900
.143353700
.143061900
.140546400
.139498500
.140359100
.145872600
.148055800
.138820800
.140065000
.132476400
.140991600
.135348800
.145082000
.132965600
.133333401
.145856300
.140182500
.135779800
.148807100
.147419300
.135262600
.134096500
.138539800
.135841000
.150095900
.141392300
.134729300
.134324600
.133408900
.134897300
.134046200
.146387200
.135607200
.138788100
.134431900
.136136899
.141024900
.149776100
.139061700
.133793700
.159354800
.148451600
.135480700
.139766700
.136537400
.146504901
.134080600
.133325700
.134271200
.137786600
.135660000
.133465700
.142111700
.139576400
.138715400
.133990200
.133058600
.135865900
.146214000
.148200200
.141464100
.145298300
.146559000
.132011600
.134678400
.135616100
.134503501
.138277900
.132593900
.137814700
.134334700
.144388200
.134793600
.138551300
.133170100
.140395200
.135789400
.137057000
.145895200
.146350500
.142949000
.135079200
.144509900
.148875700
.147320200
.184241000
.156679299
.142958500
.132130900
.137538700
.134327000
.134125900
.132938900
.141088300
.138767000
.148952800
.146614000
.134833600
.135718400
.135401400
.132988200
.135616700
.141368700
.140925200
.134219100
.133643700
.151017100
.147082101
.140069000
.136611500
.141263900
.135916700
.134789600
.135102400
.139767300
.135413000
.139750100
.144411699
.135597501
.137565800
.137320800
.133434200
.142966500
.135840500
.142685900
.139532300
.141288600
.139659400
.138767900
.158150300
.145454800
.132760000
.134091900
.141169100
.147119000
.136129600
.149160900
.145922800
.144759100
.145992900
.140170200
.145662800
.151368000
.145952600
.146427300
.144733000
.143612200
.149289900
.146788099
.136359400
.137029600
.135713600
.143799600
.146085500
.146090100
.145652500
.150872700
.145792900
.142367401
.146051101
.143462800
.148250400
.144554500
.149816200
.142278000
.145256300
.148271200
.141073500
.136547200
.137255900
.145542700
.146118500
.145381100
.165868500
.150006700
.141739300
.135803000
.145413400
.137625200
.138148599
.142979300
.141150400
.147049500
.157827900
.132875400
.144807000
.143256200
.135712400
.134135900
.134910801
.137033600
.134734000
.135969500
.139411600
.140522000
.140433700
.140401300
.146272100
.133585600
.135341100
.145522699
.148009900
.140977900
.137317400
.139141500
.132740500
.133202500
.138376600
.145128100
.142640200
.137261200
.154197000
.134281900
.140388300
.143121700
.148872200
.163800500
.147400300
.136084800
.133511500
.137012100
.131980500
.134326100
.133149100
.139676900
.139829300
.138679900
.143959600
.135097800
.141578300
.146261100
.148064200
.142807600
.137437000
.135686000
.146964800
.147841300
.141751300
.143130700
.137485500
.133537900
.131892900
.138200000
.141321100
.142540700
.132980500
.133791200
.135488600
.139465500
.135358700
.132108000
.140389100
.142164300
.139388800
.133846200
.138003200
.135668100
.135163900
.132122900
.165150900
.157121300
.140339200
.132462300
.133432400
.133855000
.149222300
.156229500
.153533000
.133236600
.145334200
.136445900
.137005700
.149098400
.134741500
.146087500
.148098500
.132512000
.135398400
.141948300
.140564700
.137423900
.144724500
.133695000
.134199000
.134981100
.136924100
.136339800
.146262300
.141474900
.140654600
.140395700
.141478000
.140198000
.135610000
.140881500
.139926200
.134106400
.139664300
.137728000
.141612100
.133014800
.174517500
.143324900
.134025700
.141049400
.135916000
.133183500
.133746600
.151468700
.171476100
.151459900
.141369300
.140762500
.145238400
.135828100
.151406400
.146778900
.151247100
.134029900
.146588600
.141370600
.145771300
.134714400
.143818399
.140998600
.158294200
.144196600
.144237200
.146971100
.135205700
.132964000
.134304900
.135421600
.140118100
.141130200
.139085100
.146713000
.144452300
.142025400
.146187800
.133052100
.133744100
.134794800
.168189600
.151655601
.145882400
.142514100
.148090200
.142654300
.150656500
.140774900
.133478500
.138763700
.144087000
.137949500
.140718800
.133179500
.139879900
.145152600
.132703400
.152118000
.136081800
.141416299
.136160200
.144319800
