.297514900
.395758200
.362090200
.380255900
.339213000
.385010500
.341004300
.357050900
.364284600
.363269900
.352017500
.345601399
.362847701
.421983499
.359424800
.340704300
.363386500
.381156101
.381470500
.342538600
.376825600
.383346999
.353709600
.376502900
.351603200
.371456300
.367076700
.388007000
.367476199
.377514500
.399030200
.384842600
.367235500
.326455701
.367723700
.360567100
.359310800
.360327400
.338998300
.361431900
.340516800
.331262100
.469842500
.366882400
.360025400
.412728300
.358439700
.324774300
.330352300
.354430400
.352342800
.347895800
.384228800
.350525100
.598329500
.530419900
.702655801
.662728300
.439817299
.592458101
.414382200
.395757999
.551349500
.445059300
.540448601
.587240799
.453667900
.496202301
.530401000
.481311400
.416096800
.444206300
.478157000
.444221000
.515671599
.458321800
.426403000
.470707801
.412014400
.445473200
.429783400
.550680000
.361738699
.388133700
.418412300
.347862900
.344001600
.351608000
.367785101
.408739900
.376358400
.309191100
.362730000
.335257900
.355563800
.320835300
.372267200
.341215600
.312230300
.384527500
.337611200
.390774901
.376535800
.357858399
.333748099
.382939300
.416207500
.397097299
.359760501
.358586200
.367862200
.383392700
.344631699
.372260500
.371770800
.359254600
.352462501
.412508800
.398752600
.367786700
.317375000
.376637800
.332952500
.474819900
.372532900
.380401000
.362914700
.324759200
.357643900
.382167600
.372555800
.391962100
.388252700
.363370900
.328345100
.338169600
.339666400
.332455500
.362041300
.329896200
.328552800
.341993500
.347414500
.391551900
.366208900
.386597000
.342393200
.332811400
.332258700
.359899000
.350354600
.348593900
.359429299
.380447201
.339089700
.408744800
.390143700
.371620700
.376515300
.383010000
.360295200
.386644400
.340336600
.347665700
.360358400
.359524799
.399744800
.332104800
.334322300
.317904001
.394955200
.364076100
.368639300
.363322601
.392245700
.356219000
.327939800
.359654300
.351573499
.351704400
.372216100
.334279300
.322782399
.338056600
.385733000
.342522600
.383242301
.357884100
.350128900
.360230100
.394681800
.332892000
.398404900
.367864900
.365303200
.377613400
.376609800
.407764100
.341216900
.360797400
.344261200
.394886500
.405269500
.361470100
.366499400
.337339100
.368650200
.344804300
.345458800
.356560800
.313784499
.405733100
.354806100
.358246800
.357041101
.387061300
.374856700
.332615300
.336439300
.386336200
.387207600
.352262500
.351744500
.379665500
.362835100
.375209600
.369070000
.400473200
.376905200
.364152300
.387295600
.370160500
.384917800
.335983700
.348478300
.363176600
.368041300
.363670000
.327208400
.342546600
.338604200
.409527500
.361345200
.400454599
.412363700
.348160700
.367750001
.326355800
.372542000
.308331600
.351410900
.383515600
.324236600
.343223600
.328789700
.391961400
.385241100
.388767400
.364101500
.401883400
.336846800
.345538900
.371487300
.368326800
.378619100
.328704600
.317301700
.312805100
.340497900
.372981400
.324261300
.355033100
.399292799
.338871400
.362889700
.382248000
.457132200
.398497000
.380601500
.414478800
.366970500
.370419500
.334855200
.426515200
.332128300
.334293800
.395300500
.396583300
.363575000
.344596700
.343023200
.419929399
.362641800
.339382300
.357336900
.404443001
.392667900
.351562800
.358375600
.394859399
.314348300
.377197200
.380527300
.409549401
.397155600
.401355500
.375553400
.351405800
.408848100
.316752500
.374605800
.375413600
.339701600
.336334100
.348694500
.366647000
.344413900
.364291200
.345351700
.335651700
.336117400
.361363100
.327488799
.358873402
.369489700
.392900500
.384179300
.353592099
.361869401
.316782400
.363043700
.412323500
.411775400
.399499600
.352941200
.341175100
.370792399
.378912200
.351865000
.401504302
.392145099
.348289300
.317648500
.360177400
.344944501
.343128800
.359660200
.318700800
.348113599
.322129500
.321163900
.329324800
.324322701
.419563900
.354000000
.366994400
.348981600
.369665100
.425512600
.338917800
.339034102
.385995300
.348280300
.383486800
.356534501
.368077200
.374359800
.341053500
.388990900
.381424699
.511964900
.389315100
.416661799
.320484500
.378092201
.384313100
.372532400
.375422400
.369589400
.356633200
.360921799
.398982700
.369404600
.347045500
.371277201
.357218400
.402358900
.348479400
.342978300
.346883500
.320126200
.325703300
.351904901
.379452800
.394547800
.370731100
.368346700
.357951700
.388807400
.354849600
.348211199
.451513800
.368177400
.369367800
.387665400
.381873800
.370556200
.351463600
.384206800
.343592400
.336919000
.361755900
.323579001
.379635800
.330208600
.357506000
.335540500
.377405900
.326759500
.363477700
.523172400
.394717600
.374204000
.367166100
.324247200
.355155600
.364905900
.359610100
.394090799
.391830800
.399482000
.349375400
.352089201
.391715300
.358612100
.351815200
.324731200
.380731400
.379893100
.330893400
.348724000
.403679600
.410702200
.414675300
.376203499
.374935200
.364415400
.354471500
.395414701
.372239700
.367876200
.317888700
.358958600
.361458500
.358482600
.363593200
.332959801
.349307700
.388952300
.330922200
.369304100
.366694700
.368989600
.386661700
.455161000
.400598200
.370307000
.380821000
.338570600
.350431700
.348010000
.370392400
.334136201
.397772200
.350128300
.372667800
.391322100
.363615800
.364499800
.342563900
.362199899
.378003001
.376754200
.360661700
.371154800
.391667400
.365660100
.336866000
.362911900
.384382300
.429941900
.360119500
.317897499
.381336701
.333310800
.325437900
.383132700
.331150200
.374939400
.336241500
.341987199
.375655101
.374470100
.363475800
.374098700
.377772799
.353027000
.375037300
.491639001
.408389000
.390624300
.340582500
.325493800
.357337000
.359816200
.359512400
.351189900
.359650700
.329628400
.343685500
.339452200
.387704800
.361967900
.370047400
.321391500
.345859500
.390888000
.384976500
.363740999
.329214001
.374186800
.438099600
.358571600
.401263099
.385732500
.342463700
.348808599
.379715801
.364666100
.364211400
.315311300
.390277100
.375850000
.366130300
.379476800
.404374700
.379027700
.317545699
.349454400
.337343001
.363265900
.354787600
.332219100
.426784200
.368693900
.348349200
.363832900
.366596400
.406965900
.382820100
.320778000
.328322000
.371441099
.341926700
.446112600
.372725601
.348474100
.402549600
.339657200
.351680400
.377088500
.358275900
.415450000
.356233600
.369977800
.368339000
.356532500
.372348399
.392414600
.357987300
.339891500
.308642601
.429890600
.346158900
.340963500
.370363399
.383489801
.391538900
.370649900
.336330199
.331320201
.374991899
.340091100
.321624000
.345188001
.319347200
.328610500
.354012200
.436201600
.399581400
.379670600
.363272600
.364697800
.352652699
.358697900
.368576600
.397450301
.322417900
.336795200
.335961500
.357310200
.338416500
.347825800
.354770100
.362839899
.374796400
.360011700
.348438900
.315018300
.367145900
.347988300
.323197500
.332351500
.342722399
.392229700
.372420800
.331405200
.323371001
.379221200
.344089500
.362714400
.384109900
.363714900
.327701300
.331179100
.324406700
.339708200
.342557100
.364503900
.394349700
.424848100
.374929300
.348414000
.331592600
.369162100
.358183800
.363028000
.366628500
.377086200
.401135200
.376241000
.326839500
.344387199
.360215100
.383746500
.330702400
.378112800
.368358500
.392310000
.330847600
.319348500
.374699200
.415621700
.359122600
.340116001
.372373900
.370810500
.351197800
.387030799
.379520900
.373363300
.374942500
.386806201
.348777400
.375001900
.350811400
.363647300
.376321900
.339698200
.337756700
.387186099
.376815800
.348921700
.381182000
.433927901
.381626900
.355916300
.313241100
.452239299
.396889000
.386489100
.382902400
.385497001
.338639300
.373893900
.345845300
.368655199
.328540500
.328811500
.357004500
.363025201
.362357400
.367961800
.341359800
.376104500
.380659800
.379067300
.368033400
.395318700
.374829500
.392226100
.376469700
.437308899
.351256800
.354077100
.342935700
.339152301
.359948200
.371325900
.387030500
.340304101
.335617300
.332143399
.351809600
.385315600
.405562400
.370666100
.355048800
.342797999
.360800500
.338422400
.366781400
.364256201
.348210300
.324226000
.333432700
.388474401
.375245799
.400804300
.351880400
.386952601
.342728600
.370984000
.381621500
.354911800
.383074700
.351096800
.362806900
.345283800
.369786900
.341446300
.367835600
.353334400
.387229199
.376653200
.350761900
.325858700
.381084899
.334512200
.348184200
.403255901
.352522799
.379011400
.367283200
.320218500
.381929801
.346123400
.350680200
.382931200
.343225300
.379713100
.384246300
.362905100
.347120300
.358855700
.388781400
.308577100
.379051200
.371239000
.379716300
.310744000
.398177100
.395722100
.359792600
.344400200
.306170400
.391790900
.323837500
.318060200
.320130400
.321633799
.377772000
.364291500
.416377800
.352785500
.353131200
.380004600
.343143800
.372672101
.348438800
.358691600
.343608800
.370927599
.367816900
.340131500
.349486100
.374334601
.379898900
.373264100
.347944000
.386997000
.385246100
.366713700
.302469100
.359816900
.356212000
.361443900
.321016900
.327822499
.374398600
.336398800
.364298700
.359701300
.364450899
.389182400
.347533500
.388004000
.391596199
.354826300
.344099600
.386949700
.372069499
.367664200
.316205400
.359814800
.364025401
.384138700
.355790800
.383927500
.389365899
.351152900
.355990400
.326371300
.370906999
.371600600
.332540000
.321269000
.319671200
.342022600
.371927100
.371793200
.358667301
.478330700
.387581100
.319834500
.399206199
.397219900
.329377000
.380798401
.435411699
.626532400
.404032800
.673223801
.463426199
.470760501
.572350701
.485056500
.456686800
.417050499
.513485900
.483994100
.554536001
.454481899
.371618199
.492095699
.462297400
.471038000
.571301201
.542580000
.480147500
.489938300
.538757800
.454815200
.580648700
.595006100
.385585000
.377912399
.363836400
.358857100
.311058300
.412354199
.395049300
.366920900
.353779801
.372627600
.420612400
.356667300
.351260001
.391614300
.354832000
.367792100
.371344300
.350969000
.363972800
.350936300
.353928500
.368168100
.338233200
.382423100
.355916000
.359608799
.400369700
.472982700
.395557901
.414848100
.331734300
.397997600
.340531999
.360859100
.329386300
.346167300
.322071701
.360370299
.363854500
.344216300
.388581500
.401166300
.370780700
.316170500
.361320000
.373407299
.349875500
.365108200
.323184400
.344547101
.439681500
.290772200
.333758800
.374583199
.381974500
.370901200
.389861000
.374205601
.367882500
.346787500
.367637300
.372807900
.345895000
.409040200
.345209200
.369134200
.375740300
.353687500
.346967300
.357023900
.344766400
.357958200
.380236200
.439937899
.397552000
.371908000
.343897200
.393694800
.333728000
.363613400
.368180100
.393895501
.395133600
.379671600
.327893600
.378605500
.348602700
.322141900
.342825500
.309707800
.359056100
.319490300
.323239300
.340559900
.335960000
.376204500
.323169400
.454861400
.383183800
.405251600
.349686100
.343783600
.388505500
.370921500
.345247900
.390163800
.384199700
.375083100
.392342400
.389613699
.376841300
.355022000
.369231000
.368186902
.355104200
