.019099100
.016635700
.015746700
.014576500
.014433500
.014448200
.014686200
.014524500
.015592800
.015413600
.014425400
.014178300
.014322000
.015299900
.014194500
.015440000
.014208500
.014435900
.014574900
.014591400
.015533500
.014343300
.014373500
.013970400
.014344100
.015497100
.014244900
.015382900
.014387800
.014484400
.014499900
.015529500
.014311700
.014076200
.014317300
.014029100
.014126200
.014228000
.015508500
.014197400
.014503000
.014434000
.014312001
.014583300
.015742000
.013903600
.014307500
.015785700
.015432300
.014059200
.013780300
.014373100
.015901500
.013998800
.013908900
.014624000
.014782200
.014466800
.013703900
.013655600
.013537800
.013229100
.013261800
.013178400
.014610700
.013128900
.013095900
.014656300
.013590800
.013469400
.014790600
.015084700
.015460100
.015718200
.013623200
.015800600
.015438400
.014956100
.013645400
.012977700
.014525800
.014717100
.015045500
.014517200
.013092900
.013553500
.013005400
.015152300
.014605900
.014927700
.015145800
.014653500
.013255700
.013701400
.013038900
.015160200
.014694000
.019966500
.015411300
.015156900
.014271600
.015402700
.016436300
.015940500
.015951400
.015485500
.014236100
.015716000
.016365000
.014593700
.016111400
.014257500
.016643100
.015572100
.016001000
.015648900
.014152900
.017349000
.014423000
.013943200
.015745600
.015861500
.015926500
.016103300
.014128599
.013977999
.015872700
.015654301
.015660900
.016107700
.015480800
.015893300
.015888900
.015900900
.013850900
.015863700
.015885400
.015997100
.015450300
.016280800
.014276100
.016124500
.015939000
.015524200
.015685600
.014771600
.013852300
.015127300
.013538700
.016975500
.013364000
.014611500
.013173900
.013434800
.013197100
.015133200
.014438300
.014908000
.014896200
.014412100
.015205800
.014595600
.014658300
.015072100
.013465800
.014795100
.015454100
.014548200
.013550400
.014790500
.013282100
.013816300
.014777600
.016171100
.014917600
.016390800
.014513700
.014720000
.015206900
.015206400
.014489600
.016665700
.015221100
.015024400
.013532800
.013119200
.014928500
.015063000
.015122000
.014781600
.015096300
.014990400
.013972800
.013553700
.015261900
.016096200
.014951600
.016263200
.016402198
.013566701
.014076702
.014537400
.014050297
.014248700
.014433302
.014972901
.014600500
.014276500
.015521700
.014525200
.014106800
.014352000
.015811300
.016111800
.016006100
.015891700
.016045100
.014204700
.016186400
.015889500
.015933000
.014705100
.015209100
.014522100
.014486200
.014098700
.014146800
.015889000
.016223700
.014497400
.015588000
.015566200
.014089700
.016304200
.015854700
.015663600
.015607400
.016144300
.014043800
.015760100
.015681000
.015450800
.015749400
.016434100
.014590200
.015552900
.014064700
.015636500
.014573200
.015752900
.014776600
.013559800
.013480300
.013469000
.014955700
.013133200
.014711600
.014683600
.015225200
.014791500
.013160200
.013195600
.013320700
.013196500
.013417900
.013652800
.013620700
.014628000
.014700900
.014851400
.014827200
.014483900
.014632000
.014631800
.016403900
.013476300
.013174700
.015477300
.015825700
.014842200
.013565400
.014370100
.012974900
.013433500
.013744202
.014670401
.015075600
.014492999
.015112800
.014028500
.013769500
.013652300
.013308700
.015143700
.014632100
.014137000
.014054400
.014864800
.015507500
.015712000
.016185000
.015894300
.014802800
.014826700
.016912800
.015318600
.014474400
.014713800
.014960100
.014530400
.015204900
.014736800
.015752700
.016089900
.015569900
.015895500
.015122200
.014636900
.015875800
.015629900
.014337100
.015014100
.015727100
.015801100
.016061100
.014779000
.013877400
.016021800
.015470500
.015620200
.015406900
.015631000
.014666700
.015866900
.014207100
.015082400
.014893000
.014843000
.015189600
.015215400
.015174300
.014806900
.016476100
.015103900
.015515800
.015434800
.016363800
.014961900
.015417000
.015117000
.014026900
.018782200
.014024800
.014518600
.015783200
.014262000
.015292500
.013869400
.015036500
.014787000
.013470700
.013794400
.013824000
.015693700
.015267600
.015031900
.014286400
.013831100
.014224400
.015273600
.013977200
.014148200
.014822900
.015628500
.013825100
.013817800
.014104600
.014415400
.016431200
.015527800
.013819900
.014028900
.014082000
.014281700
.014269800
.015330200
.015145900
.013853800
.015286100
.014444700
.015629000
.016007900
.013964500
.013943300
.014138400
.015226700
.015045700
.013792000
.015253300
.015938000
.016559500
.016700300
.014912900
.015083300
.015070700
.016383000
.015285900
.016466200
.015420800
.014940900
.015293600
.016309500
.015223600
.016274000
.015526900
.015125400
.015452100
.016288700
.014953400
.015074700
.014952100
.014973700
.016308800
.016244300
.014966800
.016261000
.015063700
.014960600
.015040600
.017426500
.015167400
.016570700
.015121200
.016606400
.015339200
.014752400
.015685000
.014208400
.014302900
.014219900
.014511200
.014778600
.014902600
.015829200
.015341500
.015538800
.015756200
.015695500
.014940499
.016056900
.014595099
.014817000
.014771700
.015089600
.015171900
.012934000
.015350100
.015217800
.014664000
.014851200
.013977400
.014910700
.013720500
.013864900
.013106000
.013947700
.014683300
.013167300
.013445500
.013053300
.013037200
.013248700
.013360700
.014599300
.014361100
.013664200
.013100000
.014793300
.014787800
.013029100
.014783700
.014700900
.014584400
.014541900
.012985100
.013018100
.013547100
.013760400
.015046300
.014905600
.013375700
.013158400
.013369000
.013224300
.013318600
.014586000
.014443800
.014662000
.014425600
.015433900
.013842700
.014354700
.013993700
.016004300
.015669800
.015831600
.016102500
.015105100
.015328200
.015489200
.014408500
.014387500
.015703300
.015769000
.016249500
.015753900
.016313900
.015600900
.014502500
.014093000
.016112100
.015918800
.015567800
.015849700
.016116200
.014577600
.013728900
.014084400
.015352800
.014255500
.013840600
.014554699
.014031100
.015697100
.016955100
.015968000
.015957200
.015588600
.015865900
.014579600
.017093300
.015756700
.015460400
.015516700
.013983700
.013768700
.015099400
.014254100
.013420100
.015967700
.013035800
.015142400
.013261900
.015944900
.014156900
.013076000
.014795900
.013052000
.013327500
.014720700
.014978800
.014662300
.015073400
.013292700
.014029800
.013575900
.013017200
.014689000
.014797600
.014490300
.014707400
.015615200
.015123500
.014509800
.013690900
.014893500
.014576500
.013229200
.014709700
.014935400
.015059800
.013182700
.014137200
.014674300
.015029800
.014730000
.015115400
.015872900
.015006000
.014832300
.013343100
.013392600
.013668900
.015035800
.015296200
.013058200
.015228900
.015187200
.015252300
.016650800
.013813400
.016059200
.014386800
.014009000
.014295000
.014853100
.014216100
.015405700
.016025800
.015778500
.015191200
.014774900
.014852500
.014498200
.014390999
.014229802
.014196600
.014370400
.013757800
.016010100
.014071500
.013928100
.014232900
.017631700
.015601400
.015702300
.015562600
.013997300
.014831400
.014049200
.015842800
.015988000
.016435200
.015482400
.014006500
.013890400
.015720900
.015932500
.015374000
.016603800
.015822700
.014271800
.014369500
.013842900
.013954600
.014598600
.015565600
.014071100
.013403100
.014247900
.013742100
.013329500
.015316300
.014751000
.015206700
.015714100
.015298300
.014088800
.015041100
.015069300
.014459900
.013495500
.013367600
.014390700
.013079800
.013322600
.014214200
.013410100
.013813600
.014787500
.014427400
.013207500
.013317600
.014892000
.015105000
.015028500
.013638600
.013161000
.013291200
.013336400
.013224800
.013486400
.013306800
.014094800
.014751900
.015178000
.014657300
.014675500
.015188700
.013057600
.013044100
.013756300
.012940400
.013297000
.014959500
.014443700
.014852999
.015177800
.014636201
.013495900
.014050400
.016166100
.015750500
.015818200
.015822600
.015724600
.013850000
.015601300
.015749000
.016232800
.016127400
.014196600
.015943900
.013815400
.014599300
.013876700
.015742800
.016602200
.015852400
.015856900
.015307800
.014349000
.016543700
.015860700
.015486300
.014362700
.014567900
.015137700
.014164600
.016056400
.015616300
.016425400
.014008200
.015504800
.015978900
.014600700
.015885700
.017258800
.016145800
.015878000
.016254100
.015100400
.013801100
.016156000
.015912900
.015767700
.015564500
.016031900
.013475699
.014683500
.012883700
.013681100
.014795100
.014527100
.014805600
.013801000
.014208700
.013410300
.014541000
.015162000
.013414001
.013154900
.013242200
.013589300
.013006500
.013609799
.014799600
.014611100
.014333300
.014465500
.014479500
.013202300
.013766600
.014715301
.013521599
.013130300
.013461799
.014516801
.014265300
.013375200
.013302399
.013327301
.014703599
.014761700
.014847400
.014692700
.014815100
.013670300
.013985100
.013572200
.015785400
.014660100
.013946500
.013757300
.014932100
.014506400
.014820200
.013567400
.015577800
.014803400
.015949000
.013993300
.014646500
.015905300
.014984200
.014798000
.014797200
.015508500
.014887800
.016930000
.015227300
.015452600
.015382500
.017688700
.015388000
.016385300
.015012200
.014943400
.014780800
.015196800
.016687100
.015360600
.015323000
.016365700
.015026600
.017112000
.014926000
.015106300
.015150400
.014982600
.015926700
.016225900
.015164900
.016471600
.015092400
.016283200
.014938900
.016374700
.015107500
.015187200
.017025200
.014512300
.016326500
.015908600
.014838900
.015090700
.014264100
.016292800
.015660700
.014571900
.015450400
.013587600
.013913500
.015244600
.013621200
.013547700
.013699400
.013236000
.014147500
.013871300
.013900501
.013427300
.015613800
.013637000
.013813700
.013735200
.014235700
.013570700
.013424900
.015286200
.014977500
.018280800
.014055200
.013214900
.013138900
.013136500
.013751600
.014177300
.013466800
.013098000
.015002400
.015255200
.014844200
.014864300
.014892500
.014932800
.012913600
.015168300
.013936700
.015866600
.014854600
.014909400
.014964900
.015666500
.013304400
.015010200
.014764200
.015032000
.015846400
.014913400
.014050600
.013743100
.013980700
.015782100
.016062300
.016177600
.016400700
.015718200
.015810200
.016020000
.014441000
.013956600
.014830900
.015409600
.015404800
.015404400
.014182400
.014332500
.014073600
.014438900
.013670700
.016302000
.017029700
.015062900
.014424500
.015066200
.015292400
.014733700
.014868800
.016004100
.014776900
.015110600
.014875200
.015957600
.016632100
.015812500
.016685600
.016833200
.015122600
.015045000
.016051700
.015195000
.014925600
.017448500
.015064600
.015164100
.014814600
.014936300
.013892400
.016992200
.015817700
.013795100
.015467900
.013937000
.013957700
.013972500
.013929300
.014186900
.014319300
.014539900
.015044400
.014947000
.013840400
.015586100
.014905100
.015645800
.014023900
.013737800
.014917200
.014602800
.015770500
.013990300
.013879700
.014223500
.014043200
.014445300
.015761600
.013960400
.013774600
.013839700
.014355500
.015013400
.014016700
.014061300
.014319600
.014404200
.014501300
.016690800
.014637200
.015376800
.014269900
.014477500
.016518000
.014428500
.014204700
.014009000
.014757900
.015282400
.016834500
.015095400
