.231863500
.236612000
.281340699
.278249800
.249416800
.461562500
.311046300
.283007400
.258313200
.229012800
.236250900
.227637900
.244654999
.268653500
.270575800
.230246700
.237005900
.225889200
.244832200
.302628099
.279302100
.232830900
.236990700
.242719300
.297181200
.284956000
.251199600
.233084900
.233215100
.239988300
.353967100
.279708400
.241525100
.231836000
.242192800
.249095699
.285408100
.273457100
.230164100
.240168900
.236079000
.233114801
.270115000
.285872600
.242046900
.235359700
.225527300
.259606199
.286653100
.232795200
.245065200
.228389500
.241389100
.262303101
.227370800
.246437900
.231961500
.234189500
.237577900
.263484200
.236092900
.229206100
.232328800
.228758600
.260340400
.219259300
.272649100
.223850100
.246806200
.234649200
.237828500
.224584400
.255991199
.238975700
.278871600
.231417200
.229430100
.226779101
.227462800
.228869000
.239967100
.230772900
.213975100
.245043400
.238465199
.261349000
.228710400
.222886300
.242194000
.222132100
.264119900
.227567900
.224210100
.239872500
.219080600
.237253400
.271278801
.232781100
.243330200
.222548000
.227236200
.224830800
.244317600
.258459100
.234094700
.262716600
.242133700
.243807600
.224032800
.245859000
.226426000
.238619400
.225840900
.238042500
.230142100
.278062899
.237781500
.228511500
.231635500
.232327500
.232496000
.222113100
.236068800
.232212500
.228640500
.230443000
.236400100
.245647800
.269291200
.229723800
.225949100
.228264301
.231741899
.234953901
.249442600
.227119900
.234751700
.227656100
.236477200
.228745600
.249318800
.254745000
.230087800
.231895500
.215760200
.240112000
.251275100
.237466600
.264190600
.233989500
.236746700
.234499500
.269751300
.273949500
.230690300
.251123100
.224706900
.232113200
.253164500
.222369700
.222986700
.230514600
.232174800
.235786800
.241186100
.222311600
.234405300
.224882400
.224841100
.252170400
.228752700
.229775800
.229928800
.230812400
.243751800
.227972600
.234022800
.229096800
.238618500
.230140200
.236059000
.225741000
.235858800
.271281699
.235105900
.231929900
.229632100
.230230300
.234051700
.275798001
.277514800
.241796600
.216643100
.242325000
.222012100
.225232800
.276328700
.259203700
.242212600
.257145200
.219479300
.224498600
.220935200
.258524100
.240628100
.230065800
.221710200
.232222900
.243189900
.221745000
.232090100
.255657300
.232959400
.236113500
.233998100
.224774400
.223555500
.227377800
.232715100
.223641600
.227753100
.262869900
.264271300
.226730800
.236909300
.223685500
.231498100
.224933300
.266274900
.225974100
.241498900
.241568800
.268903199
.272006700
.235822000
.220541600
.234443700
.228959900
.230943201
.258305199
.244308200
.228789100
.241144700
.213178399
.232805301
.222894899
.231914100
.236799800
.233537900
.233143100
.237505699
.250548500
.255474100
.262465600
.233076800
.232507400
.238880501
.228002399
.223878000
.219760800
.236384500
.215063701
.235976500
.224181199
.222828102
.243466900
.224457100
.239544999
.229420600
.236552901
.252645100
.256140900
.220334100
.237922400
.223803000
.232399900
.285254400
.264528600
.234549600
.247428100
.226051700
.245203700
.232209900
.231589200
.223616100
.235001700
.232547900
.223785299
.223892401
.242788400
.261529600
.230130600
.236601500
.222371499
.228343200
.281972500
.271555800
.242072700
.236093500
.246374701
.229380300
.249672900
.244873700
.223292800
.251898300
.229459899
.226991001
.259468801
.255034400
.229077000
.228769700
.233619800
.236167700
.223815900
.268275600
.231058400
.259907100
.245707500
.228868801
.228085300
.230353600
.265787700
.230198400
.225414100
.240345400
.229096699
.261888100
.235795300
.242531900
.246412500
.230501300
.256512001
.235756100
.229008100
.236354900
.226472900
.228979100
.304028900
.288685300
.291449900
.221956900
.247091100
.231949500
.262287099
.247697700
.258790000
.251484800
.233284200
.232565800
.259150700
.226897900
.252441700
.229497301
.241934200
.224516900
.238007900
.268932800
.258475001
.242288400
.219976900
.238248000
.271805000
.249234800
.231780800
.230571500
.226430100
.226745600
.271624100
.256512800
.253113800
.233215600
.228942600
.231075100
.270047600
.229238500
.235675900
.236053100
.229911600
.236242400
.260629100
.236666100
.224805000
.285613100
.237665900
.249877300
.249516600
.232744400
.237583000
.230983600
.241284300
.220120500
.228899499
.255884000
.229663400
.237618300
.225818100
.234124300
.223594902
.259323500
.279661000
.239583600
.230147700
.241844500
.226303200
.262501000
.234832400
.220927400
.227084500
.230571200
.230542100
.218878599
.450342400
.253975100
.235823300
.234503100
.247888001
.262557100
.229022400
.229966000
.250481200
.235277900
.227523600
.268759400
.257491400
.231021500
.223223200
.234357300
.227241300
.274244200
.223455500
.227615800
.242478200
.223726000
.246773400
.227624499
.261249500
.234357200
.220921100
.233871800
.237449900
.266974700
.237081900
.236930400
.238099200
.226181000
.235227800
.231840501
.250350100
.255922800
.217618000
.233303100
.225110800
.260578500
.263681900
.239050000
.237453400
.222758000
.223845500
.263417200
.232659500
.271568799
.250602200
.237039600
.233398300
.238296900
.224238900
.259046100
.235430400
.229707200
.230525800
.216185400
.263221500
.228057800
.232142100
.239560100
.216027200
.235363600
.257776800
.328796400
.228501900
.233716200
.230103200
.248590401
.298437900
.240884200
.230971300
.229771000
.227803600
.233515799
.264094201
.229552200
.222962300
.222099300
.231390600
.221570400
.273329899
.229054100
.221523000
.230473800
.221616800
.226646000
.275411600
.237415700
.251999900
.222385500
.237140900
.254130200
.264224601
.298467100
.235136900
.245601100
.223699200
.240891700
.259568900
.273634200
.228626800
.241152500
.223809900
.237997200
.230598400
.246710700
.262199300
.225307300
.234763400
.238626600
.232437498
.253324600
.237122400
.236881100
.228349802
.239716300
.227975899
.253623700
.227884700
.225834500
.224349300
.237429200
.236971200
.241934499
.259276200
.233096400
.241157900
.222989400
.248880600
.269813101
.333072800
.244223200
.232756100
.242711800
.228072600
.275315000
.238219900
.226423600
.228995600
.221626700
.222730600
.253838000
.230324700
.235494000
.220309600
.235546600
.222311300
.217004700
.259584500
.223384299
.288505200
.225990000
.229831600
.263393800
.257079700
.228771400
.232462000
.233227800
.233946401
.262776099
.226252600
.234306800
.233823100
.221477200
.233567200
.236125300
.288004400
.291253499
.240123100
.279133100
.302652300
.388912801
.260856500
.242424800
.263612000
.252004201
.252980499
.241643600
.229984300
.239653900
.230629800
.232716200
.258431200
.263640700
.234172900
.251576400
.225956600
.225558300
.232997701
.228630700
.274542500
.228060700
.237761800
.229342100
.262562299
.219322700
.235104700
.229381700
.252892700
.221928700
.237298100
.227528201
.240696000
.230544100
.247159000
.225449300
.241834500
.220340400
.256798300
.231736700
.220031800
.253811300
.229678400
.224532200
.259502600
.268869600
.238156300
.228685700
.238099700
.287354900
.252922300
.227924500
.232042400
.222686900
.226928400
.333263500
.277373299
.237114500
.235495200
.231841300
.233631900
.253659001
.238102100
.222932300
.242026100
.226627700
.231096100
.269773900
.218129899
.268695900
.270955000
.224723200
.226806400
.250937400
.259276200
.225339400
.228230300
.228943100
.241646300
.220367501
.237174100
.250762200
.258852600
.260834700
.228779700
.265534999
.257353800
.233568500
.239131000
.233878700
.238076300
.258290301
.233350500
.230801600
.390096700
.240451800
.259912199
.263043801
.238183600
.242055600
.225184100
.230327700
.240728300
.259564000
.228842800
.231184500
.227649100
.238845900
.241776200
.213912199
.238706200
.265046100
.230685300
.234459300
.224348700
.301426501
.276189500
.225482400
.231736700
.229030700
.239169500
.236839700
.252867000
.249792100
.248568300
.229210200
.280688500
.263986600
.233483100
.226258200
.227832400
.240017300
.236154700
.267606400
.251146000
.261357800
.243779000
.239989900
.236709800
.250860599
.222313100
.265660400
.222515800
.237814100
.225612800
.232826501
.265499900
.229142200
.235546000
.226435700
.240992400
.230204200
.254728600
.232587400
.222139600
.221365600
.236509600
.226275000
.260770200
.223385400
.242091700
.250205800
.250835600
.240081000
.255807299
.238983600
.219421400
.239336200
.221476100
.238951100
.224451001
.259589800
.232030600
.226765000
.232389000
.228024200
.231364600
.224307100
.231310000
.223632400
.236078000
.229969300
.229703300
.256244099
.229669300
.240522600
.245885100
.225521900
.242296100
.228166100
.272437400
.230664500
.223463900
.233042400
.225149100
.266680000
.339521500
.236092900
.236262600
.230304800
.233442300
.226334100
.224036200
.229108000
.223378400
.235991500
.251586400
.265144900
.237591200
.229066800
.231838900
.234163600
.235569000
.232983500
.262631700
.239486800
.225172700
.228219100
.241884100
.225064700
.223223699
.232112100
.228035200
.231828400
.227678200
.239463000
.224433701
.239597500
.231619400
.221092700
.239410000
.239299200
.243769300
.293020400
.234886200
.238118500
.226183800
.235642900
.243796800
.236212700
.228978900
.230550400
.231963400
.226267500
.237062400
.220005600
.282456800
.244741500
.244664500
.234800100
.223801800
.235745000
.253558100
.229950000
.236080800
.222865200
.248092399
.220846800
.246223200
.223388900
.220995200
.216011300
.236174700
.231820299
.244098600
.227936800
.230944100
.232235700
.235864700
.231370001
.247484300
.228206700
.242380100
.237604900
.222632700
.228298899
.239851700
.223287900
.243397700
.222411500
.234545400
.223218400
.274182801
.260975700
.236411000
.239293400
.223067900
.240234300
.236366700
.223051100
.264253900
.233865900
.229779600
.241398100
.225535300
.268850000
.250668000
.227498800
.235885200
.236349999
.271863702
.268854200
.237968000
.233351700
.230588099
.232289299
.250086798
.256693700
.231986600
.232268700
.235274900
.238210100
.240781301
.222807800
.240722300
.228922900
.221399800
.231678900
.237377000
.237961900
.259146300
.228167900
.229460900
.230242899
.224669800
.236805101
.226093200
.233467500
.238250400
.227668600
.232892200
.239521100
.281174100
.369320700
.245786300
.235557800
.236502599
.238624700
.283090000
.229092300
.238341901
.232992400
.223746900
.263696700
.224014600
.230684600
.236724100
.217601600
.222309200
.231432100
.257880900
.237543800
.227647200
.247403300
.236689700
.234524800
.260730600
.231700000
.237226100
.236312400
.236164900
.229479600
.227465400
.237988500
.234432800
.235332900
.234069700
.235678700
.236502700
.227490500
.224518300
.239012700
.223281400
.230689800
.249063700
.241889800
.238267300
.229313000
.221094000
.244920000
.230137200
.262683900
.263510500
.236357700
.229215800
.242068600
.227429299
.246948600
.239314900
.226602800
.218741600
.229358000
.230413201
.231725600
.285946700
.246347400
.231121600
.227636400
.242338000
.225149700
.229186000
.276202100
.231325300
.234172000
.224312400
.241368100
.230088100
.234034400
.225761700
.229670500
.229808600
.236986600
.223658600
.216713800
.230586300
