.010771700
.009066500
.008999500
.009588200
.009101200
.008885100
.009121400
.009310100
.008997800
.008653400
.009796100
.009241700
.008687500
.009153900
.009260600
.009602500
.009530300
.008994100
.009219500
.008929600
.009264800
.008993900
.008950800
.008751600
.008759800
.008917700
.009119300
.008681200
.009151000
.009226200
.009476100
.008689200
.008817700
.009088800
.009693700
.008817200
.009176100
.008991300
.009192000
.009217400
.008950100
.008815500
.009058200
.009502700
.008931300
.009003700
.009008800
.009477400
.008944900
.008958400
.008464600
.008889500
.008797700
.008982600
.008171200
.008280000
.008564400
.008507100
.008724700
.008516600
.007964600
.008273900
.008763500
.008626500
.008303800
.008142100
.008215400
.008437600
.008344600
.008309500
.008155600
.008579700
.008225000
.008350300
.008456900
.008260600
.008218700
.008831300
.008306400
.008063000
.009033400
.008672500
.008880500
.009698800
.009304400
.009055100
.009946701
.009160200
.008890200
.008764600
.009170900
.009450900
.009375500
.008975100
.009118400
.008903300
.008880300
.009118000
.009464500
.008070000
.008217600
.008382900
.008321800
.008346000
.008104900
.008262900
.007935700
.008346000
.007834000
.007967700
.008070600
.008135600
.007896500
.008228200
.008152200
.008266400
.007813300
.008084700
.008134900
.007725500
.008244100
.007678200
.007765300
.008283200
.008170800
.008346700
.008189900
.007741300
.008072600
.008167100
.007779200
.007471400
.007264800
.007428200
.007714800
.008254700
.007028900
.007196500
.007350100
.007777400
.007010400
.007292500
.007468400
.007259100
.007784100
.007009100
.007155900
.007521100
.007792500
.008285400
.008360900
.008634200
.008490600
.008690700
.008138300
.008574600
.008778300
.009086800
.008101100
.008216800
.008557100
.008681700
.008708800
.008641900
.008742000
.008824700
.009069200
.008052300
.008210900
.008422300
.009491500
.009136300
.009123100
.009137800
.009255200
.008982200
.010246400
.009076300
.009329200
.009045300
.009561600
.009579900
.008782300
.009065100
.009068500
.009167500
.009219500
.009145000
.009095000
.009331600
.009095900
.008922400
.009053400
.008981100
.009335100
.008877300
.009031600
.009540700
.009254400
.008245200
.008038500
.008468000
.007768000
.007921100
.008013900
.008275200
.007941400
.007729700
.007999000
.008536400
.008218900
.007945700
.008310400
.007714800
.007921700
.008012500
.007768400
.008686200
.007729900
.008024200
.007037700
.007291700
.008664900
.007485100
.011192900
.007294700
.006901500
.007103600
.007526100
.006652700
.006669200
.007136700
.006696700
.006802400
.007298700
.007179400
.007388400
.006856300
.006760700
.007347500
.007469900
.006863400
.007510300
.007453700
.007010500
.007039700
.007323600
.007081600
.007221000
.007760500
.007786900
.008055400
.007691100
.007976900
.008557800
.007976400
.008436400
.008733900
.008069800
.008865100
.009143600
.008840000
.008817900
.008558000
.009005000
.008581500
.008935900
.009710700
.008461500
.008348400
.008503800
.009137900
.009399900
.008807500
.008666100
.008651800
.008284400
.009285500
.011244400
.009103500
.008239500
.008283200
.008483700
.008877200
.008737400
.008626000
.009289200
.008615500
.008773600
.008465500
.008901400
.008870700
.008467100
.008397900
.010657200
.009103000
.009119800
.008907700
.008852100
.008516000
.008375900
.007546400
.007809200
.008042200
.009898100
.007849100
.008007500
.008396600
.008100700
.007493200
.007557300
.006985800
.007133000
.007302300
.006917500
.007144600
.007265900
.007359500
.006889300
.007423600
.007710000
.007162500
.007081400
.008373200
.006926900
.006789300
.006821500
.007085900
.007128500
.006912600
.007629400
.006796300
.007240300
.007105500
.007580900
.007365100
.007029900
.007035700
.007344700
.007652400
.007625400
.007196200
.006932700
.006858100
.006874500
.006880600
.006658600
.006659600
.006662200
.007569900
.008250700
.008693000
.008643400
.008445400
.009276200
.009843800
.009665400
.009092200
.009565900
.010851800
.010288600
.008797500
.008955700
.009079800
.008953300
.009379200
.009422400
.009544500
.009455900
.009366500
.009178300
.009644900
.008825000
.009079000
.009419900
.009457300
.008920900
.008974900
.009122300
.009164500
.009085400
.009207900
.009299300
.009877400
.008899700
.009110500
.009191100
.009913500
.009328300
.009072400
.009346400
.009483100
.009171600
.008894700
.009151000
.008886400
.009021700
.009276100
.009973800
.008129900
.007496900
.007112200
.007214900
.007452100
.007505200
.007044400
.007160500
.007499000
.007706400
.007341600
.007258400
.007262200
.007544100
.007787400
.006831800
.007299700
.007211300
.007517900
.007409000
.007667600
.006903100
.007311900
.007516100
.007100200
.007097200
.007928100
.007048200
.007519500
.007096500
.006938600
.007270300
.007585600
.008107700
.007214000
.007456200
.007500700
.007973300
.009611200
.007840100
.008298800
.008370100
.008246600
.008076300
.007869300
.008069500
.007990900
.009072400
.008061900
.008824900
.009926000
.009192100
.008551600
.009107800
.008951000
.008891600
.009428600
.009115300
.009231100
.009244000
.009840300
.009131900
.009017900
.009058500
.009202900
.009650900
.009151700
.008786300
.009141900
.009583700
.008679500
.009174400
.009181300
.010401400
.009172800
.008678200
.009275400
.009252600
.009236000
.009664000
.008879000
.009381400
.009073300
.009165700
.008773300
.009494499
.009246301
.009447300
.008851200
.008632500
.007795800
.008139800
.007781100
.008376200
.008348400
.008481800
.008197900
.008873000
.008262500
.008208200
.007614800
.007496200
.007175400
.007387400
.007142900
.008233400
.007262700
.007328600
.007471900
.007779800
.007242900
.007299300
.007468200
.007905000
.007241100
.007450500
.007396700
.007896700
.007416200
.007749200
.007985600
.007225500
.007365000
.007611300
.007662800
.007819300
.007762300
.009087200
.008060800
.008282200
.008491100
.008395600
.008273600
.008223800
.008286500
.007706700
.007937800
.009015900
.008695300
.008028200
.008141800
.008426300
.008346300
.008062700
.008644900
.008005700
.008416100
.008004300
.008021000
.008121900
.008755900
.009492300
.009112700
.009330500
.009297800
.009686300
.008541400
.008546500
.009060800
.008954000
.009039900
.009199900
.009518400
.009209800
.009563500
.009756200
.008548700
.009101900
.009151200
.009201600
.008703000
.009340600
.009766600
.009357600
.009600100
.009687900
.008227000
.008364300
.008732600
.008787200
.008402200
.009584500
.008105000
.008163700
.008584300
.008850800
.008092700
.007970300
.008648700
.008554100
.009250900
.008181900
.008389500
.008670700
.008609600
.008500200
.008631200
.008536600
.008619500
.008873400
.007671500
.007643400
.007487700
.008078000
.007677200
.007737100
.007757600
.007843200
.007348000
.007685300
.007330700
.007500900
.008821600
.008575800
.008406700
.008262100
.008150099
.008171001
.008518299
.008428000
.008603300
.008090600
.008241700
.007983700
.009576200
.008420100
.008463200
.008114800
.011032800
.007979800
.008755500
.008286600
.008070600
.007972000
.008529600
.008251600
.008340800
.008397100
.008600500
.008551800
.008674900
.008141900
.008204800
.008207000
.008665800
.008272000
.008694900
.008240400
.008033800
.008737600
.009207400
.008794900
.008588400
.008783500
.009150500
.009761800
.009359200
.009422600
.009069500
.010375900
.008747000
.009474100
.009602200
.008931900
.008430700
.008229600
.008678500
.008620900
.008701300
.008578100
.009085200
.008851500
.008347300
.008668500
.008583700
.008675500
.008992800
.008237900
.008759500
.008459800
.008791000
.008093200
.008529000
.008419300
.008649700
.008930300
.008857800
.008547600
.008752700
.008540700
.008767900
.008831100
.008329500
.008505200
.008392400
.009018200
.009071000
.008650700
.009519700
.009193700
.008171300
.008657800
.008209100
.008277600
.008711900
.007908500
.008001400
.008023400
.008501400
.008464500
.009399800
.008340000
.008143200
.008013900
.008252700
.008160300
.009094500
.008666700
.008338100
.008294800
.008334400
.008718700
.008710300
.007970800
.008192600
.008433600
.008454200
.008448500
.008295700
.008085800
.008749600
.008116200
.008446100
.008025600
.008685000
.008624700
.008345600
.008303400
.008150000
.007897400
.007971000
.008865000
.008667299
.008317701
.008040799
.008718200
.008474200
.008316700
.007825200
.007470200
.008763900
.009178500
.009139000
.008611900
.008462800
.008260900
.008370100
.008799800
.009165600
.008596100
.009052100
.008785500
.008810900
.008346500
.008326400
.008402200
.008381600
.008492100
.008737200
.009013700
.008045200
.008878100
.008605400
.008924800
.008398000
.008282400
.008792600
.008897400
.008717900
.008344900
.008790800
.009053900
.008455500
.008384600
.008647500
.009443800
.009777400
.009729200
.009724700
.009979400
.009280200
.010232300
.009363200
.009661800
.009573800
.009248900
.010270500
.009409700
.009171200
.009385800
.008816400
.008813000
.007955000
.008323700
.008349900
.008611500
.008318900
.008954400
.008139500
.008990500
.008272300
.008247100
.007984800
.008738700
.008264600
.008316800
.008318000
.008387200
.008521400
.008633800
.008386200
.008575300
.008140700
.008305900
.008550400
.008276700
.008566600
.008826300
.008381600
.008436800
.008280600
.008054600
.008568700
.008345300
.008482500
.007519900
.007491100
.007410700
.007532900
.007497000
.007688300
.007611900
.007943400
.007832400
.008102400
.007630400
.007731300
.007611700
.007711400
.007763800
.008540200
.008598300
.008604400
.008980400
.008970800
.008935700
.008376400
.008599500
.008309800
.016164300
.009240300
.008198400
.008085300
.009003100
.008673200
.008656600
.008112200
.008247500
.009511700
.008106100
.008751000
.008898200
.009488599
.009090800
.008797900
.009316000
.009357800
.009242400
.009391700
.010019200
.008942200
.009411200
.009120400
.011130500
.009385700
.009310000
.009235200
.009528200
.009598900
.009943700
.009139300
.009922000
.009378700
.009688000
.008887500
.009504400
.009760200
.009850200
.009407200
.009647700
.008661700
.008679800
.008412800
.009176600
.008317800
.008400900
.007755400
.008512200
.007913800
.008076800
.007821900
.008806500
.008466600
.008548200
.008397300
.008892700
.008599400
.008397900
.008611900
.008915800
.007493900
.007578300
.007593200
.007820500
.007462600
.007735400
.007616300
.007864500
.007778500
.007948200
.007637500
.008088300
.007530800
.007625400
.007646100
.007418100
.007336500
.011165900
.008028200
.007457300
.006840100
.007027500
.006816200
.006779700
.007758600
.007319900
.007644900
.007470700
.007594600
.007597600
.008974700
.008378800
.008869100
.008823200
.008915900
.008994300
.009594000
.009154700
.009529200
.009409900
.010272100
.009366000
.009614100
.009746400
.009056800
.009628100
.009184300
.009420500
.009988500
.010546200
.009635600
.009424600
.009659400
.009597500
.009415400
.009401300
.009406300
.009763900
.009452500
.009304300
.010051400
.009725300
.009534500
.008996400
.009837100
.009543200
.009487600
.009398200
.009583500
.009745300
.009318000
.009217400
.009487800
.009454300
.009957600
.009824700
.009327699
.009669501
.009605300
.009731500
.008390300
