.325235600
.315241499
.387539700
.388515700
.425994200
.359233101
.349865100
.355034200
.336550000
.399386400
.379530500
.405197000
.356314800
.327016700
.349477800
.362989000
.371990000
.397672200
.350084000
.328344400
.332395000
.346947800
.373823399
.365799900
.360734900
.328147700
.363647400
.334553200
.331544800
.326965900
.377024100
.422023700
.357431900
.397975500
.345777099
.414454300
.358011200
.369073900
.373182001
.373405800
.371971900
.317757000
.405557600
.341294900
.357219300
.397095200
.373863799
.320696300
.324651700
.403079900
.383632601
.358799899
.357196600
.344710200
.367409400
.343602300
.351250401
.342155900
.375730800
.364421700
.398817000
.319999500
.338947699
.381087100
.349832800
.405181800
.453204201
.424514100
.372127700
.382594100
.355379299
.387696500
.408416200
.350261700
.387956900
.349886300
.430108100
.347142400
.357963601
.397578400
.337662400
.346156800
.344711299
.372498000
.366255900
.395811800
.337628800
.399878300
.366388400
.373878400
.376283500
.329261000
.402689600
.386489500
.366897400
.406971000
.362693100
.379750100
.361987601
.350641100
.389872600
.385991100
.374776900
.341077500
.333007000
.364974100
.356253100
.393728200
.345746500
.314459100
.389334499
.353348600
.377358600
.361332600
.386654301
.390050400
.334072500
.369208600
.385636899
.390334300
.364266700
.374158400
.494585501
.295218100
.338085200
.319074300
.420860499
.379291000
.378775900
.344156600
.365719500
.353107400
.346075100
.408865400
.420324500
.384543800
.356020500
.419649001
.361926400
.375534000
.399372500
.337013899
.358331401
.348384200
.344732400
.328535700
.387238199
.360500800
.340566100
.353724300
.368864801
.350804100
.365670600
.372392900
.406311100
.529968800
.397461000
.316143100
.417151600
.340259600
.331062600
.354087500
.373786900
.364949000
.361368100
.367651900
.358103100
.358064000
.359048400
.361700700
.464729000
.358026200
.340318800
.389066200
.395977200
.352052300
.383852200
.368320100
.356558899
.325131300
.385852800
.404608900
.373975999
.368437300
.347103700
.371027600
.380435300
.375583300
.341244200
.337446600
.366243800
.334311800
.341148700
.361730400
.388413799
.438557100
.345073300
.318033600
.344619700
.361023800
.332222600
.366784800
.376589401
.383015500
.353360500
.337016200
.366765800
.345181700
.350211100
.368937500
.353916000
.376693400
.336227800
.389187900
.395911700
.376543900
.371968000
.356838300
.400110800
.364169800
.342336000
.341990000
.439759000
.404166100
.338952600
.467999000
.377650900
.397070200
.367484800
.353355600
.375793401
.332252900
.347015800
.361894600
.351892200
.349534900
.370574700
.371948000
.390265300
.328908600
.404166300
.344891900
.384211399
.408473000
.348811900
.377802000
.393523201
.391393300
.333506800
.360232100
.459428500
.371245000
.324617000
.332672500
.437753099
.369912500
.358344100
.348506700
.379138201
.319877300
.362836100
.336356900
.402242300
.388589100
.362281400
.392329100
.398282700
.329631500
.329756900
.388404300
.374198500
.378095100
.413321100
.368258900
.416091699
.428906300
.357644600
.336417700
.367815001
.407698800
.353545200
.323928100
.344754899
.353342200
.347316300
.335958800
.375813001
.393268300
.364207400
.339084400
.384208700
.422834000
.361103800
.333094200
.377272900
.349375100
.347446400
.358991000
.388075200
.433305800
.337301700
.336565200
.377797699
.363392100
.372025100
.420296500
.358145400
.336384000
.340844200
.422366400
.395269901
.389291000
.360243800
.302434900
.391913100
.328200200
.327119600
.370334100
.403688300
.408130900
.349628900
.328233700
.338261999
.452701600
.368491000
.360240900
.377124501
.399324000
.356363300
.314451000
.351146000
.361120900
.381793700
.401332900
.359758400
.342614500
.333000600
.394267600
.358812500
.376404900
.387301300
.337878900
.409335599
.362388200
.342724200
.337649600
.344621800
.390926200
.388840200
.352974000
.335778701
.331065000
.378620300
.343018200
.364358900
.386952300
.372287900
.518948100
.410741800
.353079300
.366674100
.336092200
.362287500
.346888200
.365010000
.333693800
.349274500
.359350300
.377284900
.352828000
.339668900
.358424400
.334817000
.350923300
.344328400
.371462099
.399503600
.348427800
.330540800
.360943501
.391118500
.386315500
.352444000
.402633999
.353681500
.364097700
.353988400
.399617000
.408105800
.325215300
.316199800
.347061401
.381954900
.347013900
.392263300
.356778199
.371540400
.316225400
.326132500
.335564501
.359067200
.336153400
.451022400
.332800100
.374405600
.350601300
.334136700
.344548300
.375658800
.407360700
.346728800
.382113599
.365278300
.363578500
.341882400
.352149200
.431037200
.349730000
.325988000
.336942000
.457730700
.359847499
.364841500
.347881700
.351290801
.328239700
.330227500
.337087299
.357373300
.364058800
.415292400
.341162700
.354200299
.349920800
.405730400
.342510700
.405646801
.381603100
.361445100
.324313400
.342878600
.364189400
.377930600
.384497000
.431210200
.344946400
.314472000
.352698600
.385702000
.372079399
.380960800
.360439400
.367220601
.359683400
.397869100
.329298400
.374036500
.364453900
.360441000
.367764100
.363021200
.399246500
.322020700
.368126500
.407457399
.379798300
.390511000
.333846900
.419131901
.376152800
.370623500
.397155100
.366543700
.326058000
.341588900
.338349700
.351375500
.403989800
.346377400
.385271400
.333168700
.357416600
.353734200
.393853400
.376339199
.406966900
.361055200
.327621800
.324019001
.367371800
.319382700
.364565200
.342468800
.363889100
.380053700
.352215800
.357585100
.359113199
.364052300
.384067400
.338240100
.340439101
.344989500
.409844000
.358772500
.415000299
.349638000
.324508300
.322768800
.339293600
.412803400
.358824400
.334773500
.319495000
.396785700
.344093900
.389335500
.389107600
.374121300
.333951300
.340914900
.340153101
.362316200
.368975800
.371868000
.347085400
.392499400
.355190400
.416477700
.372426900
.356906400
.383342200
.364307900
.384649100
.399715400
.319739900
.355407300
.405643100
.351873600
.340763600
.435694100
.745589899
.583789900
.457915901
.502501801
.461513200
.476921200
.473889200
.549798900
.480628301
.534600601
.485573700
.487467800
.503014500
.433544100
.453270799
.511392701
.451795100
.475149299
.551226301
.451859200
.438666000
.499161900
.519893000
.355620700
.402723799
.360374400
.379353300
.342624100
.365084200
.418560900
.351189000
.348256700
.396705501
.309922300
.379299600
.393176300
.377016901
.347064100
.360846400
.338208200
.316198800
.325513200
.381213100
.373005600
.350338900
.368614500
.402524800
.336903600
.347579100
.347356400
.356547800
.344311600
.330553400
.399877199
.368153600
.351155500
.320340900
.398431101
.358427800
.364561800
.340211000
.382426700
.375799000
.344344400
.335381300
.419049500
.395812100
.372276600
.350471100
.406251799
.346826900
.290330800
.337921500
.391997501
.376182200
.375857200
.356058100
.365820399
.384427000
.376482000
.327914500
.382390801
.356773700
.384289700
.338362800
.370718900
.372104900
.391661800
.343804300
.345703300
.338487400
.384880800
.359880700
.363001100
.373062900
.325952900
.320323399
.332391100
.395139001
.348620500
.346782000
.326224200
.392569100
.379349800
.312770500
.319140500
.363659899
.399660200
.340214400
.381724100
.402710900
.342160300
.381405200
.353768600
.346177801
.359473300
.364216100
.382718100
.411988099
.347811200
.363804900
.392351400
.377798901
.347169200
.384321800
.356415200
.360128899
.367433300
.342472900
.316184500
.427863600
.382886000
.321129300
.322002800
.376430101
.455748700
.361954000
.353032400
.397162100
.344344100
.357226300
.338310800
.391928400
.387210800
.340065400
.312331700
.316381200
.377495200
.367766100
.388377800
.340372301
.367095700
.316307600
.345199600
.337207100
.398399800
.332394000
.334923800
.368227100
.394909599
.357364000
.348132800
.339593300
.416556101
.366607000
.396885500
.384066400
.384965399
.377736800
.334521900
.372075500
.451351701
.340309800
.362321000
.328202200
.364494600
.323527600
.387470100
.414791900
.364571700
.374640200
.324171400
.324370800
.362012899
.344138600
.333959900
.383518800
.336326501
.363173900
.332355300
.343521700
.380563200
.381968400
.360848500
.376445600
.329229100
.384496400
.338297000
.356365600
.414983700
.351927200
.339136600
.348295200
.352404000
.359218200
.380280800
.398350700
.340539100
.351127700
.336039000
.333720500
.324130800
.372151399
.370727600
.343617700
.424003200
.353610100
.404863600
.335960600
.364249300
.395876401
.340136300
.338234100
.368227000
.380392799
.366809300
.338128400
.321679800
.392052901
.349521500
.392094400
.330390100
.324040399
.403071700
.316712200
.406534400
.380959801
.367925500
.401137800
.341324300
.345678700
.367426300
.388342100
.367361200
.348079000
.362304900
.320288300
.396235800
.378827900
.384164600
.339801700
.341358800
.343014500
.352321000
.319653800
.336459200
.409543100
.352339600
.380762100
.375889000
.342379000
.368432399
.369861600
.391215400
.380235300
.366182900
.374259900
.354731100
.375948700
.415408801
.348505400
.322277300
.332296000
.380318199
.360145200
.392807600
.393684500
.351057200
.339412600
.328792100
.332049600
.362161400
.351956000
.334447400
.391922000
.332201001
.352858500
.354105300
.340212000
.375309400
.412258300
.355872399
.376253800
.355504501
.410889699
.350322600
.359872800
.407858499
.367359400
.336217000
.316508600
.401762501
.411334201
.368276700
.352219000
.356254000
.410676900
.344287700
.410662100
.334762099
.396066300
.395698400
.338986000
.324213201
.352972000
.385024800
.362838400
.376824100
.356351499
.352100400
.318448800
.332371500
.412590100
.354017200
.347490600
.324008000
.382961599
.344031700
.342779300
.336239800
.354772401
.376826300
.374637100
.327970300
.408189100
.367251100
.393401100
.360551700
.387183800
.330256600
.371943200
.328162000
.425672299
.341503000
.331862000
.375597900
.495463101
.368107400
.331567400
.353456000
.376272899
.340225900
.371137500
.420400500
.330494101
.359231600
.346853600
.395676700
.374997799
.368399800
.340826800
.350654400
.324310901
.370357800
.332411200
.346814800
.316243399
.403108101
.388188600
.329326000
.329218300
.344529100
.385523700
.357750400
.368029100
.378607700
.368795600
.371028500
.405892600
.379087499
.350295200
.351867500
.400429300
.400636401
.338195800
.336501600
.346073100
.406774000
.409005700
.382430500
.348448000
.387759700
.336076700
.434747100
.412160800
.366607700
.328235800
.332562600
.396839300
.375777500
.380018600
.407334900
.320670600
.414820600
.351815800
.354761000
.368099401
.411003800
.328314900
.330685500
.326838200
.353668800
.339883700
.346362900
.344044300
.370619100
.340256900
.383251800
.326383600
.420929599
.343458700
.355958600
.370686200
.395560401
.364126600
.362465500
.318804900
.357704400
.427007000
.348105400
.385033200
.364152600
.384579600
.334811800
.505772000
.384740200
.347573900
.359935900
.352663500
.429291200
.418426500
.360914800
.363459199
.376893801
.366870000
.336490800
.326194100
.375382200
.335728500
.340254100
.378290300
.379863500
.379811500
.341120500
.384576599
.374874201
.351366700
.367998800
.358739900
