2.079360601
1.488661200
1.539138499
1.258001000
1.555268701
1.266766800
1.292160200
1.129285600
1.197911999
1.303881801
1.218591800
1.147224100
1.405363099
1.137080700
1.292948601
1.174105399
1.168328701
1.141699699
1.550020201
2.138482100
1.192991700
1.177443600
1.125001900
1.473781600
1.421781300
1.607678299
.929749601
1.180314400
1.314555300
1.284477900
1.128200700
1.103557200
1.152489700
1.541807000
1.603907700
.899195600
1.361490199
1.433162101
1.192731200
1.185214499
1.298218301
1.175510900
1.110709899
1.105365700
1.366485301
.970479200
1.328017000
1.224274000
1.052985499
1.286908900
.818440600
1.128311701
1.048633600
1.043303100
1.432162000
.903813400
1.114873100
1.130995900
1.161809200
1.198721300
1.080151700
.976314399
1.063579000
.963850901
.939415900
1.207509100
.838146199
.904163800
.984352100
.947305301
1.075906300
1.055001800
.933410700
.994418700
.970476900
1.145663600
.915378700
.993528800
1.033038800
.936310800
.946401900
.959661300
1.025485000
.971578200
.982491900
1.159907699
.877882300
1.003680701
.854770000
.969461299
.959787001
.908692800
.987382300
.842889700
1.185365300
1.324318000
1.076258899
1.231330201
1.117227500
1.074147500
.888850800
1.019280500
.923920400
.980247600
.987877000
1.197053600
.911751900
1.221058000
1.084062700
.972647500
.916733700
1.174399800
.675756799
1.046952400
.999900501
1.221229500
.950822100
1.259795400
1.069530799
.987166501
.977188599
.999062200
.952535301
.981596500
.928625699
.930062500
.964442800
1.191566401
.862739200
.946776800
.930894699
.925224901
.986487200
.946548000
.823872600
1.036472700
.865520100
1.270112000
.771235600
1.109617399
1.099327300
.927219600
.982804001
.926014100
1.039954000
.936913600
.920600900
.966944900
.950047100
1.158141800
.826130500
.948603200
.887998999
1.135646701
.987554500
1.010002299
.788966000
.992381800
.827847800
.930161500
1.158791100
.769565400
1.042404000
1.401545500
1.107229900
1.207760300
.931726399
.956160301
.959597100
.845612400
1.034940500
1.024617999
.783765100
.841471400
1.120030101
1.266336200
.957542599
1.129467600
1.104740201
1.040390899
.954373501
1.072353700
1.220141699
.757203601
.971278100
.986017499
.943550901
.925664900
1.038282300
1.022018100
.947213000
1.182808999
.937345401
1.145029600
.741869800
1.031307900
.786485400
1.237030499
1.072047401
1.020052299
.865137301
1.309727300
.987945300
1.098521600
.892981799
1.319676400
.878845100
1.154377901
1.085842100
.886773299
1.184004501
1.009781400
.837117300
1.034623300
.796326000
.913191100
1.152722200
.719140800
1.409456200
.926633100
1.019479900
1.055032899
.896999201
1.050810599
.956117201
.905693500
.925379500
1.235267500
.962212499
1.114741301
1.054606999
1.010588700
.918271501
1.155236000
.876750499
1.012035001
.912693000
1.000446300
.974243600
1.130406801
.926818099
1.158844200
.941636700
1.041599700
.932588000
1.035898200
.938865100
.835930200
.995581800
.980101700
.935398900
1.214015000
.876110700
1.248504700
1.145349000
.995159700
.943743600
1.002214799
1.151045800
.992931501
1.006555700
.917417200
.984094999
1.261456101
.889919900
.880354800
.951981600
.934486100
.976387299
.899157201
.944895000
.922926800
.957887400
.976381500
1.229715400
.935067200
.846535700
1.217713299
.923155901
.740011500
1.133485900
.956490500
.994833600
1.005717600
.996077400
.935267199
.948987900
1.065859401
.872600600
.944548400
1.126591399
.815154101
1.057393300
.908728700
.875217000
1.093307700
1.079785899
.979178900
1.094884101
1.413923400
1.852478700
1.205484199
1.789269401
1.489029400
1.361054400
1.036258499
1.008787102
.871248200
.961201800
.970812200
.987447200
1.001417400
.939569000
1.014939400
.960454000
.897635400
1.237294100
.790787600
1.069582500
.806781400
1.201819899
1.121827501
1.096409500
.945747299
1.019137501
1.009028400
1.188552600
.973005800
1.080266600
1.030803199
1.130561401
1.034908500
.997431201
1.174264400
.966934800
1.065020199
.990812200
1.152614501
1.048458200
1.046711300
1.068690500
.936364499
1.057451001
1.058704600
1.169097699
.848021001
1.387691400
1.319993500
1.279556400
1.051339700
1.055031300
1.064820800
1.091716999
.977375101
1.107217999
.899267500
1.039838800
1.200046901
.766985401
1.013882598
.947533301
.923946400
1.022469399
1.104194500
.843817000
.980196000
1.056705500
1.091734302
.963331600
1.051435599
.945074901
1.280992899
.796758600
1.186465199
1.110033900
.937831201
1.059265500
1.180714599
.765864600
.989415999
1.007457201
.949076399
.970363401
1.086528700
.942699800
1.249214100
.796617800
.926577500
.992621400
.896433600
.935804300
1.034450399
.709132301
1.002171100
.725291500
1.011251900
.906186199
1.027043301
.969474900
1.093388099
.984137201
.997872301
1.102113900
.971987600
.954377900
1.061236400
.788884099
1.033333600
.933430300
1.480606201
.993387599
1.017335801
.820457000
1.132078900
.702953400
.973768299
.987278901
.891874700
.989166100
.823346900
1.203407200
.982259300
1.078596600
1.050239000
.884714599
.998687201
1.018821300
.936923899
1.216466101
.720324199
1.311594301
1.156396200
1.001089400
.864969300
1.127443700
1.059515800
1.007577600
1.179275900
1.193390500
1.255829299
.976603001
1.009298800
1.076041899
.903679200
1.069316501
.994622900
.765164699
1.108624400
1.104504401
1.100868599
1.048051600
1.070969201
.886089600
1.127429200
.952473600
.940594000
1.176984800
.732426199
1.077025401
.964117000
.899904600
1.085339899
.967979100
.999095700
1.146141501
1.050077300
.947799600
1.121863900
1.047047800
.985651700
1.613921100
1.208873800
1.062507100
1.052439100
1.054309700
1.135701800
.964903400
.981274699
1.089732200
.929839700
.891589999
1.170354001
1.035069800
1.052548200
.995441800
1.074248600
.915528900
.881775400
1.264000200
.936401500
1.228697800
1.118285300
1.142963000
1.155024699
1.293026400
1.201983799
1.149998201
1.009510599
.926252300
1.062298000
.976968401
.898705000
1.310307699
.901964401
1.147849500
1.078564900
1.137011899
1.079883001
1.138058300
1.207107400
1.114454900
1.014976900
.846235900
1.225203699
1.030921201
1.055694800
1.121762300
1.305359199
1.175938901
1.163444999
1.105588299
1.063223400
.947377201
1.138403700
.758027300
.950698400
1.050258600
1.420939901
1.188932300
1.094034299
1.322921900
.882503800
.930764701
.743796600
1.588682500
1.311180700
1.038818099
.753814000
1.045360601
1.045776899
.928844600
1.231853201
1.370030399
.980854000
1.108530601
1.287705900
1.148389300
.932110300
1.228486599
1.183414400
1.290688701
1.191762200
1.062202800
1.073160699
.959396300
1.019165900
.993013900
1.020877100
.988350100
.922344700
.898568300
.905596801
1.101946499
.887804000
1.096483801
.698357500
.800042400
1.140556499
1.116506501
1.469082499
1.020688200
1.047699801
1.769787299
1.814367901
1.197716299
1.123307800
1.275174101
1.068038200
1.272197900
.913390199
1.110620800
.950368601
1.067047899
1.245541001
1.257904400
1.065456000
1.093154800
.898377700
1.027364299
1.038595501
1.148194000
.928482000
1.248379499
1.290821901
1.066317600
1.011152101
.943255400
1.088708600
.974041200
.910776700
.941167399
.860832301
.953925499
.957534301
1.134193500
1.111298900
1.352231800
.968094399
.916353901
.997512000
.864498000
1.542694300
1.068495899
1.059553601
1.172161500
.885771200
1.000906900
.983833300
1.024830200
1.277080799
1.232871200
1.414334199
1.096758600
1.030473500
.873690800
1.040174500
1.034373599
.925172300
1.000261201
1.385616700
1.208716700
.963159999
1.191792900
.697238000
1.131049599
.929077501
1.369945300
1.113233200
.912979899
1.030913600
.966765500
.920443001
1.056530000
1.226520100
1.187669099
1.081758401
1.190263300
.848208700
1.309724600
.778613600
1.013722200
1.107479200
.893711000
.986741400
.980667700
.883088400
.999511999
1.312557301
1.154615800
1.053227500
1.146392300
.839102600
1.380938500
1.101227900
1.195254000
.954507900
1.048653600
1.018639600
.839216400
1.084478000
.888830100
1.358917000
1.113610201
.909393600
1.241039400
1.330996300
1.256159499
1.044802801
1.317694899
.897480401
.989607000
1.058313400
.878456999
1.056573800
1.052770800
1.135346701
1.161472600
.955711200
1.306472000
1.373875699
1.324080801
.847214899
1.122429200
1.023650301
1.000915400
.917188900
.874169499
1.081236701
.905614000
1.257980900
1.111180400
.947053900
1.238029000
1.187280700
1.433797500
.798088099
1.056378501
1.031731800
.996084600
.955688700
.858428500
1.040895600
.889572800
.945938800
.913591300
.947476300
1.295953299
.854035901
1.362083599
1.184804201
1.171408900
.739491300
1.085193300
.891080601
.889305699
1.048666000
.824693300
1.555469399
1.052282001
1.048437100
1.261785000
.797942199
1.080297401
.913918300
1.192546999
1.082223800
.976171801
1.052590900
1.036812100
.999943700
.901404200
.919516700
.958040500
.928635200
.943016500
1.336963600
1.015823700
1.435469100
1.131194200
.761993100
1.178581000
1.016394700
1.099298599
1.029123301
.919680600
1.033818999
1.013337301
.931174500
.935693100
.924025900
1.214039799
1.321628000
1.191792000
.859892000
1.291448400
1.280166900
.981668500
1.103920300
.858378800
1.022278399
.994955600
.873453601
.980769600
1.084943700
.834996900
1.169598400
.768977100
.794445600
1.617528500
1.084333601
.997630900
.916101300
.990747300
.896040300
1.026266399
.992255100
.848815301
1.233403500
.949683899
1.418671400
.980068000
.815192201
1.215520800
1.096202000
.999552299
.875702201
.995552200
.888538701
1.151597599
.821941801
.958648501
1.096733100
1.126536400
1.241503599
.902107200
1.120004200
1.072092900
1.039795900
.943560100
1.053049499
1.042827801
1.041908900
1.010494999
1.037378800
.986859500
1.050040300
1.102869100
1.302569399
.898445400
1.513099099
.822822900
.976396701
.996593999
.989696500
.975577601
1.043184300
1.241994800
1.160992400
1.169630200
.856741400
.935239800
.946639900
1.137459300
1.529243700
.912985100
1.091522500
.901714400
1.001122999
1.054094800
.944671101
.962733299
.896088300
1.005539301
1.057098200
.964254400
1.047861800
1.195557600
2.234289299
1.135717001
1.150340699
1.137723901
1.036241500
1.040398500
.841160299
.873860400
.974992401
.968413999
.844614301
1.038916300
1.004161099
1.063926301
1.813378500
.772130099
.976281300
1.037112800
.986138400
.958063600
1.094142401
.920881999
.919981700
.958731401
1.064820600
1.252099099
1.113525000
1.026555600
1.825693200
1.011817401
1.003820399
1.122608900
1.003987701
.751684400
.954729400
.912087200
.873155999
.993088200
1.077144101
.863227199
1.094173500
.963177301
1.273880499
.815421601
1.136185600
1.035517700
1.026638000
.939741900
.952492099
.967475600
.964710200
.813589601
.919286200
1.036446000
.986948500
1.028362000
1.208391001
.966432400
1.140175899
.995246601
1.008473000
.978508600
.956777599
.957704401
1.001970900
.903083299
.983151300
.934438501
.921503500
1.190195500
1.611252702
.806445200
.955799600
.771528802
1.042769799
1.143684100
.737459400
.835946300
1.055458299
.959132700
1.012755001
.921313500
.933895800
1.554616400
.831881700
1.015531800
.940163400
1.057723300
1.010378500
.971126800
1.001009799
.874213201
1.017948400
.969702999
1.018232601
.910298500
.910108200
1.022152299
1.423463101
.762790600
1.037948800
.986695099
1.024689800
.982106300
1.036336201
1.005840000
.902807500
1.009744700
1.014298800
1.037482299
1.006647300
.870705200
1.282015801
.958002300
.947109099
1.165746902
1.350717799
1.178848700
1.044895900
1.093774399
.928806800
.898553901
1.041140300
.935528800
.922030099
.849749200
1.349861900
.903385700
1.441171300
1.237464800
1.011725601
1.044718900
1.068642900
1.034236900
.912025700
.952512700
1.007509800
1.037859000
.996240899
.907129401
1.115427300
.836285999
.976471701
.973732500
.889450099
1.084646501
1.003548500
1.018879000
.992390600
.843946500
.999366800
1.047835400
.951553600
