.395429299
.411896800
.395192100
.355460000
.451215001
.379136400
.388618700
.367674900
.489579700
.320694100
.343314100
.411688400
.403514300
.387847400
.406142300
.460161700
.407231100
.346560300
.560274000
.414285200
.424980200
.355388100
.407809600
.326774800
.483707900
.367586300
.418566400
.430654000
.443812099
.367801000
.566364100
.386090500
.448986601
.375905200
.356191700
.354621300
.524638800
.375666000
.369839500
.415033900
.405031899
.354586000
.359116600
.372012000
.431302401
.330886500
.408120500
.374776700
.421719000
.402955300
.370294500
.470614200
.463753500
.349969600
.366585000
.386354800
.430057400
.341223700
.439980200
.385575000
.453214300
.411257200
.431309899
.354767000
.518037602
.379653501
.420735200
.404166300
.456083900
.376818700
.344895900
.449700099
.409908100
.442604801
.478010100
.427560200
.483274400
.379132900
.388040000
.400513800
.477188500
.384169300
.383220400
.401159800
.417710300
.404838500
.359605900
.422154900
.479440500
.399007600
.356632000
.390403400
.399409500
.382365900
.358327900
.394766900
.391879000
.351820800
.399311400
.446867300
.406717200
.379981100
.466815000
.372701800
.446280300
.347980100
.424259500
.361981900
.439886600
.360354401
.388886200
.346688800
.390625600
.347703900
.398931300
.528133400
.410199300
.348801600
.416556600
.387950400
.424538000
.427681800
.367420800
.356540700
.415557200
.370056600
.367695800
.422587800
.472235200
.358115500
.369815800
.338481000
.423633100
.379670800
.359989100
.434244000
.440477800
.347368200
.366146900
.478200800
.415618300
.404295000
.312044200
.423694300
.458413900
.403242700
.333919800
.392753999
.439759800
.415330300
.341275100
.437372001
.388012800
.410146900
.424986400
.394300900
.443767600
.423709800
.371563500
.363497500
.394257700
.355303800
.417587999
.349574700
.384430900
.418855001
.434148700
.348510200
.396606300
.315041900
.398863000
.381153599
.381864200
.364299501
.339238400
.339756700
.382308300
.390848300
.372925600
.410803200
.436115600
.422782399
.452196000
.432079300
.389714301
.348762199
.439119200
.391053100
.419665500
.330598400
.371331200
.395465500
.451854300
.365951400
.381630600
.355964900
.406887100
.395590000
.406445000
.336157900
.412543799
.359327900
.367589700
.365442800
.439874501
.414878600
.360129200
.363759400
.447232700
.360366100
.355067900
.392211599
.382844600
.323670800
.356406901
.357782300
.389513200
.445729600
.418712300
.351440100
.427318500
.324117100
.404170700
.410419000
.404084700
.360283900
.358399700
.447045900
.380790300
.383825100
.406106100
.398870000
.404445000
.347133000
.376472500
.370070000
.380229400
.369697600
.388834100
.395792200
.370170900
.340933200
.409035099
.434616900
.418183700
.389768400
.399975401
.408293100
.403345900
.364158300
.394182100
.361193100
.488557200
.384047600
.401185100
.395355400
.450674201
.390221900
.397033800
.408124800
.387011400
.360038400
.367154000
.436094700
.487497300
.371300200
.438222700
.408145100
.442317200
.380052100
.376032500
.357883301
.393083900
.355724500
.370688200
.341344299
.429124700
.353335400
.334098100
.335771601
.413043700
.389801000
.403383000
.372182000
.394918400
.403564900
.392503400
.369134299
.423789000
.380565600
.347250300
.410929001
.397509700
.380675000
.387945200
.447801000
.463096300
.357510100
.446933800
.396387200
.421703500
.365284600
.397605401
.373405000
.385670499
.362642000
.387328600
.406847900
.496325600
.402400499
.400525300
.330578200
.427473600
.347376600
.347265800
.418740800
.379704000
.380816100
.391654600
.514491300
.584412599
.453079200
.428248800
.422439101
.555346700
.475661800
.437768400
.595651000
.448510600
.378849400
.435233700
.380039400
.394930700
.359829399
.386971800
.368064600
.355245600
.382663901
.352730500
.335016600
.387688700
.348130500
.347547300
.358956100
.445633900
.516300699
.397401000
.365313900
.404194300
.409852900
.373601400
.347341900
.393841400
.404410501
.326258700
.350838400
.398355200
.429705000
.406957000
.356130400
.403344400
.363965900
.371674200
.359974700
.389356600
.404560900
.355096200
.427349300
.452318100
.360672100
.363603100
.422287100
.404345500
.348015700
.385594000
.390490200
.408261500
.358658000
.369999700
.435593500
.441582400
.375763500
.363482200
.462809600
.450350600
.348382900
.394883400
.388640800
.403831000
.371027200
.302661500
.372363199
.387701000
.375489900
.338155500
.388584300
.440014400
.408178500
.445286500
.412216200
.390832500
.351953400
.403487301
.378304500
.427661000
.328955700
.347075700
.355581700
.407430300
.398248000
.387372400
.378729000
.428659100
.358673000
.384250300
.375064200
.380240200
.318808900
.370217200
.369092900
.407830900
.342653300
.439182800
.398732300
.395601600
.371860999
.403575800
.368336200
.385891400
.425262300
.395616500
.369904200
.368524700
.412177600
.375915500
.366138600
.440656700
.413029801
.364807700
.371925700
.394778001
.384023699
.378726500
.347286800
.380498001
.374705900
.368588400
.343476000
.458876199
.441447000
.380667400
.340418000
.423873501
.352038400
.371706700
.351868200
.391090000
.367775200
.340387199
.336817801
.450667800
.437683600
.404464199
.415284100
.449589000
.356245200
.359990800
.382733901
.417959100
.351947400
.559357100
.384382099
.492251100
.370075700
.415835601
.387323300
.379739800
.335843000
.351192300
.404274300
.387202300
.386271200
.324919399
.347614200
.375350900
.379912000
.383178801
.414604700
.431381500
.386774700
.402814500
.409090500
.383414600
.310384800
.385294999
.391107900
.384340200
.334068000
.360749901
.382822800
.463816700
.453569100
.391181700
.352053300
.406308500
.344394800
.400648700
.347641800
.377143600
.393513500
.344523800
.305505600
.381120000
.358764199
.379452600
.404621800
.425962701
.359558299
.386670100
.356266500
.439098700
.351739401
.391983900
.431071900
.371606900
.398161600
.427189300
.380110100
.500710400
.385011200
.396141700
.419711000
.435806500
.355770800
.374116800
.383944600
.467155800
.384311400
.344468500
.390232500
.479928000
.395840300
.429904800
.401126400
.422810600
.350790100
.400114400
.356502300
.471355300
.333472900
.385838100
.386754100
.445034700
.429930100
.388282399
.398512100
.388062400
.402977902
.362698999
.352297200
.383310900
.302377900
.333103501
.372956800
.386898400
.342425300
.415206500
.400201500
.459946300
.421970799
.419044600
.356952700
.386795399
.347962701
.407014200
.335900200
.382355600
.432215400
.396691900
.381754700
.376368800
.406845199
.362198900
.367183100
.386026100
.421287201
.341445599
.334485700
.354109200
.406001701
.426473200
.396838000
.417724700
.375671400
.379131900
.382755500
.479286399
.377211800
.387236800
.337308300
.427733101
.339834800
.345281500
.418778900
.463632799
.412610100
.389930000
.338089901
.437450000
.355462900
.323995700
.381435800
.430237500
.281253699
.371859600
.331965700
.387168601
.439627700
.392066100
.391314300
.417425299
.411898800
.354102900
.403856800
.423571000
.353009800
.439115000
.386833200
.388152000
.418654600
.412903800
.408898299
.420661000
.394613200
.370582899
.377710600
.385297000
.454059500
.362341200
.415553700
.421065100
.285058100
.376388601
.350854800
.419256700
.408904901
.416530200
.399943300
.381497300
.449915000
.389612100
.382046200
.404149400
.375456299
.403537400
.408274500
.384598800
.372984101
.394643700
.374368200
.401236100
.385339000
.346939000
.338070800
.359952900
.378495600
.364704400
.349349500
.468174400
.431979500
.351777500
.399618200
.448989399
.356466000
.384124300
.371071200
.391862701
.420965300
.350494200
.367085400
.427273600
.411154900
.354929400
.369374100
.438687399
.351511300
.403735700
.352119500
.366673800
.357054100
.350398900
.334076001
.422390500
.398094000
.409268000
.352333700
.439493500
.304620900
.398531300
.415987200
.405769000
.398542300
.390342600
.471158600
.376410300
.341077700
.436238700
.424604900
.390398100
.398797300
.407910899
.370666300
.364737100
.343899400
.415431500
.343734400
.352079100
.383474200
.418521201
.397819200
.596624700
.376220399
.406090200
.345684000
.440922800
.376327301
.372710400
.402618300
.381819000
.348440299
.368947800
.345507900
.417396700
.413518800
.362759900
.362955300
.380115900
.369188301
.368365300
.381669200
.365309500
.406344900
.331188100
.366135000
.406571100
.422849900
.385976400
.378466000
.374896900
.367799700
.369099200
.354073700
.384502599
.385205900
.378137900
.353763300
.421549201
.362585500
.354422700
.407860700
.473076100
.415048200
.361064500
.388518400
.435404700
.359461400
.364349500
.366796599
.471561601
.375680900
.405364600
.420812399
.466807700
.395169400
.368796300
.384946901
.399287800
.389587900
.340278600
.377701000
.409494500
.334290400
.405917700
.468504600
.432984300
.446602700
.421795200
.359895500
.382982000
.408538700
.364901900
.425200300
.426893800
.320564401
.370416200
.335995600
.385768500
.426476600
.422282100
.378687700
.410948200
.384149700
.412979400
.362466500
.411610100
.370846199
.372968900
.423476800
.414817401
.379181200
.375166800
.404354000
.390384700
.403312500
.386360900
.372563800
.428532300
.367666900
.365737800
.379756200
.382601899
.397814700
.369499000
.393184800
.494185300
.357603600
.382717400
.400155701
.387260500
.387162300
.459548800
.402894600
.385077800
.410539800
.346249300
.391542900
.446290400
.397792700
.366848900
.379103700
.464784200
.351405800
.386602700
.402507600
.364400500
.387966600
.400783200
.395526200
.434682900
.389103400
.441621300
.358000800
.415377500
.358124299
.374506501
.412578500
.390329700
.333798200
.354553300
.382313301
.378465199
.349809099
.401150700
.429727500
.429949900
.400181800
.511928500
.346797700
.393581300
.388870600
.390330900
.378029900
.384799100
.553873300
.374895100
.419689100
.435298800
.344828300
.358428100
.357485400
.447137300
.439348400
.346139700
.364325600
.401915600
.343905000
.555756700
.435879000
.429406800
.378931599
.402820402
.370024600
.388492100
.395829900
.375972600
.407661200
.445095800
.346699700
.385796000
.422083200
.402939800
.363676100
.431077100
.401368900
.410785400
.367775200
.358783000
.394805000
.400506399
.348650701
.373480600
.423394400
.440542400
.431909599
.360957900
.364199500
.436521500
.368617501
.350243700
.414515000
.362653100
.334457499
.331000600
.390162000
.361676402
.380638899
.389545200
.440317701
.397552801
.377449200
.393548200
.360482000
.410091300
.356254800
.386243599
.428036200
.379040101
.370707400
.414337600
.438131300
.413887399
.400580800
.383801700
.394688600
.415970701
.378412600
.372249000
.325798800
.374955000
.341095400
.369886900
.384673600
.394567699
.373630900
.375620500
.394779901
.411913500
.366086500
.392978900
.440941199
.474657100
.414105100
.385869500
.363334801
.436558800
.424339700
.354408100
.383030600
.394047900
.311448000
.371871999
.420694501
.400202500
.351167000
.344265400
.361897300
.406110300
.368625000
.369754400
.386440000
.432319300
.394874100
.422197300
.376120000
.402991299
.351890401
.367109700
.379738700
.379118700
.398431299
.444660700
.395064000
.463070800
.344261601
.395977900
.413590300
.423860500
.466802300
.363451400
.324048700
