.314415199
.315691300
.328481000
.298041400
.272592200
.288261301
.336332500
.354558600
.328253600
.326232600
.360195900
.318139300
.310565100
.292952500
.258130100
.357144700
.388099900
.302422600
.270470300
.290912100
.320144500
.318055800
.318004500
.280185300
.370327699
.316980600
.306356700
.305366100
.338922501
.316890100
.324079700
.313736900
.302647500
.324689299
.304072600
.294748200
.300023300
.303978401
.324513498
.331241900
.274269700
.357863600
.273011401
.330850300
.306491300
.307735600
.320710800
.348265700
.323449400
.315292800
.250116900
.264176600
.320882599
.322654700
.290196000
.270350700
.260250400
.292385701
.307976900
.296141300
.292795100
.343716500
.322219199
.296281900
.311438800
.293810600
.299733200
.321166901
.375710500
.304993800
.330499300
.297840100
.345359800
.315103400
.291418300
.285673200
.344906700
.324087100
.275708000
.289480700
.305043200
.417224100
.330779500
.281053500
.287092799
.258483401
.336744800
.331485500
.319203000
.308086500
.365089999
.280419800
.293386900
.330696100
.279686200
.357463501
.291787300
.295519300
.280123600
.291863600
.331223300
.315012800
.319969900
.305311100
.285147200
.320177200
.330060700
.311335100
.291805700
.338945800
.311945100
.321357700
.269428500
.284226200
.305271699
.324564900
.325129800
.285844701
.251935600
.331292799
.324417400
.269307300
.258523300
.271506100
.340074001
.279365200
.308195700
.299435500
.279339800
.326066500
.301933300
.282612100
.257638600
.283358100
.321151100
.307849100
.316644900
.301559699
.287769501
.313638500
.297622900
.317880900
.286838600
.306606301
.317166299
.312848900
.285612400
.337223500
.266710400
.300294000
.314333800
.253557000
.410252900
.334152200
.304118500
.314968100
.335072299
.280133000
.306938498
.331868201
.311431100
.278981300
.305133401
.320594200
.319471400
.293053200
.271631600
.267163400
.302826201
.354826600
.299899000
.287986300
.287667899
.317638700
.265649900
.323042700
.310861302
.307140699
.307685100
.298320599
.260341200
.270956600
.271167400
.323973301
.264730400
.307047900
.325294000
.307475799
.312691400
.309590000
.262527800
.298142900
.322146201
.330844900
.317206500
.304153000
.275997300
.287499300
.310136700
.307513000
.272950200
.261081300
.319886200
.333955000
.287978400
.268408600
.267042600
.291884000
.306791300
.260301200
.325506500
.318708100
.282705400
.303126000
.303524700
.295193400
.260987300
.295776700
.300507900
.326118100
.287823900
.265463200
.326580700
.298790400
.340499300
.274022500
.261801200
.313463400
.310153700
.308433900
.279218200
.275977300
.306453600
.297813600
.273827200
.255860600
.322122300
.320754400
.316878300
.330147700
.257043500
.262416500
.319939299
.256765900
.265464900
.299257200
.249367500
.308408200
.314782600
.270619900
.256893900
.265905200
.277657402
.273594000
.259976600
.307510800
.259551900
.252729000
.290760699
.312036100
.300563400
.315503400
.269863000
.301720501
.297533700
.277249100
.278590400
.301723900
.348018600
.315982300
.344770300
.265566700
.276416600
.304930600
.308294400
.288508500
.262757400
.262452600
.329198300
.307921300
.267369400
.252037700
.302844200
.323622000
.335370800
.254569200
.304656100
.286254800
.313682300
.343316500
.335094800
.272932700
.253706501
.311180399
.312236700
.265639200
.268628500
.263954800
.312633500
.297161000
.303102700
.300991000
.261708900
.341115200
.319300800
.304052900
.304076500
.261359000
.294621900
.300145800
.269853300
.266439000
.264097000
.335291400
.303727200
.284192100
.318715200
.287277100
.304123600
.306883400
.317284700
.277231900
.306968501
.399494300
.287927900
.284057000
.300662500
.269847600
.309416100
.298940000
.289135900
.264224500
.259009701
.307657300
.337160600
.282340400
.266361800
.294473299
.341343100
.321418800
.295180000
.303387400
.327628601
.284785900
.324202700
.295083500
.301551300
.277281900
.290388600
.313358700
.302921300
.295141800
.306888400
.301216100
.320852900
.271648200
.253062200
.340980300
.273231700
.265619200
.301488100
.275097400
.326249200
.312146600
.304402600
.258961400
.304938100
.337058299
.291718200
.284098200
.292486500
.275856000
.312256601
.317893500
.260591500
.290282300
.287483299
.298779800
.434107000
.265815700
.304927900
.271093301
.290050800
.326840800
.284825300
.303448000
.296528900
.281291600
.334098300
.326010800
.282612400
.257037200
.304460100
.297602800
.285876600
.264212200
.301736500
.281201600
.350647200
.290061400
.303045100
.308319800
.309324000
.328146300
.304389900
.319974700
.261748900
.301067600
.291252100
.281444400
.236323700
.264224200
.311297900
.294477800
.296493300
.265547300
.269829200
.305812601
.309388600
.250893300
.262530400
.325416199
.341999201
.320605500
.310237400
.275375100
.280072100
.302261300
.313085200
.288624500
.264035899
.273778601
.326823499
.274594800
.284770700
.284178600
.271529701
.289128101
.352297900
.365961100
.302140900
.322835300
.305099200
.265861600
.347910400
.267284500
.296227800
.312983300
.362886900
.285376400
.297457600
.308378100
.322505600
.280511700
.259561500
.261174800
.367341899
.266519300
.276617300
.299462400
.278257300
.287341201
.293465300
.315521399
.311833000
.252905800
.260218101
.305842600
.317806099
.306248300
.252313900
.254279001
.313320600
.322969400
.265650500
.265627500
.315942300
.320246900
.293323500
.260340700
.304128599
.339424801
.274139200
.273851200
.314751600
.320415000
.310797200
.305851200
.300403700
.306489300
.331164400
.287356100
.312286200
.271539200
.282279600
.280438000
.309771300
.312152100
.266022000
.262448900
.298580200
.315756900
.309792100
.355477500
.251486900
.264178300
.339621199
.322398600
.271938500
.274309500
.264783700
.335296100
.315613200
.271727700
.270433200
.298643800
.319044601
.259737300
.309275300
.304874000
.308575400
.266745800
.315201600
.327594800
.280563800
.260942400
.316871000
.311886800
.268063600
.288562600
.266870800
.326449000
.275843900
.258434600
.294857800
.277207000
.297046200
.322492300
.311971300
.300968300
.301027100
.327298599
.311870200
.310377500
.388578400
.260418401
.274424400
.301848200
.253304600
.301175000
.265572500
.298201100
.328181700
.326845300
.281010100
.256961699
.307864701
.317809200
.303202000
.279522800
.271283201
.306882700
.295881600
.259843100
.265891000
.259936000
.326724600
.298750700
.308683700
.275801000
.263710800
.297937000
.307023000
.312103200
.296355800
.263692900
.328659500
.355227300
.314397400
.268816800
.248900000
.258254600
.298225000
.266740100
.249859300
.311559800
.308732400
.307766100
.259853400
.257885700
.281719000
.289263800
.307580400
.318033300
.283202500
.258894300
.252414200
.286324400
.327683400
.280937200
.242795900
.268027900
.323146900
.335934500
.307168500
.274009300
.264089501
.322030599
.318237900
.238190100
.291143300
.307339201
.294137100
.288834400
.270814700
.287762600
.266338701
.320524899
.312170000
.284924500
.283122800
.269698499
.310046100
.301621301
.273978200
.272352100
.313620699
.358666801
.291922500
.278612000
.295771100
.258478700
.323385400
.320318300
.263879100
.296163300
.265904300
.306301400
.277631300
.254214100
.287223300
.278580400
.288599300
.349081700
.326494400
.279181800
.278023100
.311590499
.309056100
.255361300
.336902401
.292453899
.325065200
.275987100
.277960500
.276478900
.289574899
.313247802
.327770400
.303800899
.311215200
.272004299
.316742601
.340254100
.305586800
.267305800
.350316700
.304683700
.298325200
.252432800
.303287600
.356836600
.398123600
.379380800
.477889600
.465904199
.387448400
.289975100
.378568200
.393405101
.388347000
.274905000
.406110700
.387062400
.372993600
.349664799
.288887700
.340738201
.278071400
.298610300
.336342500
.309665299
.321738901
.320295800
.296373100
.304156900
.265503900
.309267200
.328117500
.260439600
.303020900
.309894501
.337256800
.249743900
.265050200
.270489000
.324785501
.332984400
.309114400
.263104800
.307823300
.268338500
.316380200
.434128500
.311533000
.265703000
.337826000
.283761300
.333116900
.308616400
.267390500
.323365299
.335989400
.278705700
.302986600
.339948002
.320042300
.304084900
.266463400
.306007300
.324216900
.332965900
.262281400
.290724300
.282388400
.259115800
.293231700
.298107000
.295471200
.275521300
.279984300
.315500899
.271387500
.255530400
.300002200
.275400400
.309118201
.285623300
.313236100
.292466600
.256229800
.331229799
.331531001
.313049200
.296225500
.307884999
.304633400
.299415500
.313654900
.276065101
.344533699
.258686600
.326588300
.272906000
.263742399
.260959401
.331084000
.256180000
.344735400
.304483100
.308494999
.304171400
.294403500
.308592900
.317627300
.444592601
.315342800
.311993300
.237318200
.259570200
.328580900
.320048700
.288132100
.269234000
.265964100
.325375599
.318834300
.300202100
.260944400
.345312902
.339117499
.295867500
.265984700
.325553000
.360897900
.308183000
.319320700
.282944600
.253677600
.284644600
.310446300
.302000000
.276075500
.263860600
.281829999
.310696900
.274449800
.299519200
.326787300
.278044901
.288178200
.292745200
.298119000
.262784200
.261530701
.313400500
.310658800
.296735200
.344103200
.322450500
.302303000
.303592800
.262981700
.304667400
.346433000
.304205800
.308631700
.324096300
.266224600
.308015400
.322688800
.272051100
.299188000
.257763500
.320685499
.328803500
.304378500
.304366400
.262632201
.258004099
.332898600
.286240400
.267364000
.264065200
.337073101
.313248100
.309256200
.269614600
.309368100
.324423399
.256477600
.300114600
.263639600
.292248000
.293230500
.310978600
.304368800
.310070600
.281930400
.310002401
.352149100
.341826400
.278247700
.260224800
.324688100
.306195900
.262962300
.283651700
.323805201
.318530599
.299047000
.303970200
.316999500
.329559300
.278214900
.283657600
.308181700
.284203600
.262709199
.323534600
.328344500
.304203800
.314727801
.296311600
.298252800
.323372300
.301584800
.277081499
.293607701
.310923500
.317460200
.271015400
.310501200
.261618299
.333215000
.341021300
.260805001
.263283300
.347811199
.337449900
.291779401
.257005200
.262744000
.314068799
.332259800
.276535600
.253686500
.278827400
.323496101
.321977100
.288989000
.265223200
.289189900
.311961300
.308907800
.260897900
.314535199
.266591700
.290791501
.326517400
.277439000
.289847600
.270268100
.304001800
.347282800
.310523300
.256218900
.302550100
.321387000
.348104600
.565297500
.447802700
.355787300
.413232900
.369172600
.424226299
.436013200
.346200900
.323846000
.384990200
.332271500
.278925800
.294829100
.274671701
.341270100
.271085300
.268534500
.294848800
.267336700
.351438499
.317332800
.300581700
.243872900
.259757000
.307116701
.312124800
.318773700
.258130400
.254904300
.323998799
.357535000
.269557500
.298835200
.269638001
.294416699
.300329400
.283923500
.283518600
.310413400
.307474501
.282282000
.298293300
.321748200
.307131200
.330794500
.319868800
.288127200
.255956400
.277923000
.332292800
.311706800
.266926399
.292900800
.290163501
.321440000
.391862800
.264985100
.267723600
.294069100
.264760700
.380624600
.298883300
.270546200
.266029400
.296247300
.300034900
.251360700
.271073400
.302770800
.312018200
