.237317899
.254145798
.272485800
.290465000
.268840400
.223753601
.235650601
.238165000
.279548699
.239530200
.231404500
.260144800
.235660901
.279386400
.292980400
.235125900
.234577800
.243006900
.266779001
.332783800
.300149800
.263261500
.411401500
.265246800
.281598800
.279047000
.234131000
.235430500
.235801500
.251782100
.282422000
.280507600
.233245200
.235857200
.235465199
.297880199
.271098400
.240639200
.232317100
.267746200
.237132001
.299122200
.248115000
.268814700
.242755599
.231190800
.231879901
.266674500
.275119100
.265893400
.228917200
.218612400
.228299300
.272379100
.233663999
.239869701
.240373400
.235274699
.269814200
.243369401
.234692799
.232172900
.230982800
.230635200
.261933700
.241837900
.263736801
.262448699
.215114300
.203510900
.251348101
.235520200
.233508100
.231665100
.229648700
.223200099
.232164400
.237995700
.231563600
.238289500
.246871700
.236088101
.220758500
.230662000
.257943800
.234459500
.234550000
.233882700
.264686700
.287158400
.229472600
.261076500
.224018900
.232811800
.233498200
.228371400
.235841300
.233701800
.224202800
.226271000
.236957200
.269802600
.233774400
.226977000
.232055500
.232121100
.239669100
.232013699
.240285300
.261317800
.224740700
.248092700
.230345800
.243167200
.233240401
.234367300
.267752900
.228536599
.239583500
.235237800
.265037201
.227484500
.259787500
.226165600
.229377100
.235143400
.236593900
.267961600
.239991800
.270496200
.300922100
.295301100
.267122500
.319689200
.259114500
.236988100
.243456800
.239709400
.305954100
.292065000
.241162100
.271042700
.240709400
.242969700
.240660000
.252416700
.252173500
.230630800
.270130500
.254645400
.234889000
.226136700
.221594799
.234926800
.233085500
.251386901
.247353500
.234979100
.227986900
.221242900
.228481400
.236866200
.276186100
.276114600
.231570900
.234897800
.236117600
.260066500
.234371700
.228574000
.229152500
.234035900
.231021500
.253983499
.232375300
.265067800
.231085000
.238173800
.231856800
.240123000
.251997500
.258646100
.233109100
.258069600
.246286202
.249920900
.279422900
.238770800
.232656500
.226670700
.234823399
.234548800
.230823200
.232393900
.230595000
.231531301
.230623300
.239913200
.227069100
.267003000
.218909700
.230746300
.225259600
.225858900
.263692299
.226695400
.240116900
.234113200
.229288000
.237797601
.235556199
.227700300
.234908100
.229853101
.237462700
.237784000
.225076000
.223762700
.232119000
.226072300
.235039800
.225194100
.242344800
.244544800
.225556800
.230177200
.270468700
.230118502
.230612098
.245372902
.244187499
.239065601
.235828499
.230076200
.222637999
.240225899
.232277300
.239934300
.234637200
.234899600
.229666600
.231537900
.228254000
.264279400
.231544400
.237099800
.228102300
.267060900
.230505700
.218164600
.249521899
.228568700
.221485100
.235123701
.227195599
.230231000
.225501800
.234104600
.231798100
.236268900
.238938899
.244377200
.227496400
.224661300
.230940600
.237953000
.221923901
.228013300
.230220700
.253567300
.234668500
.229266000
.223550400
.227824000
.228080900
.232238200
.239390000
.232435400
.231391900
.261273600
.236370100
.229278900
.224908500
.234547000
.223304000
.264247000
.235046200
.219142800
.232184000
.228884700
.255281100
.341006000
.231618200
.256818200
.230770900
.225742800
.243670100
.230146900
.215743200
.222150100
.232271100
.227607100
.230015700
.225837300
.223902500
.236683900
.227772700
.223702400
.232258300
.229054400
.223552500
.292410100
.234605100
.225222400
.235096600
.230030800
.230323700
.259249200
.259051500
.233508200
.227927000
.230411400
.229233500
.233789500
.219157100
.239059000
.227663300
.223099700
.233515500
.261256301
.234715600
.231470300
.256308300
.229416700
.231305600
.264012799
.259021000
.231559500
.225884500
.232046000
.231974600
.231069500
.229516200
.261147400
.240894500
.241498400
.227882500
.224584800
.283720300
.231427400
.223888600
.232006200
.236845400
.245291001
.262155700
.252180800
.229297800
.228531600
.223796200
.227979700
.275626700
.261531200
.236594900
.227760400
.225967200
.232052500
.227981800
.261182600
.226962000
.231212800
.245812700
.222051800
.232486400
.231989700
.244591100
.231659600
.239180000
.229176300
.273369300
.256342800
.240177500
.227473400
.228280300
.224006200
.237882800
.232178800
.240052200
.233108000
.230731200
.222735900
.233684700
.231205800
.228912500
.233227900
.238558700
.241870100
.233339899
.228031701
.230020800
.232144600
.230913800
.227976600
.236763700
.226910100
.240134300
.271510600
.233146300
.231287600
.229239400
.227240599
.231218500
.236189900
.238924500
.241059800
.231548000
.235884601
.276398900
.238628500
.225426700
.226552000
.222925200
.243693200
.232183200
.236279500
.235163700
.238263100
.235876800
.237710500
.265758900
.276251000
.244157100
.229014300
.233899500
.241877300
.253508399
.260606300
.236335200
.249225400
.242241500
.231504300
.227090501
.232181300
.234931000
.217673800
.231873500
.227732100
.229752299
.265077200
.259923700
.228412100
.232519300
.227355800
.270402200
.234642900
.256474400
.235198400
.242034000
.232618000
.247709999
.249770400
.229937000
.226237600
.227971000
.246478600
.221430501
.228135700
.227941100
.226222900
.230004900
.234220700
.225681600
.240992299
.227028800
.240114200
.226303700
.225820700
.232504200
.268375701
.255901200
.246797000
.230391300
.235633200
.225872600
.275481900
.227897800
.230452300
.241690900
.220933200
.229970200
.227763100
.232852400
.232503200
.227614900
.227350800
.232388100
.229773100
.252927600
.440113500
.252499800
.266499500
.241940200
.250961199
.234031000
.236322600
.233071200
.236382100
.230769600
.268162100
.235112900
.242297700
.223306100
.230081400
.231876600
.233728700
.233354100
.229611500
.230915400
.226792202
.225372798
.230860601
.258409099
.239462500
.241161100
.236839600
.221944000
.237854000
.242401601
.279265800
.229246200
.223471800
.227958200
.227649500
.269830899
.249471000
.231699800
.228252300
.234527801
.223878900
.270664299
.229813500
.224390600
.254336800
.236762100
.224011600
.231359601
.230893300
.256217400
.231780800
.231889800
.232228500
.230465600
.263109100
.234456200
.240337500
.232845800
.229057700
.214676400
.232247099
.233366400
.231171700
.228750500
.231481400
.240669000
.242960001
.228388900
.236304200
.224824900
.237944800
.240257199
.258336800
.278764000
.253836000
.239776001
.236115900
.242671500
.224824800
.271651600
.234446400
.236084000
.236910500
.238910399
.236081301
.259846600
.265646300
.239113100
.239103400
.242299000
.271270699
.240680500
.263758700
.235987100
.223107900
.232318900
.259684501
.246765300
.226252600
.235323900
.237390700
.235204799
.284750201
.263145000
.236048100
.235943500
.252630200
.246898400
.260468900
.235217700
.236104500
.228326300
.224663400
.226181900
.218354100
.269076900
.220802200
.233314400
.223892700
.224931200
.228661600
.271074100
.226762400
.230454700
.225452500
.231914500
.231032000
.256304099
.226458300
.229941900
.229538000
.232363701
.227974000
.221256500
.222921100
.233874300
.225267900
.228818800
.232184100
.232052500
.319859100
.239863800
.229375200
.239075600
.231828900
.228043800
.236184100
.262355200
.256572800
.232919100
.235649500
.229921299
.225960601
.238475600
.234077400
.218413800
.230720800
.240547700
.268435800
.225637900
.263329100
.225242800
.219090000
.225075900
.231136100
.236267600
.230367800
.226698200
.233371800
.255869700
.230099000
.232593400
.269151799
.233531200
.228172400
.224113600
.226608100
.231408501
.254976000
.234414300
.225133900
.234401500
.242192899
.236289801
.233183800
.231740600
.229133400
.228207600
.240387000
.272096699
.262820800
.230736700
.238017801
.248054500
.228450800
.225150800
.230911100
.264889500
.236851900
.228587600
.232733400
.228866799
.233754900
.270142100
.225612900
.232267500
.226320901
.218039299
.237843200
.241378100
.237960600
.253963300
.237798700
.245142901
.241738199
.236757100
.229044400
.232215400
.241147900
.231083000
.224563100
.224081200
.229488400
.237978600
.228475400
.223539699
.234461700
.258926300
.238014500
.226756000
.220736600
.232283400
.250734101
.283488299
.223081000
.218626900
.227871000
.224724000
.241004800
.235778499
.240650300
.263205400
.233003800
.237111300
.229543200
.224959900
.257795000
.255630000
.232255500
.219933500
.231331700
.225146001
.261496600
.247287300
.235890600
.233303800
.219625200
.226309100
.245467600
.267672100
.236990500
.231589600
.219629900
.232663700
.236131000
.235569900
.235946200
.228280100
.238717600
.231066900
.228207500
.235056700
.231208300
.263908600
.300228200
.231287400
.267530700
.234460100
.238616800
.229173100
.235553400
.226949000
.232974200
.230478900
.229966900
.229672300
.239051600
.234795900
.218092900
.233312300
.228381600
.227830500
.234718800
.230727900
.233952000
.268244900
.234206700
.237754700
.226065700
.227963500
.228296500
.263280000
.269867300
.226931400
.228293200
.233563100
.225740500
.261430600
.228406800
.228070400
.226593500
.224582699
.240928900
.227891499
.229669400
.225909700
.261841300
.230242800
.227327600
.237523801
.261095900
.224915100
.232207000
.230904700
.228043200
.241728999
.257886100
.233265100
.226319900
.224705400
.222807100
.231985000
.231007900
.223374900
.258712100
.222262500
.231130400
.253501700
.237109500
.232514700
.335488400
.265264800
.253827800
.228526800
.236413399
.264612600
.237834200
.230354900
.225670200
.234509600
.228440100
.231005800
.232883900
.227913500
.230836000
.232663500
.227852301
.235444600
.275132800
.240839200
.240441600
.218981200
.233428900
.225906200
.230799600
.229049200
.223585500
.232372600
.227946900
.228457499
.239589000
.283933700
.255075900
.232650600
.234291800
.240872500
.227386600
.263382700
.223105700
.249102800
.231081301
.225210599
.233891800
.228950200
.231139700
.229680800
.238262100
.233246001
.227978700
.237214300
.230747300
.238800800
.220245500
.234968900
.237915799
.224733600
.263705800
.220982500
.232670500
.227394300
.228131700
.248660000
.226468500
.234878400
.224989300
.227274200
.222170501
.228377300
.261210600
.226227600
.270382900
.253007600
.230832999
.218453800
.216999700
.238037800
.221706400
.244229400
.233643200
.231862301
.228351800
.249801600
.265172900
.222159800
.229791400
.259721000
.256545600
.234179100
.226840200
.229804000
.228865800
.224070100
.223817400
.259456300
.241871100
.230790700
.219347800
.234650400
.281732900
.257405100
.229622300
.233504400
.228112100
.231972300
.226316800
.219367500
.230363600
.234161000
.227535700
.228153600
.231319600
.228289300
.229040900
.229673700
.228505400
.229186900
.258344699
.218219800
.235626300
.226450300
.223932400
.238641800
.236669601
.218486399
.228731300
.259927100
.223946300
.231656700
.227631200
.227039701
.265067300
.248165800
.228409700
.223954200
.242795100
.268174799
.260714800
.235726000
.232237100
.243074400
.241405700
.263183601
.262890100
.224306000
.227664300
.242315800
.252214300
.270910900
.268216600
.225651200
.231938000
.235188800
.229340800
.265609400
.284360900
.223978100
.235547800
.228050700
.229433600
.221953400
.330839900
.256526200
.256156600
