.385039400
.401940100
.400281000
.403343500
.372511800
.468823400
.414063999
.435132300
.401385100
.353528400
.420305301
.451437700
.386036100
.424733400
.394518100
.422025100
.436276800
.459807800
.459773900
.405684800
.395338800
.396522000
.432646900
.389980000
.420206399
.452177800
.384510500
.377310101
.442610200
.431653800
.442454900
.447271100
.424086800
.436829500
.396625300
.477500400
.376649500
.354005400
.408725300
.429897400
.397119500
.426557600
.496932099
.426378100
.399007800
.392641500
.406147800
.394081200
.354846400
.399693300
.379982200
.351437300
.376800699
.440416801
.450376000
.431874700
.402501200
.427546900
.407742400
.388141700
.408664100
.365636200
.367113400
.408731099
.411873600
.449513900
.479006800
.455749600
.438509600
.383430000
.412299900
.392076400
.424475600
.405635400
.435231199
.392844601
.374584900
.402394599
.490783301
.436190500
.389876900
.424492399
.389052300
.395976400
.393739600
.387919601
.361961100
.408766500
.408446099
.426555900
.443451100
.451076100
.393336899
.430055900
.437303700
.525029801
.468110400
.446983900
.421139900
.437841801
.373820400
.407947200
.387136000
.427466000
.430191500
.479245701
.448393900
.400939500
.394490700
.395935500
.519263900
.387116300
.423688400
.424857900
.496041900
.309232500
.423788599
.408375400
.363361100
.386338600
.415668301
.406892500
.350371000
.366521801
.372179100
.459313700
.401560900
.474664400
.467630700
.409561300
.439805700
.433630100
.455066900
.402139300
.424731799
.408366500
.389459000
.370149401
.388232701
.438698600
.382843100
.391361799
.444581500
.406016200
.396449100
.415157101
.441143800
.357487800
.385299201
.435400400
.399536200
.417932000
.421024800
.408239600
.434313400
.429136701
.470752100
.444014500
.458147400
.409942000
.445652400
.365969700
.480194400
.466754700
.413982900
.380012000
.407880899
.406494200
.383325500
.352949100
.363654901
.380627200
.365709200
.367914500
.403155600
.450810800
.458332300
.433017199
.378842500
.434171700
.404868100
.430692801
.381006200
.400096000
.401717500
.391485900
.404761200
.400648700
.440725600
.594888900
.395864700
.410512200
.455531400
.442373400
.405665600
.434993499
.428862700
.491609200
.397758099
.402188400
.386480200
.410356801
.471482000
.427129700
.451948200
.442093000
.387719700
.436408100
.399258900
.416945800
.429374300
.382120700
.440647400
.435314000
.418254400
.404476900
.435185400
.394618000
.420070900
.426846400
.370021400
.425892800
.401934000
.440635100
.357044300
.385947500
.374460401
.412471600
.433765700
.389594100
.469308500
.423880600
.450272300
.445326300
.399864200
.447044200
.402366800
.416242799
.407893500
.374201100
.358904500
.406000801
.411168600
.376040400
.358202100
.383384700
.422960600
.418508800
.472328899
.399105300
.406498600
.360536600
.405256301
.425214000
.352131200
.377084100
.381876500
.420236100
.387433400
.357708800
.467422200
.422423500
.388585700
.403165399
.374422500
.369004500
.385034600
.394769001
.487103600
.407546500
.430487800
.444673800
.364570200
.464046500
.387900700
.470007500
.421085000
.402705999
.435572700
.415144900
.403666600
.446251501
.367383300
.420028000
.439691999
.510511300
.412176800
.410715800
.380320501
.415537100
.377161200
.344572300
.369226499
.380222000
.349228900
.389251000
.409857899
.452278400
.457571400
.435109299
.407949000
.367946200
.346845800
.396982501
.381926400
.417371100
.399216300
.352772200
.412429700
.431341200
.480410300
.416642800
.389011900
.381216500
.379263100
.406433200
.366807100
.352276601
.416722400
.372447700
.420176200
.400634100
.449044600
.411091100
.402506700
.464492700
.435180900
.464763300
.427953199
.404068100
.417546000
.412888000
.434644601
.400357500
.419215200
.387807200
.410240700
.413271200
.465196100
.453434600
.392830900
.416291300
.411538400
.397972700
.398944700
.429381600
.457032799
.476995600
.406090300
.442907000
.510912500
.496552100
.402944601
.468441000
.405495400
.395859400
.412313500
.483732900
.425337600
.356821500
.427891500
.398211200
.371064500
.393954600
.376249400
.385225700
.379689200
.440604199
.389752000
.367392300
.467935001
.450310700
.440149200
.426549100
.372039799
.415718100
.378823300
.345312900
.389442601
.377641400
.344625500
.368282200
.424023600
.464597200
.408176900
.468937800
.411583400
.433916000
.443298501
.414121300
.420049900
.434365300
.391405899
.369315300
.409896200
.364924700
.426964100
.422062900
.427679200
.400060701
.487527500
.406659500
.446788000
.432564100
.391646100
.435661100
.485971200
.395121500
.397251300
.434307699
.442368901
.443435000
.391945300
.439984199
.418279200
.395318700
.404845700
.487278501
.405254200
.438331200
.438908800
.427081300
.364401700
.396803000
.415264600
.359036300
.410840100
.386773300
.422882600
.436089900
.403208800
.444956500
.459258400
.396740900
.441088600
.454245300
.447451500
.405173800
.468122000
.371270400
.406355100
.396530699
.436078700
.413262500
.423958700
.393363801
.387053800
.379152900
.381187499
.363425001
.396416300
.397949000
.363148300
.404501100
.404012500
.455486600
.459176700
.455511900
.400651800
.450566200
.363771300
.385368800
.365941700
.369199900
.366081899
.360113000
.422654300
.417372100
.392679700
.396515800
.420912700
.486907599
.426980800
.419691200
.384015901
.428369400
.403961700
.408982801
.357810200
.458693700
.383367900
.402406900
.439035300
.414824600
.505094600
.387572500
.415357100
.419893900
.366123300
.410602400
.392784100
.398258900
.420584000
.425121900
.404038800
.434746900
.439856600
.424616900
.374704500
.428287600
.426568000
.434515100
.412125100
.402639099
.383727600
.459985600
.410549701
.441710500
.481984500
.422399400
.424506700
.451425400
.407431700
.458436200
.411054000
.441534100
.419056500
.438446300
.427966900
.392133100
.381543400
.412020800
.360416100
.360819800
.428110599
.405997100
.395004100
.396820800
.443440201
.409414300
.385002899
.479838701
.420870800
.431603300
.416026500
.462862500
.393406700
.479413300
.528144200
.460244500
.436003100
.446011400
.418382200
.396136500
.400259500
.436547500
.366554500
.367733900
.390967699
.396579300
.427957600
.389934000
.463936100
.466782000
.402729900
.415740400
.406090700
.480680800
.400086400
.453914800
.427239900
.350657200
.406035201
.428886800
.359400800
.408226000
.445996500
.401183700
.418911800
.444589800
.421752500
.466042400
.434295900
.388306800
.424738600
.390393500
.434058500
.450654000
.448619200
.377324600
.400896399
.420316700
.381303000
.388868900
.577752701
.696857500
.595867400
.709252600
.562616800
.634269300
.590344900
.627805099
.427827000
.442695000
.458634001
.391646100
.436368800
.418982400
.445351300
.418696000
.374823800
.410218100
.396256500
.395162300
.433522500
.436365999
.399238500
.449474500
.405955301
.421995400
.440324000
.421852000
.448085100
.393986900
.469405100
.478121100
.413164800
.488834200
.434168700
.468010000
.447432300
.453825100
.444369900
.383419500
.344504200
.372884300
.363382700
.360140500
.393478400
.416182999
.410402200
.413099800
.367847800
.432721001
.397017100
.452417900
.447214099
.471295400
.434381201
.383316199
.464847201
.380081400
.435674500
.395051200
.399653900
.403858500
.390817200
.448123800
.418286100
.370373300
.371250900
.386703100
.388039200
.368031600
.369806800
.396169700
.422748000
.510075600
.423618400
.411772300
.461342300
.391561400
.403584800
.361611000
.364027800
.411073801
.396651800
.355162800
.376279200
.488543199
.450395300
.458250700
.402634402
.462074001
.387185500
.402935200
.414323300
.411129700
.409216600
.374792700
.462174500
.365140200
.374252400
.415956500
.460013299
.398616000
.354725800
.387084100
.382273600
.391208000
.351061200
.414733800
.398882700
.403273200
.519507900
.418350600
.400332800
.406887500
.436845799
.412655400
.457024000
.352144602
.380124800
.384501400
.368783300
.439537099
.458656900
.388021400
.462357600
.488221801
.415377700
.384115500
.336762500
.410056200
.400289400
.350746600
.402697700
.379229000
.446050200
.393690400
.512221100
.429648000
.434602800
.414540600
.432149200
.463356200
.348258900
.443760699
.372785100
.423877500
.470368101
.432052100
.367304000
.391011500
.420291100
.385340800
.379652100
.387808300
.386813399
.371193200
.389909900
.455599500
.494350200
.468079100
.418496300
.400230401
.411494500
.447778500
.441069700
.358031400
.384882399
.390819000
.404303901
.441570700
.398224400
.450242400
.405667900
.464753400
.425655100
.419585300
.467727100
.422303300
.514160899
.423022800
.402266300
.370802801
.467688600
.473816200
.400467400
.416071599
.415780500
.430070100
.386503301
.375968700
.374670699
.371361200
.366682101
.404089200
.387773300
.412770900
.473939800
.415260600
.431598800
.431510500
.456893300
.395301300
.444292100
.448470101
.377357700
.427983400
.407202900
.390505300
.416138300
.382265000
.347764800
.424725400
.386646400
.361603400
.423033499
.383489100
.363747400
.398210300
.475843101
.473250200
.411903100
.467600300
.403497100
.413697200
.387346500
.431584300
.366610500
.387316400
.370680100
.381513900
.419136000
.383929000
.472753100
.440980799
.396161900
.416562400
.487552001
.385888500
.391216800
.447060100
.386544900
.449659400
.442644200
.460338800
.406511200
.463702500
.423833100
.423482900
.413141000
.367392700
.395671500
.384251100
.394296400
.334889100
.424171901
.342683400
.450832599
.434922201
.417013400
.426179900
.422727399
.450310101
.434681100
.418124400
.417965300
.388427900
.380975899
.438710201
.438362200
.452083700
.393141799
.483912600
.450104800
.404072900
.408729201
.426408500
.363310400
.374927100
.385492900
.463957100
.428865100
.417701299
.443567301
.457699100
.439478200
.465736100
.519789600
.423825700
.458616799
.408476000
.520528000
.385384702
.476350599
.471271999
.354677500
.435329301
.453926900
.375065000
.364314500
.394892199
.374635800
.370335100
.472456699
.441720300
.427176900
.443389100
.403646601
.428236000
.416909000
.447762100
.406876300
.419391600
.425153600
.384694100
.422416400
.421409700
.411755000
.431791400
.486304800
.451960500
.444087000
.412328900
.404459600
.466541800
.391016600
.392558500
.474150699
.459440200
.433990800
.428116700
.375799101
.384268200
.376831300
.431131500
.424479500
.362744800
.362968700
.394689000
.410612599
.476202100
.402170000
.445726501
.470053000
.414589900
.395643600
.437211800
.420469500
.524729500
.417171400
.442244000
.465204400
.476575600
.378718200
.414412299
.397148101
.433159700
.370137100
.360735500
.362462500
.455408500
.361732300
.398218300
.403705699
.476354900
.399958301
.394367599
.446279201
.431124400
.431674800
.416635999
.459967800
.413881600
.352210100
.442723101
.409067800
.401483100
.455374599
.501158400
.400344700
.438169701
.459628700
.464941100
.431032801
.407535199
.381746500
.409026500
.436995599
.496905700
.389929700
.400114300
.411581601
.387909000
.360256700
.464132900
.443548100
.379305800
.366832699
.399264399
.401493200
.462637400
.424568400
.400834300
.484134800
.423507700
.472996099
.412120800
.397119001
.389201701
.403293100
.465924700
.436357600
.441714100
.422976500
.364294000
.407868500
.395867700
