.234783200
.351744600
.317617499
.290975000
.255575500
.262714900
.277844700
.330996601
.291290900
.281577800
.269277500
.286883900
.275315000
.311205700
.247943400
.375368700
.322898500
.290745400
.304893500
.310494700
.316834000
.260208800
.300944499
.302530200
.314046400
.256723600
.273324700
.279135401
.298879100
.286766700
.256814200
.243118900
.288239100
.297666400
.312015700
.308502300
.262131700
.261926301
.329462600
.298002700
.279435900
.274455900
.275842200
.286753499
.310011800
.300697400
.258104900
.262918500
.310639201
.312265200
.256907700
.262785300
.250307900
.295878100
.252669100
.281596000
.249798200
.248641600
.239097200
.282669800
.288292100
.236472700
.241581000
.239699700
.247720200
.231272299
.253685600
.242321400
.248418100
.268186700
.241352500
.270114799
.246356700
.295450000
.264065000
.252567100
.289416900
.287421100
.246087600
.235535000
.266381800
.240563800
.252769200
.235403500
.267135700
.243218300
.244445100
.232351300
.313407999
.284883500
.248527500
.246265100
.268473200
.272653601
.288539000
.244761800
.241139500
.243949100
.245932200
.245233700
.235355499
.252293900
.238112700
.237319400
.243449300
.295250000
.288995400
.253187901
.237500800
.250717700
.246825300
.247984000
.257044100
.251888600
.241923600
.250296100
.243000000
.292436200
.245082500
.245208800
.248407900
.241730600
.245542900
.277125200
.246344500
.236927700
.243098000
.241358400
.273184900
.284421600
.249189400
.253725100
.276478700
.247200700
.273284000
.280195000
.253777300
.245216800
.238816400
.249723900
.268792699
.295476900
.251206600
.253357900
.243689800
.239096300
.236587800
.245497900
.242521500
.244646800
.247658900
.273527900
.289218000
.236307200
.250829400
.245103300
.250461100
.247362400
.253505000
.246368800
.241149300
.241208700
.242233700
.239926700
.244026400
.239167200
.242358800
.247742300
.237281500
.247772899
.282673100
.240678900
.243611000
.244806500
.249273200
.256783201
.275016300
.294503300
.252940400
.244302300
.246397900
.241253700
.285389000
.257677000
.242985400
.246460800
.241279301
.286553000
.264135500
.257613900
.246245500
.247946900
.291894000
.254756500
.244253400
.246617300
.246011600
.245827600
.246321200
.262801000
.238003600
.240673900
.249385700
.243955800
.249763100
.270770800
.253308600
.309036100
.248914500
.301891500
.248775400
.239187200
.264897000
.248947500
.237727800
.242431599
.250671700
.255815700
.252238000
.240093500
.236381300
.235485501
.245592100
.272215000
.242539000
.236041000
.245408700
.287906800
.245014100
.272269300
.245120100
.241421000
.260088200
.247022800
.253216100
.248741000
.237897100
.239966100
.241614000
.247989699
.314084400
.270203700
.281982000
.263128500
.252526200
.268963400
.307868000
.269072000
.272626800
.253226401
.325666700
.275153000
.268693900
.268859400
.291867400
.391816900
.301805300
.290875400
.289240600
.261993200
.281168800
.298854400
.261555100
.287294400
.302172301
.297233900
.284303800
.263781100
.243384400
.259567000
.240034600
.242701900
.284241800
.242150800
.246312300
.239367100
.279795499
.298808300
.235742100
.237782300
.241462000
.255040301
.236708300
.247736100
.235615800
.255616700
.240358200
.251268100
.281928199
.240557700
.247191800
.247930200
.248011400
.239828400
.308293900
.252068600
.243521000
.235644900
.238461300
.233363600
.291312800
.274562800
.243397200
.241417700
.247363500
.252462399
.245483300
.245128000
.251042500
.244657900
.281474301
.341177200
.249061900
.234963300
.254363600
.236967100
.246641400
.288585999
.240601900
.242486100
.252009200
.243994000
.274890200
.292449400
.246352100
.240913600
.266664300
.261209099
.289828601
.286589000
.242071400
.246505600
.244597800
.242242500
.238124900
.248989600
.245940700
.253572500
.252341700
.240370500
.274486700
.295912000
.255855700
.242363500
.257557700
.248478000
.281943200
.267727100
.244113400
.240203600
.240337900
.236326500
.246447400
.297635400
.253501900
.235796999
.243334800
.243656001
.244508100
.266561900
.236282600
.264160200
.234845500
.290653199
.237842600
.238835900
.253451300
.251015800
.286084900
.255773000
.242844300
.256724000
.244585300
.235782600
.293885500
.251353100
.255895000
.253870700
.251114900
.245026500
.258726199
.251569400
.281302200
.243085800
.242855000
.247488901
.279139899
.244306400
.243479900
.246674500
.247620500
.253050699
.284388700
.237390100
.248824600
.246109900
.248335600
.239878901
.248968000
.286672100
.247554700
.242208100
.236993200
.283061499
.268412900
.299107700
.253481600
.255485700
.251739600
.248629200
.242801700
.251547700
.239877400
.241739700
.236718900
.248223100
.285771900
.250041000
.234833900
.236971100
.243647500
.315156400
.243988000
.224230600
.248349300
.246918600
.276179700
.260021100
.251089500
.248202000
.235593800
.240527800
.266765800
.251589800
.291124100
.244477200
.260629300
.250781200
.278596099
.256885600
.235534800
.251914600
.235760400
.244447400
.292665500
.243497300
.253953800
.244027500
.251900900
.240279200
.247121000
.241211400
.226500100
.255487000
.248018000
.247261100
.278547100
.250452300
.242659700
.246979600
.250398000
.272767499
.248392000
.257931700
.239238400
.249608300
.250570500
.307278001
.237698500
.299811800
.235779300
.242453200
.243066599
.280382401
.251707400
.246575200
.242808900
.246151900
.244018300
.273562200
.270773500
.253711100
.236736600
.244493700
.285200600
.246191800
.259199400
.246008900
.233345800
.238139100
.262844900
.239026200
.238848300
.242139800
.248011200
.244770300
.300804199
.276260500
.246163500
.238136200
.248069000
.233161500
.242884200
.267144700
.292635300
.268547900
.253875600
.271671401
.240095100
.236820500
.250166900
.237119200
.238756400
.241760200
.294732700
.241849300
.243773800
.245281400
.260578200
.245278000
.241141500
.278421300
.240670600
.259194200
.237724800
.275652600
.295030200
.246533600
.243395700
.246352900
.245475100
.250844700
.243999600
.248504800
.243470500
.243327200
.230984200
.244929700
.242724400
.283814800
.243534100
.254164800
.238760800
.280156701
.247502900
.262249400
.257899499
.238147601
.240975100
.236291100
.248826500
.241048300
.247450400
.237533300
.247647400
.267815300
.287073400
.242896300
.234317700
.244761100
.289888799
.281415400
.241485100
.248502100
.246879300
.259667601
.247793100
.271281200
.239571500
.244116200
.241136400
.246387100
.271249000
.257021200
.239994100
.238908600
.243378600
.246608200
.279910999
.252972600
.243994000
.248590200
.252888000
.260196200
.250029300
.280445000
.253993300
.294411600
.258089400
.366927600
.339482000
.286718700
.266588500
.318960101
.297280600
.289348300
.353824900
.246957699
.250728201
.241395000
.287302100
.239890400
.257313900
.248289000
.247450100
.241060300
.244638200
.245500300
.248232700
.244858300
.243362000
.274838300
.245280500
.258767500
.237419200
.244249300
.240911800
.247355900
.300965000
.245571000
.240516000
.244115200
.235993100
.251778600
.286256400
.251300700
.251297400
.237361699
.302207901
.241543300
.243836800
.246122500
.237662400
.248649500
.284776599
.247368400
.237951300
.250120700
.252063200
.252742501
.294341000
.241544900
.239258399
.252255700
.253489600
.245557701
.240063600
.250658500
.236551400
.236016900
.245810100
.233848300
.255419700
.277741600
.244882600
.238869200
.247501400
.274450300
.311371300
.234908200
.243472500
.235527500
.244114000
.289456100
.244842200
.248563100
.261693900
.249958000
.237896600
.254536400
.335595899
.241951200
.243843100
.246583300
.252691001
.250717900
.245298000
.238828000
.243379900
.260874600
.245051999
.272396400
.264378800
.261803900
.263149100
.234305700
.254401901
.269389200
.240584000
.244997000
.238339200
.237375400
.300030900
.246291900
.245488000
.246987900
.226386900
.253311900
.268035700
.290680100
.238154900
.242457600
.251335000
.299159600
.271363400
.244654500
.241282400
.244095300
.245676100
.255708900
.249641000
.243825400
.259181400
.240590300
.241576200
.247447700
.251661400
.268588900
.307390900
.288683800
.242988900
.238958799
.242211300
.240454300
.244814600
.241584200
.250279299
.238981800
.298500000
.245400900
.239499100
.244559500
.242453000
.235081000
.238862200
.229606900
.242064500
.240002101
.252800699
.246985300
.249622400
.260004001
.254992400
.252891700
.295125700
.307346000
.243585700
.230406899
.245897600
.252511400
.242318700
.249043900
.271012300
.255949200
.246148000
.320155401
.279525000
.273037600
.276576300
.267035300
.277615000
.280103800
.288716900
.274404100
.282986500
.284360299
.253335201
.277908800
.246054400
.245813000
.235570700
.238022900
.229150499
.301402901
.248745800
.241541300
.250017700
.236988600
.243798200
.244045700
.288495900
.250769200
.271144200
.248281001
.232976100
.295051900
.253814000
.241111800
.241552100
.232555300
.249042399
.241195900
.274114400
.240220500
.244493700
.245522699
.273160800
.243607400
.239769000
.240545800
.258262400
.239730201
.253129500
.246906600
.248684100
.242315200
.255123300
.248337100
.280795100
.245302900
.258818000
.244238100
.243763200
.311516200
.243423100
.248535000
.249243900
.237311000
.242171500
.258520500
.275956600
.252911200
.267335100
.244639600
.280749900
.242998300
.247896500
.247882799
.245330101
.250728599
.303781200
.285238700
.239928200
.249248400
.248220001
.260122300
.250912899
.245475400
.233728200
.253782400
.251569700
.249703001
.251580300
.291303500
.245786600
.241814700
.241852700
.241809900
.240807701
.245143000
.281239500
.307902700
.287376500
.266511499
.256185800
.358892500
.319619701
.332936199
.273029701
.314706700
.272132000
.263206800
.256984100
.357050099
.282371400
.275903400
.255804400
.279640700
.346740901
.254483000
.263472900
.268967200
.266809300
.315446900
.329323400
.250558700
.286493300
.239476700
.252488900
.255380400
.247633100
.244997500
.247862000
.246387400
.247718200
.275377600
.280517800
.234553100
.247958500
.244673900
.272653200
.247851700
.241488000
.234448800
.237623200
.244508300
.311691600
.258574900
.284742800
.247888300
.242614900
.241453000
.290750400
.296900800
.253606200
.267134100
.244239700
.241584600
.243455500
.245763200
.243471800
.246377200
.246384800
.238593500
.276794200
.293915300
.240191100
.259085700
.263066300
.248948400
.238769900
.249868300
.245837699
.244630200
.247346900
.267399101
.247282900
.242073400
.244284800
.240328100
.241425000
.284459900
.238656000
.244374700
.237008700
.228169600
.246365100
.288548400
.274607200
.252073900
.241857700
.243618800
.238281800
.274996800
.294345700
.258275801
.235305400
.250235100
.275648701
.294659800
.271661500
.251199800
.235117300
.246088699
.289159099
.256457500
.232960400
.251429300
.265120200
.256752900
.297063500
.294813100
.250673100
.260563200
.244499200
.275819999
.279153900
.241123700
.240782800
.261623499
.247675201
.240648098
.241481600
.232890900
.246459300
.253098800
.267560100
.260850301
.291077200
.259525600
.268318600
.244052300
.319546000
.238392400
.240395100
.252603100
.250003700
.247662800
.275124000
.307971200
.245239600
.250268400
.235715700
.251937500
.245633400
.269432200
.250963800
.253796800
.245896300
.255091000
