.314148600
.397722800
.332320900
.364392500
.339997899
.350209000
.348227600
.326112600
.337889500
.343218600
.369468400
.323024700
.370956900
.397459000
.330242300
.344322000
.346758500
.336893500
.345871500
.336378800
.342399201
.362715901
.364802000
.359729400
.349581900
.338497399
.359583100
.334735400
.333124100
.363751100
.384249700
.348135301
.359742500
.331699700
.320198500
.344833800
.335907100
.319399499
.330649300
.358990200
.367665600
.336200200
.371571100
.344560700
.317072200
.326341400
.354022801
.348301700
.372951100
.328886300
.319235200
.349833600
.340089300
.311908200
.310378800
.306761600
.325629000
.327096800
.310895500
.311790100
.368337800
.343522800
.320105700
.274001600
.312826500
.307041900
.332648200
.330244500
.320102500
.323561500
.314405700
.283103400
.315192100
.343084599
.321055700
.281797000
.311608300
.365095100
.352944801
.322394200
.364096300
.318779000
.320086700
.325756900
.324289200
.323051200
.336340699
.356952801
.312043100
.336565900
.334021099
.342210301
.391375400
.328938800
.318127500
.320632000
.341965500
.337091500
.321649600
.324552000
.326914900
.331966400
.338577200
.288624700
.310791400
.332425599
.327991000
.342505400
.323548300
.336256501
.330494200
.310266400
.333908000
.492428299
.395412100
.321179000
.333116200
.355797001
.295671400
.316280700
.324058900
.293447200
.362335700
.339023000
.328208300
.336631700
.318241800
.331354800
.320235400
.338784100
.325975600
.298029700
.270688500
.310741100
.324871600
.321691100
.311962000
.316666200
.327857200
.302716500
.333965400
.332300901
.330725500
.315916900
.338017100
.326934500
.324285200
.337233000
.317424100
.329195401
.316948398
.324492600
.307768700
.311837600
.345645201
.350871100
.327503300
.295221300
.293735000
.309321000
.335631200
.314406600
.315076200
.469320500
.352345900
.318215400
.332903799
.363434901
.327359400
.362166500
.333313400
.306566599
.311972101
.345631500
.327614000
.312288900
.338752400
.334975300
.339981900
.324512900
.325376700
.296476200
.330417700
.316106200
.315705200
.321883600
.369319800
.347405500
.315156601
.331260099
.329861200
.340332500
.319919800
.296052900
.278092601
.320603699
.373241500
.326023300
.313592200
.346596499
.363709000
.276784500
.366703800
.346962501
.336304300
.326423100
.319736500
.311715200
.331025600
.349287000
.328937300
.311889200
.313806499
.325124300
.321274700
.341586500
.326426600
.328457801
.324082600
.312248200
.318539000
.321713900
.321899500
.314059100
.374883200
.335552200
.332470300
.314952700
.352381600
.314535000
.283583901
.301427300
.318945200
.336409100
.278239000
.317628800
.336342100
.320039500
.306719400
.277096100
.328179099
.367771500
.338446000
.313778800
.312149001
.314774700
.321755000
.305461100
.312899200
.324340399
.295077200
.322172600
.323947600
.327750100
.288220101
.301865100
.320488500
.289173300
.268256600
.276277000
.352392200
.328392100
.315195400
.327452100
.328455900
.324527300
.299648900
.330166000
.351220799
.320179100
.320059400
.307915200
.315866901
.334917500
.320118100
.330179100
.345289400
.373479599
.373210800
.449616001
.338742999
.336731101
.315211600
.323664800
.333889999
.322305801
.319987700
.314270400
.313893800
.338124600
.317700700
.344663701
.314149000
.321393199
.270654400
.326242500
.359003200
.315190800
.325964200
.319995800
.334521600
.328213200
.313599700
.328389500
.333246600
.333189500
.305856100
.317871600
.306979800
.339963200
.313543400
.319126000
.375415700
.306775499
.324325000
.317091900
.351082400
.323673800
.320459600
.323348800
.326612600
.318672200
.330178799
.310959700
.314106300
.346728700
.368221900
.315295500
.326442000
.319401800
.325341400
.410526800
.318506700
.330366100
.313007700
.342052400
.316239600
.326857800
.312109800
.315205600
.317139799
.330988500
.332069800
.302831900
.320690301
.325547800
.333888900
.308235000
.320012800
.318494200
.359683400
.319011700
.321746100
.321852500
.329263900
.315291500
.309184300
.280686900
.332968300
.320257900
.324123800
.273392900
.275520700
.366765200
.339611900
.328146900
.337407000
.352992600
.306979400
.314303400
.319619100
.336544000
.327013100
.331171100
.318736400
.329490400
.334730700
.324342000
.339982200
.313000400
.322660300
.334210499
.322426900
.316302600
.390596100
.340384601
.321615100
.333195100
.337382000
.348387601
.336179800
.325394000
.319845400
.318779200
.304391200
.323976300
.333788400
.316285100
.323480701
.337993300
.332540300
.314499600
.315063400
.333595100
.349517100
.315942600
.345683900
.319565200
.334745000
.321283300
.314082200
.314537800
.330473500
.345074000
.303804300
.274998900
.309188300
.343980599
.359558400
.338566800
.330534800
.330062301
.327747800
.328571600
.277700300
.271196800
.328497500
.334925600
.338916900
.373073700
.319822300
.328680500
.315998500
.316434100
.322709400
.329953400
.317524100
.319532000
.331648200
.325755901
.345440499
.319776600
.288003802
.334545101
.332247999
.326882500
.280939800
.312117400
.340193300
.345558500
.323201300
.329723500
.323798900
.343862901
.335441400
.324394200
.313564500
.308143000
.343979599
.335056500
.304903400
.298772200
.325689701
.326762500
.329860200
.346614700
.320349300
.329168600
.320464400
.327598600
.331570200
.313419200
.317552600
.309395800
.306818000
.330636700
.349814200
.323802200
.274262700
.325687000
.320281200
.308566299
.327843400
.332834700
.328390000
.332315601
.301594700
.309717000
.309277300
.306197100
.323482800
.319846800
.352229600
.309761400
.317082900
.340177299
.309190200
.320212700
.329919800
.353330000
.314574600
.340515300
.304357200
.299562500
.350223201
.345771000
.305178800
.319739200
.352134000
.355139300
.346609500
.324147100
.401793700
.353206700
.333618400
.313493400
.313175100
.322953199
.316352600
.315211700
.299253700
.338409001
.319905900
.316369100
.275739600
.312299200
.329700100
.339995800
.339975100
.275484700
.312169300
.342176500
.327094000
.343815700
.306638400
.338766000
.337383000
.342183100
.323531000
.327856800
.324375800
.318636400
.324588100
.330776100
.349412300
.309686600
.332307300
.352013700
.312771000
.337159300
.326536900
.351928300
.328160900
.324422700
.322100500
.332774900
.320343300
.285121400
.309011300
.337757800
.334944200
.320061600
.402435900
.339631300
.327968000
.328508500
.331451200
.332966100
.325077300
.325129400
.340635200
.320486700
.317032500
.319170000
.362039600
.271257201
.343710700
.323303000
.316044400
.315296400
.325514399
.316109400
.313946300
.297547202
.317984299
.331114100
.340354400
.326838200
.318474900
.325382400
.340159500
.319013200
.319971000
.332707300
.324221600
.311312500
.300040700
.355514100
.340286400
.344676300
.328258800
.308228400
.313994500
.323808900
.321513400
.344028900
.317480000
.308216400
.348384100
.331048600
.326048600
.300901700
.561379400
.340519800
.314610800
.333949600
.329539600
.331312200
.333145700
.370553600
.329643000
.329366000
.314831600
.310246400
.378567500
.339505300
.328098300
.331185900
.337643900
.300675799
.349076600
.341714300
.342022400
.316978901
.318230000
.324131800
.328833800
.304486800
.331539699
.342298500
.334257400
.315899900
.331531602
.342223500
.324101700
.339845900
.336073700
.319106199
.347854900
.326042300
.318890400
.300014601
.328554800
.318634500
.311132900
.329600500
.318991099
.330968300
.310506000
.323745500
.333056301
.324281000
.342364700
.315776600
.307925600
.324439800
.350283000
.292854500
.308729400
.328291400
.354698599
.347275700
.308864800
.339476000
.341543901
.322906100
.329949800
.330615600
.329740301
.322522900
.375155900
.324867200
.323089800
.317222400
.323729900
.343440200
.328714900
.315604201
.294980800
.341407300
.315950800
.325475400
.334616200
.355274900
.319885000
.338582300
.312410799
.328409300
.316141300
.306955300
.313105500
.325544001
.341428200
.324326000
.338857800
.328106899
.345296199
.338656000
.312236700
.320519200
.554698300
.426233100
.463215800
.534644300
.418522600
.466383100
.487036500
.437294800
.455897000
.293159100
.385920800
.474132600
.419877899
.379185001
.415346100
.439821100
.381476800
.409103499
.509639700
.428494401
.459684999
.371369802
.323942100
.417234600
.339388400
.309320000
.328624900
.324263100
.312469400
.316407200
.327223900
.325584300
.309204900
.319918999
.372251200
.344867000
.306370800
.274409100
.332395900
.349416300
.308861600
.322951200
.335262701
.337236100
.323131300
.271163600
.318093300
.347555900
.335709600
.332820900
.320065000
.320638100
.336606599
.327843300
.338646300
.325787400
.324411099
.322468700
.307590200
.319907800
.329518701
.323261600
.340019400
.303210900
.389118600
.336333900
.325419300
.541816900
.372264300
.398205499
.316698700
.396159000
.370939600
.313101201
.327807300
.343183000
.325013800
.340395600
.335013200
.315342600
.327895700
.336633200
.322797400
.325069500
.299579400
.320178000
.349960599
.328341800
.313490200
.328679900
.298101700
.474776401
.352048500
.343580600
.299756100
.356929500
.342938800
.324465300
.328497200
.344275100
.336200400
.325349500
.310649600
.330180900
.318334200
.306233800
.319976100
.347725100
.339198200
.346349200
.347984100
.326374800
.340837399
.360048901
.322023600
.324129300
.286250200
.319420600
.323911200
.320051400
.312138100
.330864700
.396396500
.335909400
.366311900
.324707800
.312047699
.338453900
.335215000
.320078900
.329798601
.317306700
.336489200
.328181100
.313210000
.319348200
.320153500
.358455900
.335848300
.303734800
.338600800
.346240300
.316371999
.338763701
.331862099
.331030301
.337363000
.285779900
.279537399
.326160001
.329339500
.311058700
.292928798
.357322501
.333003700
.329118200
.329716000
.332048601
.318294399
.345339400
.317539200
.290805899
.339775700
.335907300
.318590700
.301419600
.431486501
.312729799
.322793700
.333465200
.360832999
.318218301
.324791200
.316172100
.306739000
.333921200
.325223199
.324853200
.321113500
.320197300
.342732600
.333039000
.310425100
.322638600
.325318400
.344096099
.357776500
.318490200
.328283900
.293736900
.376648700
.442144000
.327890100
.320357300
.310696900
.338357200
.324264900
.304008600
.334829500
.346570100
.363024500
.328922200
.344516600
.353857400
.271496500
.312440400
.296794200
.336838499
.325923800
.308893300
.316775700
.328338501
.312847200
.275776700
.305592500
.289030000
.307138700
.315374000
.364276800
.325233800
.316008000
.303256100
.330905500
.356568900
.319317500
.327010700
.323359600
.310508000
.328342900
.307755900
.347108600
.373951900
.326160000
.322902300
.326893900
.286076500
.318184100
.309309100
.337676900
.323910600
.365835900
.339313700
.309611700
.330554100
.319039600
.368206100
.350226700
.321120199
.330343101
.305242800
.310300500
.322789500
.366031500
.344062200
.325641700
.326889400
.268982000
.333392800
.323356200
.295352000
.331896300
.312753500
.329447400
.339732900
.308056600
.322239700
.322676500
.311063500
.322447400
.338182500
.300784201
.319542400
.313527300
.353537800
.316239500
.334983500
.329526800
.348286800
.352313100
.310872400
.329848501
.323244300
.315651300
.304288400
.327965400
.326679700
.321163000
.319594300
.321233000
.312910999
