.490638600
.416440299
.460462200
.311104600
.405838901
.340989200
.346717300
.387001100
.348718800
.333329900
.307094400
.301212700
.296019300
.296966799
.324041400
.328154700
.328926000
.283100600
.335659901
.304210400
.305928200
.297168300
.295944101
.309549800
.307878800
.313638600
.307771200
.289196999
.307786001
.295161000
.281307000
.285416700
.293939400
.332706600
.292012400
.306470400
.248811200
.292490300
.325634400
.301543800
.304524100
.293231600
.286038601
.304146800
.299411600
.289212900
.295111700
.284054100
.289620400
.313996600
.298059000
.246594500
.280647900
.301343300
.290888900
.277076600
.275047100
.285510500
.290685100
.288302000
.296105400
.255374000
.276593700
.307957300
.285759100
.292906700
.274156400
.276320800
.348826000
.296216400
.292599700
.275769100
.289986500
.287831599
.293800400
.247901800
.280022900
.239884400
.251986400
.283731801
.300127700
.285343900
.248790000
.231785800
.279427500
.297737000
.297350700
.369248700
.286759500
.290854100
.302885000
.279439300
.287229300
.258859200
.294617100
.291489200
.279333200
.295057600
.271920400
.277894799
.300245000
.288293300
.291648500
.285206200
.256999801
.304228800
.287140300
.307374500
.251742200
.275573201
.292894300
.277700600
.295469000
.284459000
.281259900
.292328900
.294935700
.286794500
.277700700
.280396600
.290533300
.300552200
.291692900
.339164700
.273022200
.295077700
.306804200
.250273500
.281162800
.297244500
.276205300
.292431200
.280270600
.285781900
.281472600
.303186599
.290909300
.281745900
.302193300
.288412800
.284368501
.292143400
.292250500
.294708200
.257236800
.263499501
.312729100
.301390800
.284453300
.296103500
.289583599
.284697400
.285196200
.283760300
.276639600
.299275202
.297154700
.248750200
.299261500
.286643100
.343506200
.303655900
.296064000
.292687600
.281715600
.320288001
.295161800
.295045700
.292262200
.250104500
.298176099
.295026701
.294979100
.306939500
.292169100
.287989199
.285889800
.289964100
.291123600
.281245500
.280168800
.300180500
.280291900
.252551500
.333232200
.297319001
.304377200
.291500500
.295990000
.308293699
.279555900
.355254101
.251758600
.280730900
.283015900
.277692400
.297692499
.292426800
.292384600
.287852702
.280217600
.291044000
.279477600
.282705600
.286588500
.280288000
.292044200
.300041800
.280522000
.286948100
.284266100
.251108700
.287442800
.262050000
.270089100
.287209300
.285312700
.348785199
.307137501
.310178600
.257082800
.258819501
.293404900
.263643300
.351928600
.288561000
.287222300
.255290100
.280943300
.294492799
.272250999
.253577299
.298960598
.289928300
.319260800
.258451800
.271345400
.278251300
.297499400
.277999800
.293266000
.278276600
.311509501
.304775400
.294557200
.313027900
.293524100
.296796100
.304177300
.294073600
.256476400
.263742500
.273090100
.323356400
.281796800
.290892100
.298698900
.486001700
.332872000
.287941000
.323159400
.277953201
.292376700
.294413300
.297259500
.283937400
.287397800
.300099899
.296167200
.252925800
.298856700
.268663300
.291138301
.282555000
.310312300
.321475400
.306337300
.286752600
.307778400
.327876500
.311540100
.297322400
.308042799
.288652000
.293639400
.275577900
.284799700
.298389501
.292470800
.301258900
.293442600
.280846499
.351325601
.292085200
.287679900
.282777500
.289009100
.299249299
.249291700
.405755100
.521791001
.372043800
.497425200
.315965000
.374630000
.409822000
.344613399
.359056901
.411346700
.406337000
.357823399
.273174800
.374556101
.370158700
.380727200
.379575900
.415414600
.377627300
.366351800
.267501300
.370089400
.473667500
.370619100
.319424700
.282627900
.296838200
.310232900
.312162500
.284193300
.267157201
.288597099
.298704600
.288295900
.285041600
.283163300
.298112900
.308427300
.288267800
.258906500
.267064600
.306625400
.310544500
.255235600
.278360700
.289215000
.306165100
.288183600
.292266500
.273725600
.277177700
.284262500
.288633000
.294050500
.276191500
.305338200
.296955401
.291253400
.288307100
.285905300
.281360100
.311006700
.306951000
.295347500
.284173800
.301650100
.293409199
.288937400
.280079500
.261183800
.286944900
.281480401
.312403600
.292202500
.303467800
.249169000
.270167699
.487326101
.403294300
.368739800
.490198399
.391761802
.367560699
.310038300
.425344200
.378154500
.306932200
.284375700
.260415400
.294636900
.272182500
.294354600
.276183000
.292085700
.288476100
.284229100
.294052300
.291563100
.264566700
.278602599
.295357200
.282452800
.280312200
.290685800
.297135601
.286927100
.296569900
.294559300
.283992400
.280268800
.279832200
.280820600
.290778900
.276525800
.247204200
.284080600
.282070600
.280248800
.276400200
.303403600
.286356000
.312162000
.299131600
.285576400
.294056100
.284353100
.270303800
.273422600
.283257300
.291212300
.303442100
.289497300
.293683600
.296079400
.286105800
.296943600
.301140200
.302098500
.367715500
.280138401
.279101600
.295669800
.304380300
.276878100
.285499900
.299117400
.280161700
.312479700
.273420200
.292974802
.300158900
.280291800
.291905200
.281025100
.273262300
.308538000
.310169100
.292198000
.277067700
.289684200
.300798400
.288424900
.298362700
.286993200
.283233900
.295132800
.300778200
.282477400
.254994100
.318552300
.523483300
.263138900
.297875400
.280784100
.246641600
.300384700
.288439900
.297737900
.276993100
.282955000
.282954000
.293057500
.278265400
.272089300
.293747000
.297588000
.300292000
.282855600
.297099900
.309372500
.300528299
.254238100
.268076400
.252497200
.284611400
.288424000
.290599200
.272980700
.269139100
.281101000
.296496802
.299083400
.314492900
.288858400
.292901200
.280550300
.291423100
.306930700
.306065000
.311172700
.255387600
.304714100
.298128500
.306898400
.279932700
.294922500
.305578700
.288710800
.295988800
.288438400
.280042000
.285666300
.281273400
.291910000
.320590800
.278096100
.352191300
.253244200
.355219700
.355539700
.312798100
.303593500
.288877500
.257855700
.283281600
.312872000
.254477500
.285091400
.290140700
.295415100
.281655600
.338195500
.305971900
.276667400
.283101700
.293840399
.297584100
.313649900
.252895800
.291538300
.276290501
.298947100
.296254200
.455407200
.299019600
.287691400
.283409600
.249109700
.305773800
.293697500
.282199200
.281369000
.294536600
.289962400
.286138000
.296913000
.277949500
.300806700
.281365900
.284586500
.289724300
.299062200
.285537300
.257551700
.249783500
.247838600
.323405599
.284109600
.286845500
.299925700
.280734300
.433254101
.315832900
.286130300
.289500000
.288437200
.276262400
.308838099
.285210400
.282594700
.286559501
.296368900
.296978200
.299780400
.287500200
.287550999
.288430101
.291240400
.292528800
.287787700
.274058199
.290691300
.294721900
.290154500
.280342400
.284461600
.269023601
.278099599
.246118200
.272522500
.282143900
.341819101
.304911901
.286825899
.285443499
.300113800
.303117799
.290032800
.290551200
.281592600
.269975200
.283364700
.298425100
.295139200
.273208200
.287216400
.295562400
.291216300
.278636800
.285890700
.280238100
.281243000
.284325999
.302721600
.292420200
.290825401
.287895200
.414878100
.291607200
.286890200
.288405500
.310615600
.294640101
.287388100
.279781700
.297797400
.305564000
.291592900
.287548200
.247041400
.300750000
.294265500
.276937900
.316756200
.287359500
.248730400
.260727400
.309044900
.292293100
.282445600
.247800299
.302716600
.294562200
.284437700
.283882600
.254360800
.289146800
.288394700
.262287600
.303904400
.280398600
.299692800
.294219800
.302860200
.283851600
.299204200
.292267800
.311072800
.307902400
.273090000
.297011201
.288341600
.317518798
.288241200
.289874100
.259128000
.293474100
.319247999
.298484200
.297199800
.285938700
.277625100
.305916400
.350473400
.277690900
.255650100
.307471400
.334611300
.298794000
.281741200
.272462700
.239075400
.305960900
.297164000
.312672400
.280533899
.307297901
.315331200
.277831900
.307080399
.298017700
.277409400
.299194601
.321079500
.298238399
.274394100
.277329900
.306049901
.333067000
.283962800
.302191100
.285742700
.316975400
.290182400
.238564800
.253753800
.276124500
.300761700
.292386100
.247446300
.291138500
.267108500
.256114500
.293237300
.294554800
.287219700
.256527100
.248130200
.303617701
.289665500
.257552400
.275567500
.297743000
.356148399
.368911500
.342229600
.291959500
.295346901
.355916000
.345911600
.330151600
.254338600
.296599400
.314746100
.288176100
.304064800
.255913100
.302149800
.285016600
.279951800
.265176600
.299238100
.288465600
.248635300
.315203900
.293920400
.294471400
.283974600
.310358500
.287101000
.254241400
.288349900
.254316300
.308670700
.302508100
.276402900
.295444000
.294200800
.296301000
.315322700
.294754700
.332145500
.315150500
.308100400
.314710500
.323996300
.292644700
.338702700
.325840800
.354530200
.338764000
.362626200
.301356700
.266045400
.299161800
.253889200
.283489500
.289883900
.279176600
.281666200
.284347100
.276141000
.294772899
.403767600
.398084500
.280282801
.298880099
.309944000
.301677400
.288803400
.274404800
.276526900
.344944000
.298950800
.296402800
.284217100
.314414800
.296313000
.254194600
.273694300
.286701900
.294933300
.291097000
.286945000
.292193700
.275105600
.288091400
.289509800
.306546100
.280182400
.278822900
.243488000
.302280700
.276092700
.280312400
.281446200
.280770600
.274486400
.304241500
.285826100
.301377100
.281894600
.293644600
.289472000
.288448600
.282773600
.286400100
.298769700
.327557000
.293043200
.294529400
.286240100
.300252100
.280395700
.302571400
.287073200
.290949600
.297463000
.278001000
.414545800
.312428900
.278900201
.298393000
.331940800
.326332500
.311766100
.257219000
.293220800
.319350600
.276214500
.272440100
.310565800
.303874500
.286142200
.297341000
.277887600
.301797800
.289658000
.284984400
.290485500
.273773400
.273246900
.272437800
.328511400
.311754799
.275017901
.300347998
.305134900
.297254200
.285390300
.284142600
.267218001
.298234400
.291254000
.284510500
.250023100
.282443000
.289070999
.307341100
.290815500
.329373300
.284158300
.276168001
.278448100
.272214700
.290620500
.308266399
.277869801
.307256600
.284373000
.390743200
.258396900
.289765200
.292994900
.297468000
.340784600
.320918500
.302117200
.280376100
.285540600
.275490600
.253555400
.291661100
.254119600
.297299600
.317711200
.254108900
.293323600
.316199400
.284348800
.276357900
.290811800
.300044600
.311876700
.295320200
.318324700
.298803601
.284256600
.294635700
.288258700
.296525300
.284260499
.295776000
.291026300
.295851400
.280852100
.285491900
.298086101
.280219700
.293625500
.310339300
.288059000
.292485900
.294089500
.288797300
.298778700
.288334800
.293261600
.300550500
.286938600
.295911800
.288934200
.283124400
.350864500
.298378400
.298254400
.276861399
.330719001
.292808800
.277154200
.359080800
.256064800
.309296299
.279877200
.297033300
.279710400
.304136900
.296574701
.282078700
.285216700
.289440600
.280108800
.276437600
.283064300
.306050200
.281850100
.278408400
.293090899
.307926700
.278575500
.259189800
.295530400
.291351101
.304362400
.255617800
.281845400
.291008300
.284031400
.311389199
.284934300
.311149102
