.340402200
.372912500
.413992101
.463302600
.402064500
.409274600
.432307000
.403168100
.372184800
.426599100
.422579600
.426862200
.365066200
.391458500
.451389400
.407565600
.430132300
.409194399
.428851900
.414651400
.423403601
.405889400
.381006400
.370240999
.456667001
.397693000
.408686700
.431398199
.405604000
.378618900
.403346700
.417090301
.344319100
.382588500
.396253200
.427031600
.406718800
.399331700
.389214900
.454296400
.403654400
.412529500
.429024400
.412754100
.373042600
.411478100
.372520700
.419003900
.389262200
.360525300
.372913600
.435601400
.359982500
.365988801
.400119899
.403348600
.401431300
.356280500
.368183600
.411382200
.413763400
.387395400
.355000200
.384253500
.434341500
.388486099
.408518300
.378430600
.370750600
.387501101
.398619300
.371138000
.374523901
.384392000
.402299200
.395333500
.367707500
.406380800
.391131900
.376240100
.402797200
.400822000
.376186500
.400170000
.411772300
.371299100
.389515000
.372090200
.386246600
.392106600
.383620000
.391530300
.368111800
.386786000
.381735300
.370698600
.408226600
.395602600
.371575300
.428683800
.381182300
.380311500
.344429100
.360518599
.385830100
.437303000
.387227900
.401009701
.377680700
.391427600
.355791100
.394675401
.479780800
.383387500
.356562800
.422806100
.424409300
.369197300
.416435000
.377010600
.387416800
.419310700
.382699799
.374390600
.364730200
.375376200
.410875000
.384961500
.385951200
.398631701
.402406500
.399590700
.391251900
.393741100
.397034700
.375613999
.363049800
.414714201
.422707000
.383308400
.370862500
.380121099
.397683200
.383996000
.432692902
.390814100
.391805000
.398090400
.356571500
.362743700
.359899700
.371511300
.340701900
.510462999
.408897600
.369697100
.411500801
.394248400
.397611900
.375902100
.406361599
.371730200
.348067400
.362608300
.380501201
.406299400
.371778200
.392785600
.421455600
.399270800
.391623900
.397898400
.415389000
.385803100
.392487500
.380145099
.393844600
.378798600
.379610901
.431151199
.413085100
.369956000
.421870701
.383547400
.392498199
.403244101
.439036599
.411341600
.359818300
.351002400
.384258600
.404398401
.417073900
.451975800
.418736899
.397975300
.392806701
.351484099
.376016500
.380674400
.365200400
.377483601
.375705100
.354790600
.399707000
.387076499
.382489900
.422940100
.383923000
.381349300
.410682700
.381602300
.360143602
.380703100
.366945200
.417694500
.370031199
.380162300
.393770400
.413036000
.361107400
.489104300
.412326200
.377473900
.373769401
.417319500
.417678900
.385573600
.423148600
.431960000
.357087400
.386239500
.403300500
.398677800
.403542600
.382705100
.407816900
.403355700
.367585599
.387140900
.409518899
.411064501
.415590899
.381293000
.365777100
.428553100
.403868201
.406925000
.389785100
.407857900
.403847600
.397856800
.364434800
.430277100
.428214900
.399830900
.360610999
.393813901
.407725400
.392477700
.381095800
.414338299
.416031600
.393924900
.368314101
.383250700
.417757800
.387112000
.379398400
.378379400
.398265200
.415018300
.396769799
.407314800
.367092200
.369164300
.426943900
.375573200
.359934000
.370405800
.388390701
.403224800
.404803900
.378498200
.402196800
.412835900
.402705999
.393156601
.406058500
.400893200
.386525700
.439084500
.386761500
.385183300
.393614300
.379939600
.386287100
.394798100
.364210600
.398606700
.395983300
.384025700
.406994200
.427690500
.343382800
.358225000
.414945200
.379188300
.369329100
.373093300
.410977200
.417506100
.369902000
.383180700
.410408600
.372829200
.407053700
.376324400
.391683300
.418929500
.393160900
.450865399
.385138400
.459969000
.415705801
.409765601
.425320000
.352518299
.390984100
.446842900
.355456201
.374015800
.369719800
.467395399
.387497501
.368009700
.385586400
.421694100
.366947700
.388684800
.376284499
.385701000
.356491500
.402427101
.423980900
.399697000
.364660300
.392231800
.389455200
.398142700
.379663800
.405256700
.396883200
.430439399
.390542901
.388938700
.464227600
.408535199
.388086401
.370265200
.522974500
.357682600
.404841700
.406771300
.415597400
.343784900
.415887100
.410596100
.381069500
.390808900
.426488800
.379370000
.354946100
.359962700
.437293200
.388026500
.413047300
.400405500
.422173500
.385011300
.348926700
.446266700
.386061500
.376005000
.428504700
.387497400
.341253700
.374843300
.401824999
.397264600
.381139400
.377812200
.364838400
.367140100
.380806700
.385078700
.449728600
.416222000
.362943800
.429931801
.406692600
.344311000
.420286000
.434544600
.372012400
.478311400
.360436900
.418607800
.521146800
.404563900
.391882499
.411209200
.411710100
.412322600
.417197901
.384186399
.375106700
.398259300
.344768600
.366587700
.380037500
.374755500
.407787500
.395381100
.379735700
.383844299
.402252000
.393121900
.380707200
.418864101
.371386800
.367997700
.415661800
.396666600
.448054900
.415279900
.378774799
.415047200
.348268100
.400296201
.417161200
.432118200
.371392400
.412028600
.399278299
.395510900
.436973000
.384139900
.385150000
.412357500
.387979400
.424696400
.351144200
.396465300
.412356500
.392326300
.402725100
.347295700
.363599701
.436211700
.395474100
.368767600
.377667900
.407803700
.375064900
.422052800
.365185900
.389509000
.390843100
.418849800
.357591699
.395634700
.361914500
.416363301
.386536100
.399293900
.400081800
.390329300
.415422100
.381589200
.388233700
.373711700
.376115500
.404116000
.399052900
.446712900
.413438000
.391028100
.449396500
.397379200
.406540100
.374877100
.383130200
.392275700
.415614899
.368706600
.376648401
.379707200
.565643100
.593839400
.798185400
.610963400
.663860400
.371358900
.678546299
.526674800
.475175900
.535817101
.544367500
.432092099
.564994800
.525733800
.507289000
.505555001
.502040099
.495636001
.512263100
.550190400
.671559900
.477412700
.539861800
.455371099
.371827700
.415575600
.372331500
.379131701
.391931800
.347178000
.385507000
.385585999
.395439400
.396600600
.441369701
.380723600
.377311600
.373557200
.377629900
.367229300
.382384200
.373574600
.389391400
.435518300
.380931100
.357636000
.431563099
.445085000
.306758200
.357575200
.446536201
.421899000
.387650700
.501071300
.503590900
.391510200
.406939700
.382410100
.435482900
.359853300
.476041000
.405653800
.375888900
.492764999
.393558101
.417035800
.381201400
.375728700
.407083100
.396651600
.451026800
.406727199
.407070500
.370397900
.391319700
.425428201
.384430800
.367939900
.376862400
.377246899
.402091100
.377850700
.415375400
.427829300
.402082000
.410457200
.413257300
.373610400
.402270000
.376149300
.394528900
.415000800
.374469500
.382932200
.426624500
.379958200
.410600500
.406289400
.410087300
.406677000
.379500600
.370834900
.403373900
.533610200
.428746700
.398122900
.405583400
.393683900
.424030099
.416307301
.369253900
.354391100
.417189300
.373959200
.331733400
.383998199
.408912201
.375958000
.388348400
.344312199
.379774300
.408695400
.345333000
.373051101
.416381500
.399290700
.323831200
.346458800
.380067700
.387716900
.378672500
.401662100
.367780400
.427888900
.342074800
.365515200
.380148700
.352892400
.379889600
.362874800
.390899400
.339766600
.400107000
.419349399
.421718500
.377578300
.400413800
.387274000
.380695600
.362829800
.351862600
.401218799
.396154000
.386896300
.404424700
.409108200
.353407600
.410714500
.341665900
.362126300
.353723900
.366104800
.440619200
.406562200
.391299500
.366928300
.375336600
.386065600
.379899400
.370862000
.373737600
.412378100
.376236800
.381161800
.420095100
.405631300
.342968600
.390314900
.426381100
.375599800
.372112000
.356349500
.439405200
.372173900
.399539900
.384748400
.382409000
.386713900
.396736400
.402015200
.378605100
.404777400
.327804101
.406604699
.356208000
.385260600
.368856500
.349724400
.487542700
.383534600
.391632900
.395751300
.437892800
.375689900
.367730099
.446396400
.372499100
.381363100
.402334001
.398228000
.414458500
.415642400
.358428000
.395761700
.414977500
.383980899
.405637600
.372818600
.354640300
.379334601
.407426700
.397184600
.393327900
.415617100
.398499800
.366400900
.399625600
.394018200
.384255800
.483667300
.359895399
.346412800
.388538801
.385384099
.406836901
.404760100
.395733900
.377828300
.396169900
.386901700
.363472800
.379076900
.358580000
.366507000
.369332700
.396279699
.391021201
.408905800
.393759400
.387524900
.360962100
.403174700
.395061100
.406452100
.392059400
.387156600
.348302200
.393414800
.408919700
.373017100
.377378700
.395818400
.403854000
.394409300
.373077500
.436684700
.415315300
.389941699
.364307700
.358628600
.422184300
.466471300
.407238900
.373682800
.416361200
.378408801
.408973900
.410307400
.376663300
.359356000
.418735500
.392093000
.366552800
.377085800
.368207100
.410622400
.414756400
.339311800
.405541600
.359920600
.340441000
.418406100
.446604200
.391574100
.354654200
.359146799
.392677400
.377195100
.374924300
.393404401
.396548700
.427135600
.454920000
.415442500
.380515400
.407692200
.463434500
.411157100
.338878600
.402016600
.387190300
.363036900
.366755000
.396886400
.393732300
.388569300
.382703700
.522203800
.384888500
.411787600
.398633000
.423886400
.341519900
.380478100
.371284300
.426661701
.362972400
.378710200
.444134599
.432934900
.401820900
.375711800
.448244500
.366396200
.391232300
.372534402
.386338500
.422223400
.383233000
.340313000
.362300600
.384758400
.337812200
.399123200
.371966000
.391206800
.402662799
.402655401
.409480500
.381459700
.401171100
.459271000
.351698700
.326943800
.350137500
.392661900
.416894600
.376036200
.372279500
.419236700
.399466200
.390212900
.357954400
.405190200
.340422400
.387203900
.350923101
.391750400
.446238400
.383958500
.395372100
.364820500
.378338400
.379872700
.403709299
.418977100
.379666600
.380980000
.470412000
.419497500
.384151900
.361929201
.424006000
.390089000
.341006700
.402519900
.354641900
.383818100
.382587000
.419255799
.372957300
.399054400
.377751300
.420563001
.389732500
.375776700
.407954600
.359796900
.377441800
.356113400
.401040700
.399099800
.391633500
.412424200
.393693501
.367873600
.373898499
.389841000
.387406201
.411390000
.378577099
.356861000
.349388401
.431341200
.381518300
.366552200
.400279300
.399517500
.406921000
.404055600
.412476699
.400231200
.379802100
.350298300
.363252100
.374654400
.383879300
.412989000
.405032600
.381018400
.383925000
.375959900
.376044799
.451221000
.379904900
.402655801
.395457100
.363646400
.343549200
.409944300
.381842300
.352866600
.392161200
.400683800
.395679800
.489775400
.373741000
.435206200
.403542000
.427258201
.363235699
.359467400
.376813200
.373007101
.400713400
.389765200
.392958000
.423708800
.422300500
.393764300
.367420000
.376339999
.358800300
.376032100
.330928900
.382946101
.398333000
.385615500
.365268700
.417448399
.429125800
.404475700
.393890701
.403399500
.395853800
.375298700
.348344600
.350698000
.406792400
.383414300
.426821000
.409035900
.376306600
.384078500
.446820400
.395982800
.380037300
.404199000
.401344500
.425939600
.383078700
.379975100
.379916800
.378480800
.382266300
.412637800
.378804000
.383550300
.384103800
.411211500
.435812900
.378407700
