6.159300299
3.560726701
3.193409400
2.997336100
2.296338100
2.892899999
2.174012700
2.257070200
2.162422601
2.727418000
2.056657100
2.623546500
2.016362800
3.172152700
2.034856999
3.058362300
2.078271500
2.461640500
2.054527801
3.321516400
1.938350800
2.696443400
2.225714500
2.846700699
1.836561700
2.645060801
2.063134600
1.986119599
2.087564700
1.678051801
3.082622799
1.758626600
1.923310500
1.990329400
2.164678300
2.021956000
2.055783000
2.547664800
1.892738900
2.967156400
1.940741100
2.741578100
2.002468300
2.034751700
1.746175000
2.280149100
2.447644500
2.307921700
2.327992900
1.681713200
1.655243200
1.910047800
1.816159199
2.044035600
2.526080001
3.445387899
1.901761800
2.324810200
2.279468900
2.503406500
1.995531699
1.837223601
1.713881800
1.966467600
1.496446500
1.611761000
1.923253500
1.634102999
1.448847901
1.889827600
1.903739200
2.018952300
2.024683900
1.562095100
1.847309000
2.046914299
1.467001501
1.445440900
2.911082800
1.933382299
2.948035400
2.038324401
2.245645700
1.707482200
2.096787099
1.892136400
2.072799601
2.176465400
2.261578699
2.067066901
1.754818000
2.157026600
2.116312300
2.108519999
2.362032101
2.055841899
3.176059201
1.674849500
1.938075300
2.080878800
2.090352300
1.924546899
2.148931001
2.141380000
1.795950599
2.707824000
2.297553301
1.840655499
1.992979501
2.110001299
1.911655401
2.157575300
1.681486900
1.843598400
2.022655400
2.182250699
1.917074701
2.151349999
2.332852301
2.148007299
2.423667500
1.841185501
2.372105600
2.001055300
2.335715800
1.701051299
1.962188401
1.766389498
1.789287100
2.016230201
1.932166500
2.000149699
2.238072501
1.500001200
1.779299800
1.918620999
1.577264401
1.619482499
1.875795701
1.525189400
1.739574599
1.778809901
1.509439700
1.756978200
2.194934100
2.053648200
2.589113399
2.276385100
2.238351601
1.712690900
2.137588100
2.314341399
1.640129800
2.225611699
1.956745501
1.956232600
1.769056799
2.379745001
2.049030500
2.127239700
1.652585700
1.414682499
2.090167801
2.594880700
1.791158700
3.332108400
1.765472399
2.983882500
2.018493801
2.330322099
1.950709601
2.041513600
2.374062200
2.305271700
1.810952200
2.185306399
2.724641000
2.370177801
1.683305200
2.208119499
2.290045401
1.996321900
1.794548100
1.900152800
2.231561000
2.574538800
1.994600699
2.250266100
1.744093499
2.073960301
2.184576000
1.920799600
2.847171799
1.793203099
3.014857499
2.101893200
4.206732001
3.016875200
2.609430401
2.702763800
1.493108300
2.899131099
1.793017000
1.808421401
2.302996500
2.579476499
2.322717001
1.818485499
2.127416301
1.985455700
2.209962299
2.666700001
2.549828701
2.308080700
2.414219400
2.115303500
2.307490500
2.357735100
1.765821700
2.300728799
1.580311500
1.728392500
1.947182301
2.070782900
1.773968499
1.995037001
1.842012300
1.546119300
2.137393800
1.768837100
1.728435000
1.810303900
1.752681200
1.684616800
1.819338200
1.494263200
1.579425400
1.851122600
1.756979000
1.870305500
2.360451900
2.427626700
2.098426900
2.083699599
1.860440101
1.879051400
2.390002800
1.600630900
2.287456500
1.948954200
2.226707000
1.637927900
1.990362400
2.196150900
1.817045400
1.973058100
1.740839600
2.398096700
2.298454000
2.031388800
2.300903100
2.279726800
1.543797700
1.915044900
2.464514801
2.060088101
1.551539600
2.016701000
1.590891100
2.299632399
2.816787101
1.707446399
2.017171101
1.815059299
2.365385801
1.943092700
2.358587200
3.508607900
3.218610800
3.588731300
2.218355600
3.197512699
3.325693800
3.249515500
3.462961000
2.537892000
3.215535300
3.234087100
3.524501900
3.853199800
2.925495500
3.763790400
3.453719500
3.549444200
3.848813700
4.544032900
3.793491000
4.140009800
3.971272300
3.284526200
3.911968300
4.264374800
4.792765700
3.252130499
4.492426899
4.381549001
4.511546200
3.291067400
3.846766899
4.220609201
4.988309700
8.096334900
5.166966700
4.244262700
5.089087700
4.379326800
4.188127399
4.244985001
4.357836000
4.417170500
6.336029700
4.851649001
3.009967399
3.989880601
3.557144100
5.027715200
3.507437600
4.492635799
3.984692001
5.040248100
4.879544800
2.886437500
2.928850399
3.828084599
4.816844501
3.262038400
3.943858100
3.491706199
4.381236800
4.367267700
2.745896101
3.939338301
3.742722800
3.863671199
4.080443001
3.839655800
3.807054000
3.420685199
3.516522600
4.506484600
3.201646300
3.057871401
4.153606999
3.840141201
4.267074000
3.285489700
3.680116800
3.366981901
4.019711700
3.920709600
4.233842100
4.126856300
3.942862600
3.849286500
2.821345500
6.602610900
3.735414000
5.126731299
5.773143901
4.055027600
6.940368500
4.276945700
4.984193700
3.618250800
4.060382200
4.304942499
3.456993401
3.957991400
7.767888000
7.079776400
6.270485500
5.115985500
4.126266500
4.385185000
3.496761700
4.246124900
6.757153600
4.773166100
4.165384601
4.014954200
4.886781700
4.126826400
4.182492300
3.280824300
6.219266200
3.903852100
5.914338200
6.051305400
4.273648100
4.514999000
5.213638200
4.785999700
4.374511600
5.070341500
5.010651900
5.138051100
4.525338500
4.483571800
3.055874600
5.425773399
4.676053901
4.231492400
4.435217100
5.009633799
4.140380300
4.902342799
3.741050501
4.548638300
3.641825900
3.868118600
5.107136799
6.716041401
3.620782600
4.003229100
4.711256500
3.647225300
3.636140400
4.691860200
4.072933600
3.545654400
5.183531600
4.266355400
3.841917200
3.076236400
4.457881700
3.939137000
3.815747300
4.925550000
4.974455700
3.053111800
4.099012400
4.455310200
4.685994500
4.580687100
3.768192800
4.560733300
3.343293299
4.259306701
5.137352500
4.838236100
4.427362100
6.295520400
3.805386799
4.932060901
4.408023200
4.686109400
4.725228200
4.512483401
4.218406700
5.024723800
4.705846200
4.333315000
4.193238399
4.032722301
5.267687900
5.600279399
4.093257601
4.958905300
4.448777100
3.466441700
5.306199500
6.090057400
4.681200600
4.680976100
5.169025300
4.756683700
4.537157600
3.557338000
4.485530900
5.415675900
4.688327800
3.776845300
5.317991100
5.632771900
6.820480600
4.018836100
3.310242100
5.285838700
4.290869500
4.407148100
4.146075700
4.810776800
5.534587900
4.750021000
6.586424700
3.941608200
5.816404300
3.022650300
6.994042900
3.888621900
3.431794500
6.904541900
4.399233700
4.354719799
4.893292301
6.224120300
4.722559300
4.272459099
6.409319601
4.274208300
5.414427100
4.206926800
4.770054200
4.534228600
3.945937200
5.003735300
4.210336200
5.075905300
4.341289200
4.383642300
4.229841400
3.819978700
4.612548300
4.602633000
4.138260600
4.130126700
4.328418400
3.597298700
4.461671800
5.983164100
4.637705999
3.751515401
4.542272300
4.356949599
5.308344800
4.445466500
6.711618501
3.668691000
3.988514600
4.391477000
4.415128401
3.821522400
4.455283700
4.031331800
4.290245600
4.373079200
4.722582500
5.034029899
4.133553901
4.016548201
5.582015200
4.592506099
3.533742300
3.867591401
6.311146400
4.762649600
6.096950700
5.460090399
4.133167201
6.319190500
4.471200700
5.303080000
4.133531000
6.185269899
4.625102300
4.676536399
4.082457800
5.187729701
6.935899500
6.157320801
4.336269900
6.441408400
5.842434600
4.891655600
5.485778300
3.278386199
4.961021301
5.219802100
5.544980400
5.085028899
5.141460801
5.041398100
5.055793200
5.191227400
5.297599700
4.910109100
5.249450700
4.594649300
5.577126900
5.323712599
4.759074501
4.070685500
4.825425100
9.611362000
4.294172400
5.188212700
7.056717100
5.395295200
3.751152300
5.645367800
5.264964300
7.609876400
5.279484100
5.333772900
4.289413300
6.048041800
5.399280400
5.445490799
4.708826901
5.127822200
6.616918200
4.407330099
5.435949701
6.812897600
5.248157701
3.770908000
7.908298099
5.336340301
3.906074100
4.193442800
5.916328700
5.596120300
4.456805500
6.638206200
4.852445200
6.491693500
4.223466000
4.597589900
5.126052999
4.394498201
6.314299300
4.452212300
3.962815399
3.443327201
5.316342200
4.443972600
6.212569500
4.840425799
4.013060601
6.566771800
4.758942800
5.047026000
4.665818100
5.304251000
4.523605200
4.991768699
4.429453701
4.461203999
4.732509601
3.744579299
4.389114701
2.714573000
6.080285900
3.291908500
5.162107900
5.221270200
4.557633600
4.368636500
5.216188600
3.232015100
4.119320300
5.128588600
4.161357300
4.358810100
4.234756600
4.460274400
5.414889400
6.055300400
4.686301000
4.295182800
4.278465000
5.232621800
5.472216200
4.779921600
4.809734100
5.043071300
5.276422400
5.332502998
5.156883000
4.961061701
4.714771400
5.314306000
3.833193700
4.827305000
7.479378301
4.895264100
4.949882900
4.849321800
4.537629300
5.197445099
4.835796301
5.388901000
5.685105800
4.172484700
5.227359500
5.173055700
6.363154300
6.533200199
5.464656901
6.363406699
4.424757001
6.602764300
6.179132800
6.227245199
8.675022201
8.008210099
4.321059901
3.873709899
5.996770401
6.328899000
5.226107500
8.747511199
5.565625700
7.231202701
5.142719799
3.779270700
5.213886601
4.700182700
5.070823400
4.180528599
4.614192501
7.647933599
5.013852000
8.937013701
7.545762000
4.476199099
6.600550801
4.791393000
5.219240800
3.896230800
5.358560400
6.965080400
6.204686400
5.377172000
3.760299700
3.808112700
6.679976500
12.080275900
7.870154500
6.605309000
6.439757600
6.524531000
5.537203500
5.331625200
5.237223900
5.581079799
5.870143801
5.556482100
4.172468098
4.911214101
8.190847200
6.089548000
5.336061000
3.416445500
7.401896000
6.741714700
5.226984600
5.264050200
4.631785900
9.116644901
4.884833700
5.051528000
5.832199800
5.756185300
5.431038800
7.236065300
5.487531301
6.014557399
5.637041900
8.179302801
7.913981100
5.425348800
10.068882800
4.905152600
4.863330400
7.307914700
4.917299500
3.936599200
9.246309800
4.275408000
5.449824300
6.398509700
8.439970400
7.875451800
6.647650799
6.405218601
5.193940300
7.051440000
5.409503100
5.943132200
6.177735399
5.611548201
6.898906800
6.395021000
5.416971600
3.856289800
5.664939500
5.633053399
6.885980501
6.735732600
3.944705800
6.193335600
7.153670400
7.872335300
5.431085000
5.582649399
6.199756701
5.928723700
5.293738000
5.252484400
4.671416600
5.872472800
7.565191401
7.716781899
7.020951701
6.032467100
8.459161300
8.730840499
6.914722701
6.482315701
6.679436299
7.816968700
7.750317600
8.426321099
7.130680701
17.962130600
23.344678100
3.562994600
2.857342700
3.364497399
9.404675101
8.182233300
8.723685799
4.000898601
5.934185000
8.174772000
6.323377199
5.305570601
4.733196399
6.586196001
7.109500500
9.016590199
7.623523600
8.052049401
8.463717900
3.130905600
3.567090100
4.516956200
6.466970800
6.536300500
6.135880799
4.497177000
4.738690400
4.997004099
6.364916601
6.105410999
5.832844701
7.555715199
7.541317601
6.140595199
5.428074801
8.184531000
12.352294300
2.790819600
2.506440200
3.200741600
8.523586500
4.777517899
4.599334001
3.675610800
5.401292400
5.822153100
3.796409600
5.604407600
4.395123999
4.580708901
13.314596900
10.797395600
6.721517599
8.253206101
6.934266500
6.534229000
2.799218700
5.376332000
7.105864600
5.516491400
4.526040900
5.365452100
6.275408000
4.763290899
5.465493901
5.437457500
7.396722500
7.250310900
5.905811399
7.029961801
6.999281000
6.603877199
3.281146501
3.148072600
5.816124899
3.969498401
5.255123600
5.615682200
3.559713301
4.265479700
5.423637701
4.977645899
5.335370400
6.825240800
7.802375000
7.099290300
6.630827900
5.511581000
8.924947800
4.943730200
5.899103100
5.974554599
6.978701501
6.497012899
5.712901100
5.737321700
7.100196500
6.264709600
7.830376900
20.378057400
24.877483600
3.210433499
3.900517401
5.358260400
5.446806900
4.612173000
4.045368500
5.643382500
5.706098600
6.578869000
8.519686399
7.371823999
6.956948601
9.072206700
2.639339600
5.243498199
8.939221101
4.411803400
6.327912400
5.979636099
7.424752800
5.628867301
6.816076000
6.628400900
8.192044200
9.335180900
6.716767700
6.426812200
8.635466800
4.562258300
5.991664000
3.410218100
3.729400000
4.738281500
5.527329100
4.999984700
6.534688900
5.923508000
8.735244399
7.310359001
8.178408700
7.801122099
9.191627701
5.646104100
7.305682999
6.197353801
4.792795100
5.239272100
6.299462500
7.914300500
7.683570600
2.315479800
6.601998800
4.665670000
5.631530600
5.204804900
5.165391300
3.834034199
5.251906901
5.975315200
8.014903400
2.795253600
7.843713800
4.638149400
6.063401199
5.975494802
6.283316400
6.712567199
6.732229901
5.220388200
4.944058300
6.083403100
5.797243600
6.947121600
