.544943200
.487718700
.587276900
.543254299
.535541401
.567179500
.570929400
.501016900
.574904199
.524109900
.540697100
.498577200
.587009802
.595462200
.733926701
.569077899
.593882600
.505790401
.589158900
.521185700
.631739300
.529898300
.604320300
.621716200
.560427700
.563941600
.603428200
.547284500
.631440600
.488039800
.610536500
.560739099
.610274001
.619232800
.517466400
.714571800
.572920400
.595406700
.563925400
.534886300
.596991500
.539228300
.552724300
.579274600
.542993700
.500417200
.564428999
.530042900
.492034700
.562020601
.576105000
.546461699
.571923200
.499151600
.533090301
.561192700
.524862400
.540215200
.560566500
.509415700
.625719700
.564304300
.581502800
.533080500
.543670900
.594514000
.524980800
.557800700
.595727800
.603302200
.557855200
.496783800
.545873300
.554762500
.550274500
.542443500
.576507400
.591231400
.567793900
.568146500
.519499500
.521819800
.578029900
.568159900
.547578600
.518288300
.581841999
.573448100
.514747800
.557930501
.549042400
.553546300
.544429100
.549648000
.494970300
.539110700
.583199000
.544168499
.524299400
.563021500
.590671601
.562381900
.585352100
.555818400
.565736500
.557068500
.499899600
.658211800
.435809200
.501534200
.568523700
.597618700
.528503500
.589682300
.528176300
.658299300
.508858299
.570792700
.599267500
.564581000
.405891300
.590735200
.590951700
.580167900
.655588900
.569513700
.564748300
.530490500
.573632700
.556295199
.558101800
.589871501
.576037100
.528164200
.624130900
.507019300
.546436799
.531134900
.545352000
.603522101
.549798700
.559882700
.516441700
.425975500
.567285600
.531522000
.554436700
.619177100
.569310600
.537505300
.556717400
.544254000
.619001200
.619681500
.514204000
.546045999
.539450800
.518357500
.574729301
.526165200
.649161300
.424214200
.550837500
.498690999
.534998600
.525311000
.571534700
.528531000
.577963800
.595248001
.531704700
.548920099
.564655600
.512058800
.569678301
.570272500
.515394000
.549078799
.571834000
.487957101
.561467100
.551297700
.548970700
.635441700
.552804400
.576805000
.536962900
.599797900
.589678300
.552257600
.546673800
.560267300
.538662000
.510063400
.549909300
.556788899
.574483100
.543834800
.585469200
.634268200
.573121901
.591953800
.514622400
.566011899
.545073800
.499944300
.566190401
.575630200
.497805300
.542082900
.574955200
.654775400
.587368200
.562445600
.535744500
.504212000
.558032000
.571288000
.536071300
.618893900
.595300800
.761733200
.604525400
.766857800
.681445200
.507253801
.604790299
.539347400
.584268900
.582847600
.592958900
.549752700
.479882800
.505861100
.519443899
.628761600
.492300800
.724777001
.517628400
.750546799
.568692100
.573317800
.556968000
.536972600
.590766801
.580530200
.619282800
.586073700
.536866000
.583863200
.400080200
.553444200
.510099200
.508163700
.643254000
.585755299
.538620900
.559901201
.568886601
.630014099
.613158500
.603503700
.502253800
.614931100
.559343000
.626006700
.564154900
.562661500
.521127400
.522518100
.500008300
.596490300
.568421300
.585863299
.705776600
.420969900
.571285400
.563238700
.578552301
.566000200
.540684500
.581486899
.588273800
.552938000
.576071400
.595700500
.555354501
.567467500
.609144300
.575103000
.560663800
.557245400
.547298900
.549406500
.580136200
.560368800
.637072499
.585468700
.535416500
.578342501
.684323100
.408993200
.537775299
.608491300
.551890200
.728547400
.476298601
.554856200
.554689300
.567739300
.605754400
.535940900
.628050200
.580544800
.554168299
.509204000
.547512800
.605803501
.536424000
.585739900
.563343599
.563354900
.524395301
.529712200
.526634000
.614752701
.567973700
.566690001
.597172799
.586536800
.581650000
.519839700
.592696200
.544088999
.530656400
.528241200
.590203601
.578479600
.556180400
.562505900
.502458800
.535936299
.598659000
.502467100
.514311001
.651427400
.416144400
.558545500
.541718500
.635451699
.526410400
.604516400
.482732600
.604602300
.676768400
.605407100
.532423599
.655119401
.577885300
.546296500
.504415900
.566153900
.605809900
.543092200
.563354800
.540764300
.538069200
.565593099
.566029900
.568584900
.542934901
.501045200
.569587000
.542134800
.564040700
.532264400
.611175200
.629760500
.598115500
.551810500
.566340499
.571519500
.561696700
.541661201
.617570900
.620561700
.467523900
.518040500
.588775400
.517825600
.795680700
.436879600
.539950200
.551873000
.510882800
.746472400
.615118600
.554241600
.611885300
.548873900
.535321900
.541666000
.498103000
.516292400
.575705300
.571225300
.593132100
.558141800
.555597800
.536999800
.564214200
.504198200
.516470000
.571625700
.565011699
.563788000
.540286400
.597564601
.531635800
.526569400
.541609300
.584491700
.593503000
.584485600
.530972400
.594998100
.697032100
.415091000
.572306099
.597404000
.527446200
.706746400
.544176900
.560261100
.617337000
.602771100
.567075400
.532433700
.601984500
.541711800
.631268200
.510789100
.567157500
.560147200
.597362800
.558234300
.601285300
.560699100
.541015000
.570163400
.543621199
.606877600
.558342300
.587322801
.585105200
.609770100
.563053900
.557898000
.599723600
.525986300
.683340000
.448998800
.597219100
.685842700
.556122000
.568360601
.611584300
.541535700
.710088400
.608900100
.610572700
.574855300
.604804300
.606956799
.518569200
.500665600
.577204301
.548088900
.574886499
.685880700
.533905500
.583471601
.548888500
.569164600
.545066700
.725865300
.500754800
.570614900
.618972000
.575692700
.555626700
.589505800
.575235800
.587669600
.605901500
.565072500
.661268899
.654545700
.644408801
.542356100
.599783500
.578557600
.634242200
.417759100
.569978600
.552598500
.599976299
.583050900
.608950401
.496925600
.572019100
.645134500
.562650200
.554589200
.625810800
.552488200
.614385499
.585281200
.586657500
.598423201
.529429000
.520564100
.684530400
.549546900
.629186900
.540726500
.615575500
.542763900
.561097200
.586360199
.599865100
.568435301
.657710300
.443217200
.594217099
.618805100
.543116301
.528030700
.578764800
.597940700
.578344400
.567874500
.551928300
.577782100
.563139899
.540504100
.594280500
.557171100
.616489200
.536868401
.624369000
.706413500
.460989399
.756499100
.556388901
.544770100
.910671600
.473545100
.658263000
.594303100
.596123100
.626901100
.575559500
.624474500
.607778100
.608239900
.543177700
.571205600
.558385500
.566157100
.535384500
.532238700
.568658000
.572227200
.510477500
.577280500
.508073400
.557110900
.659942800
.408668400
.856271900
.942180900
.459221500
.547872200
.531911700
.555511300
.525528800
.621089500
.566939800
.567795300
.633602800
.598728200
.655168099
.552477100
.568022001
.611038200
.577698999
.581542501
.580731800
.504634200
.577485600
.528514400
.512512400
.635581600
.556397800
.595092700
.771293200
.415267200
.812750900
.526764400
.542468600
.585429000
.634721600
.555349700
.498908900
.558628599
.595561600
.509821300
.697077900
.643802201
.644726000
.559706500
.583553000
.599838100
.567781000
.551242100
.565290000
.570578000
.578207200
.546894800
.583467300
.523203400
.569215400
.583800999
.582664600
.609410001
.560603400
.595765800
1.011840200
.447954499
.583411500
.551111901
.551035900
.566647800
.412644700
.705326800
.560111700
.627395299
.572451700
.629053200
.549962301
.588032500
.595073100
.531874100
.553442200
.634447500
.571622300
.571748500
.661600800
.596091600
.513986500
.602115100
.536426900
.579219500
.603743100
.613594200
.548992700
.864322800
.468923700
.586940900
.565695800
.603061699
.516962401
.576471799
.522140900
.602983300
.585209400
.647202901
.662678200
.541154000
.585905300
.557673100
.592379200
.591745600
.595070600
.633070400
.531875200
.587364199
.549593200
.540786200
.556108801
.596533900
.558708300
.521764800
.663018100
.709560399
.586153500
.573447100
.504083301
.600350800
.549600899
.549694200
.709350300
.480850299
.563661100
.521464900
.612983700
.566702200
.567188400
.567064400
.540021300
.577173801
.610683300
.610092000
.550492500
.616688500
.529442200
.585172300
.562670299
.522687300
.543008700
.590190300
.623330600
.524393801
.548072599
.525188900
.570859800
.591941300
.609939400
.567253599
.486851000
.602918901
.526260000
.603423400
.764984400
.754902700
.717477600
.681938400
.786120600
.641805600
.764714199
.628651900
.765114701
.746623700
.684610000
.798787200
.794750100
.672439000
.801851400
.606571500
.538832899
.615032800
.526555100
.568191600
.571757100
.579303900
.574353901
.568285900
.594648400
.584339900
.551496500
.543306099
.523509200
.524049800
.523780501
.532205100
.534004100
.556736600
.586104800
.631367799
.609819301
.583019499
.547230400
.618453200
.537351200
.592751000
.570123200
.555629500
.833932200
.411679300
.566069100
.496252200
.590108200
.611543800
.506581800
.676764599
.527707800
.546401901
.508779200
.575504400
.615233000
.525271400
.519389200
.568002300
.538294200
.602983800
.574660500
.554631399
.559101400
.536718300
.581695300
.542030600
.564737500
.562547700
.578858500
.546654400
.579014000
.578489900
.577669600
.536598400
.511023000
.770886000
.426092300
.491960700
.613496800
.514774200
.598553900
.583960800
.556273800
.557918800
.544629100
.477688100
.550547300
.512065300
.628611199
.575126900
.572059200
.554523901
.509096700
.515141900
.565401600
.576006200
.581380199
.601975300
.529117502
.560257400
.519929200
.593286999
.617820700
.527076900
.550972301
.579126800
.546247400
.606409899
.660910900
.489953501
.574381800
.575272000
.562542200
.568903600
.627747000
.584286000
.607146300
.534164900
.514900900
.500742701
.558199900
.587291000
.638230000
.586225400
.532837001
.587255800
.543857800
.558113899
.538256800
.635984700
.565791901
.525242600
.595199300
.546502200
.512429800
.565871999
.502077000
.529243700
.605434101
.527300600
.536183000
.540436800
.593163000
.559096700
.538209900
.540504000
.696544800
.472895900
.530946900
.543109202
.552674299
.471972400
.571096700
.716200100
.524375400
.566213300
.561319200
.431448900
.558401200
.527236499
.657986600
.547082800
.545275801
.537272500
.538905500
.562572700
.555728300
.589583700
.567332200
.530761300
.560011100
.540061800
.561105400
.521033900
.526445700
.534191900
.536923400
.555799800
.599230600
.561946400
.601116600
.699962000
.597402000
.645220500
.579904800
.580608399
.528007300
.585132500
.602203900
.562969200
.535395801
.615829600
.564058500
.551096900
.534101400
.570871400
.578510999
.551209500
.524209900
.590214500
.542307200
.608914901
.529133500
.544805500
.529562900
.571115600
.532060800
.548687300
.574094500
.561672200
.506881000
.568716600
.617884100
.549465900
.591328699
.618085100
.681234200
.546254300
.555936200
.645425201
.470370500
.734597700
.818945300
.447997400
.774403500
.534829400
.546960000
.587910000
.550222000
.543069500
.571319700
.514170700
.591281600
.558476000
.585192699
.520995000
.525922300
.491084301
.548355200
.567407300
.584520400
.565224900
.523955399
.576239100
.548183900
.598984900
.556156400
.582196300
.541640800
.618368900
.575267799
.585661200
.502783100
.540257601
.676946600
.462463600
.611795600
.478473700
.580308701
.558947200
.597756400
.548621200
.562819700
.516109600
