.467362000
.505805100
.471211900
.464971101
.586088300
.483967000
.454582199
.480289300
.773895600
.491388301
.406496900
.406910200
.603334300
.537976999
.457957700
.498615800
.583890500
.452266201
.510485099
.431906100
.546322300
.417552901
.466514400
.414750700
.545834000
.516531200
.457094400
.480763900
.569830300
.431810300
.401233599
.478775500
.547015800
.491685201
.523472700
.383361700
.693974600
.443062700
.495166000
.499767899
.557795900
.477645000
.424370900
.447604200
.537354000
.451661601
.404576700
.488232200
.536204400
.460156400
.442802500
.437286300
.569609900
.478960600
.425544300
.512389200
.558793200
.458194000
.451293301
.453329100
.496720400
.433309800
.465846500
.465413000
.738217900
.654226699
.579007101
.516439900
.711317800
.469231200
.436689600
.476255600
.579738400
.392389900
.482416700
.478042600
.578895400
.437073500
.497960900
.407880900
.634239900
.443034600
.420733000
.431765100
.610795199
.490671900
.442194800
.470586301
.539013400
.396773500
.396997899
.429600401
.539761700
.405519000
.420113900
.450032500
.605455300
.464270700
.455690000
.427058300
.625903700
.467290700
.466908100
.457764701
.552153000
.417507800
.460674100
.465655400
.552677900
.460921900
.431827100
.393788100
.577792099
.411588400
.422737300
.432654401
.538029800
.508551700
.476275699
.442077000
.556217800
.504465501
.388497000
.455578000
.507265700
.428614600
.447968600
.448211300
.590366600
.445897800
.482591800
.468763200
.593881500
.415711800
.403004100
.466840800
.542989600
.511331700
.462266200
.452231100
.590163899
.483645600
.482228800
.439915301
.555763300
.401536100
.409613899
.417459000
.574441900
.496440101
.455331900
.417384200
.553868299
.482657000
.477603100
.385237401
.578122300
.406495100
.431447200
.486426700
.554089300
.460774600
.554895500
.443929700
.533075499
.399741100
.444705400
.413562100
.602126500
.472066100
.404081500
.464320100
.562242700
.440837800
.488657800
.440507400
.588386100
.418261200
.401974600
.486354800
.580308500
.419856900
.442158200
.487916799
.621305300
.454150900
.432231500
.405720900
.532286400
.400246501
.445917200
.470542900
.538528500
.486953599
.477026300
.463201300
.580499101
.398644100
.404611800
.462093100
.513888400
.443070300
.482042400
.412489700
.523479500
.492560600
.387512100
.418022000
.531917700
.408432200
.399574400
.483298700
.558263499
.463810400
.449081600
.502289201
.639419500
.450603500
.501866200
.453963800
.580706099
.413678401
.472458300
.456698000
.556199500
.436935500
.496473800
.467636500
.521177200
.454947100
.489473700
.446676400
.543711800
.459186400
.498589500
.395484900
.513590200
.470400100
.465126599
.471334100
.540015300
.428870000
.424111201
.467690000
.558343500
.472704300
.435964200
.438505100
.545724000
.437367100
.383631000
.448983300
.553728400
.430899100
.455317400
.458792399
.591818300
.452439901
.428421399
.426140800
.540292101
.460851500
.490882500
.398901700
.505385000
.504331500
.431789400
.426163899
.589721001
.433320200
.499040800
.442997299
.487433700
.466768900
.483934901
.412431800
.555859200
.402856000
.478305300
.435647300
.525999800
.507348900
.470328000
.453754800
.505940100
.440067400
.407844000
.474146500
.556248500
.412674199
.466056800
.430653100
.549837902
.453094400
.416937100
.460057301
.550501699
.428947500
.433526600
.486183500
.526934700
.430532000
.460798600
.446368800
.532299000
.467409701
.433624000
.369540600
.571590500
.419638100
.424052400
.428527900
.506722099
.453926100
.432747400
.457159501
.521268200
.529621400
.433896799
.441131400
.574908500
.484273501
.408142400
.401095000
.539838100
.477808100
.380763900
.435898900
.566181800
.389742200
.468465500
.386311599
.498453100
.417711300
.468406501
.445128600
.529090300
.386105599
.436295400
.438719200
.510012300
.467617901
.424005800
.418613900
.585305099
.444717600
.451768300
.474977300
.712391700
.359994400
.445696101
.464226500
.560870500
.448667600
.436069800
.412112800
.593773300
.465942600
.424384800
.454857100
.502703200
.443772300
.456792600
.452647800
.589974800
.415903600
.430042100
.452158000
.562362500
.459681400
.387791800
.379046000
.592997699
.438658600
.452148300
.404119601
.532866800
.417862600
.467669799
.441358900
.559562900
.393262200
.526692401
.469560500
.734757600
.469100000
.455179200
.403273299
.533927100
.488860200
.530735701
.425908100
.604860400
.450636600
.446571400
.471838300
.559867800
.461386300
.414787300
.448018200
.568939000
.440121000
.411725600
.398184800
.515287200
.465834800
.478494899
.459974100
.532584701
.433108399
.455992500
.427654600
.631647501
.427654100
.400790500
.382299100
.592412400
.562964200
.446868900
.465399900
.524491400
.413489100
.455055200
.382001400
.542353900
.485845100
.426002000
.484805800
.582888400
.468372500
.471560000
.421141200
.564031900
.467373700
.463253000
.447257500
.502638900
.465707299
.437406200
.443723100
.564620701
.493446100
.436402900
.480925900
.601181900
.405762000
.434440900
.483966800
.525812100
.620554100
.522645500
.475809800
.702271399
.418841300
.480475300
.416127801
.537391500
.405328800
.501965499
.455886000
.503772600
.441942200
.474785000
.459697800
.592809201
.437318700
.375786300
.464650399
.515092200
.535104800
.542290201
.510336000
.529588600
.419350300
.398801700
.410892500
.536258001
.416753100
.478995000
.450322200
.570571100
.461159300
.408949500
.506311000
.559982100
.411542300
.483850300
.474734600
.557260700
.451170100
.427549000
.442513800
.547372699
.426432600
.414716200
.408263101
.515617800
.454326200
.424922599
.370731801
.610834100
.380671800
.499841700
.384013100
.598770100
.438010399
.385241900
.478245400
.513782401
.456373100
.451426400
.421395599
.526634500
.445799800
.450624000
.420447300
.526773400
.427852400
.421244199
.462381100
.492130300
.455278701
.506171900
.441504400
.580181399
.428984000
.462709500
.417054001
.503130900
.457500300
.472045700
.431834400
.553640900
.427977299
.442003000
.420372000
.524700800
.470746101
.410304200
.404093100
.590816100
.446879600
.420376400
.474897100
.471731200
.419216400
.427495100
.380633399
.535120700
.432165600
.457780501
.463041100
.546592100
.431275999
.422621300
.416360800
.546847201
.466175200
.456045300
.440486100
.527609400
.415247900
.494710600
.471837800
.568778400
.466512800
.404050900
.461946600
.549609100
.506084000
.471570100
.420060900
.534202900
.486127600
.447971000
.460084900
.541447300
.400188800
.447820900
.466929500
.556226500
.466550899
.463886600
.431381700
.565124101
.478071900
.412162200
.444100300
.502695000
.405717100
.545251600
.511729200
.520027100
.491759800
.446664300
.419340500
.529804700
.446646200
.410067100
.494535300
.531896200
.458417500
.434541400
.416140699
.553704900
.482081700
.488722900
.430425900
.506868500
.424197401
.394049800
.442092500
.543171300
.429950500
.419273100
.440417900
.538096400
.479166700
.368269700
.403162400
.585730300
.364251000
.456385500
.470466600
.539902200
.527604999
.434631000
.427855600
.558697101
.428215500
.441522500
.495848001
.541580100
.412005300
.460198500
.435170400
.559094600
.403882000
.470737100
.463473900
.537582800
.394576800
.417341400
.446104300
.548844799
.464636300
.464276700
.376254500
.562305799
.432203000
.438059900
.399694300
.552392800
.423336600
.442742499
.384355800
.550847200
.422016400
.419835400
.467028800
.577526601
.437461000
.444937500
.484062400
.494343000
.447658300
.445075700
.444048300
.550503000
.430601600
.426846000
.433651700
.522220600
.429935299
.485805300
.393620200
.602665401
.467989500
.443350500
.435054200
.519168000
.427454000
.450089200
.443305000
.541773200
.466589700
.377877900
.438389700
.600505200
.499255700
.534878499
.458748401
.802900600
.492410300
.568781599
.487009300
.737308801
.481291900
.439793700
.432096500
.542003000
.419301800
.458452300
.431097300
.568163300
.393584800
.500014100
.436487200
.591302700
.418172899
.448093700
.470023300
.588450601
.442830000
.455300500
.420315500
.520045100
.437400700
.430951900
.474506600
.504081800
.422805900
.454796800
.470460100
.516764100
.443281200
.488812800
.405605100
.542347200
.464326700
.439109900
.421062900
.541600700
.459220700
.441225300
.391211000
.568054000
.450393699
.448217500
.503233100
.541064899
.453562600
.500359700
.418508400
.562984701
.432368900
.403633799
.419260100
.542405600
.450603000
.486378700
.448649500
.508577800
.472078001
.483533500
.452951800
.603782000
.475048400
.413740300
.452172200
.548486000
.432597300
.560261000
.468119100
.528321100
.500920600
.499873500
.501788300
.538498699
.413376200
.479042800
.452477001
.526452600
.423727600
.426517900
.433960100
.520089300
.371071100
.491867101
.438471900
.505352600
.497810399
.450699400
.450435600
.536729601
.467100400
.497884400
.467756300
.493482400
.471243400
.460509799
.469050700
.546570000
.448428900
.456866700
.423124000
.590775400
.480055700
.473798200
.415988900
.559175800
.486703000
.472819501
.414978900
.546170300
.430845900
.404710200
.445546000
.572000100
.423027399
.473821700
.452650600
.537115399
.444724400
.455480100
.427797101
.523269900
.463206800
.459224500
.435536900
.501909200
.407679500
.422487700
.429066800
.539204799
.465328401
.464559900
.399470700
.561962699
.424264600
.420102300
.483176501
.546368100
.438626300
.470516799
.428913400
.512105400
.470290701
.431805000
.417711600
.547881300
.424269400
.370595700
.498392201
.516033298
.415837900
.427365600
.454902700
.519493000
.423365200
.434802401
.429841600
.492324100
.466753500
.428773000
.371804100
.525966100
.483093300
.439596800
.447981800
.583685900
.422020900
.412747200
.419071900
.573625400
.411336300
.386742900
.464080700
.542719600
.442066201
.446407100
.454418800
.503015300
.522051300
.451385200
.417822500
.537884900
.432190400
.419980600
.417727499
.551726000
.425194500
.482872101
.428574000
.547740800
.426291500
.411333400
.436437700
.494509300
.427670300
.433343400
.465169699
.519708800
.458414700
.407273400
.451437701
.519138200
.418765900
.435898701
.479153600
.513914000
.456989700
.452598599
.461879700
.446656900
.444791700
.446994900
.461813500
.620739901
.426702200
.458205900
.368863799
.597405200
.438031100
.444951900
.414945900
.521001900
.449612901
.483383100
.387592800
.535845100
.490581000
.414069900
.445056300
.559486100
.438036500
.455878900
.430812799
.568141200
.419984800
.465893001
.437094500
.608585200
.381607799
.434818000
.449904100
.616071501
.458761100
.443537200
.471272800
.587261800
.421530300
.423939000
.442564700
.653375800
.449004900
.455617500
.387020000
.527201700
.484195700
.457618900
.408111300
.535954400
.468190600
.434667200
.442912600
.579763500
.418160900
.435929200
.382291500
.515779200
.474768600
.425598300
.453207800
.474419100
.445741900
.419991200
.429263100
.548240300
.438601900
.407177700
.482549600
.560213600
.429286500
.432475799
.428219700
.535739500
.474890700
.454376900
.371127100
.500216401
.422389300
.446792700
.457853700
.555213000
.420325100
.445881300
.434764400
.546451800
.423776300
.428945499
.432338900
.571911300
.483746801
.477542500
.415415300
.527350200
.462598400
.395368500
.386378500
