.266772100
.279791100
.253352800
.228514700
.237515500
.268013599
.236002800
.242636500
.248419300
.242906600
.237415500
.280972301
.271645500
.241776400
.233816800
.223155700
.243281300
.233469000
.237509400
.279729500
.240945100
.281548100
.239130900
.279555301
.282947100
.264869300
.236248200
.232906600
.237202900
.241664600
.242686200
.232062700
.234229400
.238468000
.235859000
.225159300
.234173000
.230163200
.232110100
.234144000
.240689900
.304659500
.227802400
.239142100
.230521900
.236721600
.236713400
.265731599
.230825500
.230149100
.243717600
.236495600
.249110700
.278042701
.241608000
.237005300
.235427200
.233215100
.271209300
.261202300
.235953300
.242202900
.242213400
.232807500
.237434500
.268998000
.245875400
.232280700
.271527300
.240959800
.250955700
.269166900
.274337800
.242268500
.250819300
.245392400
.236275600
.286776300
.280166700
.266923900
.243154300
.244294800
.277847400
.235200800
.271775500
.235514300
.233286200
.240032300
.337369099
.274384500
.241575600
.247869900
.247788100
.237459000
.318236400
.383276500
.265437000
.292853700
.243913401
.289869299
.246161100
.278724800
.241011500
.240780800
.278587600
.264387600
.234070600
.264506100
.244898200
.277333900
.268954399
.288250300
.279383400
.239320902
.478522099
.287284100
.268778900
.241364999
.236460800
.239693400
.236956600
.261760901
.243027900
.232054800
.239136000
.239663300
.238984400
.295376900
.289388400
.302455000
.538971500
.424686199
.384745300
.315942000
.405795400
.795541900
.308516300
.429211101
.291930300
.298553300
.246118900
.314200300
.278026500
.400638700
.299650700
.306602600
.259770000
.286883999
.265600700
.391380100
.293778600
.293279000
.374869201
.267292300
.494625800
.275132100
.341664800
.402408600
.304342300
.368580800
.279400300
.408060099
.344900300
.269159400
.384953000
.384773601
.375474600
.243941700
.291637700
.338233900
.411692700
.238063500
.217994800
.254868500
.239788400
.314392799
.343784100
.246440500
.267963700
.260416600
.296043100
.242283600
.271807400
.250941600
.356399200
.388052601
.294270100
.380055000
.246020800
.243941800
.345608400
.304773800
.326386200
.250119600
.237151700
.320556300
.233023800
.270419800
.266871700
.241976100
.242255400
.280059000
.568429300
.321871600
.328482299
.522694700
.341558400
.249214200
.415805601
.370691599
.247829200
.241520700
.277575499
.242672001
.267086100
.234700100
.232647500
.234743600
.235198900
.242973600
.284635899
.265166300
.243121800
.238561000
.237891900
.235848601
.272887600
.261280300
.241252300
.239055900
.236321700
.233060301
.292424100
.268348300
.236061900
.239146199
.245404100
.281654901
.268918200
.274262500
.266367200
.249395500
.271037400
.262432500
.301849000
.241418699
.279922200
.230027700
.283093901
.273713000
.230465800
.269461000
.228033399
.233277500
.231420000
.268937200
.238335700
.236337100
.244292501
.234050598
.280602201
.333937800
.285728200
.244618700
.239756400
.237234300
.277688000
.266804300
.310898300
.236562200
.226310300
.309539700
.271272300
.264767400
.230871000
.234398900
.242638900
.273894999
.240950200
.268061000
.252690800
.266911100
.248494201
.248366700
.275951800
.234562000
.236740900
.233519800
.225994000
.279074999
.243299200
.279262700
.237419000
.255352000
.233501800
.292406600
.264668400
.235720600
.235744800
.236645700
.236575500
.260459400
.227347800
.245221100
.241033800
.230342200
.240461100
.234113100
.274287700
.243243400
.265706200
.242857900
.298442201
.233972700
.271842200
.231833200
.235759700
.238555600
.266973200
.269778500
.300031800
.266852200
.228453100
.264596100
.325749199
.269116400
.232190000
.236543000
.243260900
.233441901
.235190000
.280762900
.236831300
.230888200
.237149200
.224703000
.239126601
.265554100
.259402100
.232453200
.242596899
.303642100
.262461800
.266196400
.234700300
.250300200
.266223500
.240599000
.257728700
.257145500
.248994900
.232984900
.267454100
.261816001
.274198000
.240159500
.233612600
.264607800
.227608200
.267101300
.262054400
.242873800
.244642100
.243721900
.231451100
.280780700
.260467500
.234958900
.226321500
.242160500
.238548201
.273449999
.277167600
.232459800
.228759900
.247278500
.230225300
.236239800
.270551700
.242332202
.229978900
.243439399
.235110400
.256235099
.233728700
.269065600
.235280400
.236651599
.232246400
.261502201
.302951400
.264354600
.286047200
.227244000
.290034700
.266175500
.265923100
.288813400
.233457900
.253317200
.272860000
.290861200
.265849000
.234268000
.234844000
.242938000
.269796399
.264341600
.234008700
.242950601
.235184700
.273409499
.261976900
.302632100
.237367800
.260521800
.238181600
.312662700
.264046300
.237888600
.230008500
.238664000
.238216500
.265209201
.266341200
.273926900
.251483600
.285720400
.271455700
.281904400
.415500200
.267801100
.246158800
.280469199
.234450100
.230229700
.238650500
.246456700
.232455501
.248508600
.245720900
.314467300
.275948301
.244320599
.228707799
.255958900
.239753000
.278758900
.231189300
.228366500
.243733700
.269683600
.228282800
.236870100
.234596900
.241216400
.233075700
.273147499
.243415000
.284067100
.235250800
.300761300
.241071701
.273291499
.233148200
.233902000
.238037700
.243189000
.235247800
.354770499
.229154200
.246952800
.235957500
.378523000
.271416801
.260831400
.263484100
.234696000
.239304200
.227178900
.275839900
.254764500
.284877700
.240178500
.231679700
.235564100
.277910500
.236599000
.239007400
.239276500
.228898700
.231831900
.279643300
.264920200
.245966300
.234728100
.269279000
.287504800
.275238400
.232626100
.268901400
.266267500
.228882600
.280078099
.235587000
.237425400
.226981800
.236083100
.232594200
.272771900
.266134200
.330405300
.268477000
.230866100
.236134401
.284933900
.263444900
.266701900
.234930400
.231131000
.286236000
.222410800
.240883300
.231433800
.233040000
.235712600
.289696800
.268840100
.293062800
.236021200
.264461500
.234011900
.272355900
.261975700
.235468400
.232033500
.246277100
.240382400
.266973500
.285662500
.246853900
.256615400
.234055400
.268041900
.308750499
.276531000
.270075300
.237416100
.268995300
.265984001
.298734700
.262636800
.226715500
.239492400
.233050700
.277466699
.295076600
.235562200
.258885200
.225358800
.262447701
.267165800
.280982800
.236429099
.268427300
.233699100
.267415900
.282997200
.238467700
.235030300
.243968500
.230397600
.265469001
.270739400
.236974600
.233103700
.233886700
.230759900
.258968700
.233107100
.237661000
.247154100
.229137200
.223638700
.279546300
.240833900
.233331400
.227126600
.241414000
.231238600
.275125799
.269725800
.240614200
.235624700
.240093600
.230675100
.267523201
.264833300
.263784000
.233032600
.231778400
.245469400
.272582200
.260476700
.266203700
.242880200
.232905500
.235653400
.276386499
.275469300
.226365100
.233471400
.241741200
.240602701
.276656099
.278616800
.241765500
.233202300
.231288600
.235030500
.265213900
.237179900
.231626800
.234977399
.234479900
.230011400
.232183001
.271143800
.263642900
.242241200
.232450200
.231564600
.269616300
.284437500
.260800799
.266675901
.262320800
.231085600
.238693400
.266522000
.244268000
.240417000
.244438899
.237305301
.317785600
.277097400
.281814300
.240513000
.280172100
.300261400
.244601700
.272449200
.235464800
.229859900
.278783799
.296950700
.261206900
.239669600
.233997400
.235740300
.262265201
.264216100
.286719200
.245620400
.236997400
.242247700
.288211499
.235593900
.232771800
.238242400
.235134200
.238759000
.288056401
.272278001
.267240600
.238772599
.239457001
.245283899
.262265599
.234530500
.244058400
.256924700
.246785100
.251725801
.236718801
.270350000
.274031000
.232963000
.238365000
.231932401
.274060500
.256298200
.239351700
.231246200
.243841500
.236015600
.239551300
.237215400
.243138900
.241235400
.241289700
.239358100
.268086900
.271330800
.245422800
.234823699
.249127400
.308016401
.315600300
.261848800
.277871900
.237040000
.240021300
.318397599
.261137100
.234160300
.237755200
.232460300
.270944700
.221683600
.288248500
.240266300
.266119000
.235083600
.305031901
.260424700
.272318100
.223296000
.238504100
.255047800
.276406100
.283775000
.260998900
.238341800
.288227100
.231910199
.281217099
.243142300
.237375700
.242240000
.232638400
.268974301
.237714800
.291028800
.242722400
.239256100
.231788000
.278078500
.255282299
.285163900
.238272400
.258434000
.234044101
.287120100
.237569200
.272769300
.223939700
.274723500
.233394500
.274103700
.269922200
.232046700
.258517500
.264151400
.240629200
.289853399
.229242300
.268612900
.239705400
.245647300
.238618700
.278806800
.233250100
.236751000
.238027800
.241091200
.273608300
.235679100
.282411700
.240486600
.235263200
.248514800
.228461100
.280341000
.246829100
.232306600
.245125800
.243283100
.286266600
.260436700
.245214300
.237117700
.236559700
.241862600
.431323100
.240629300
.229974300
.234271900
.246011700
.254906800
.229234400
.264162200
.247264800
.273689200
.249055900
.310590899
.263183400
.242942600
.236443200
.243845600
.236510200
.265606600
.227247300
.326883500
.251610800
.254485300
.243486200
.276872700
.270541100
.294754700
.238444100
.263860000
.270600498
.289771600
.241364500
.236580200
.265496900
.241939000
.293854101
.247157800
.261388800
.244480100
.235132600
.234441000
.263791800
.278461600
.232065900
.235491200
.229557300
.223039400
.319415400
.274702500
.240948600
.240477400
.242386298
.241778801
.273318000
.275671700
.240268000
.238270200
.241903700
.263663799
.232748100
.228514300
.229917000
.230527400
.227516900
.244094900
.236350900
.240119200
.238795600
.229803700
.264089900
.232221301
.265380999
.229849300
.259363800
.303185900
.266269600
.260198500
.231419000
.261255300
.237244000
.249008100
.235250000
.234234100
.240358400
.231887800
.233933500
.239942600
.265828600
.274600500
.238238000
.271648200
.246764500
.230588700
.235545799
.278732201
.239880400
.262483500
.237798300
.232935000
.267002900
.264844200
.248724800
.263774400
.238628800
.274168800
.232470300
.271797499
.250482800
.262472200
.239332100
.234887400
.246508600
.275496801
.262388600
.233703600
.238951300
.235934300
.234602300
.235104400
.294606600
.235969300
.241001600
.226647000
.226568400
.302576100
.236915900
.278526800
.245713200
.234046400
.385816799
.245204100
.276008700
.240841100
.227930800
.239353901
.319533399
.270094000
.247908200
.236366200
.277792100
.285866700
.266257300
.226661100
.238828300
.230989600
.240446100
.317251500
.243676500
.248205300
.239893300
.240431400
.239939600
.268023700
.230705700
.272589200
.229926100
.248528000
.265116500
.283426399
.267233300
.263948300
.235127300
.232492100
.237388301
.287467000
.232975300
.274025200
.241177800
.278989100
.300739200
.242578000
.246392900
.221781900
.230185300
.234283900
.268925500
.229469800
.256689500
.237833999
.238717900
.241798801
.256590500
.233562200
.225816600
.235907400
.232922900
.269583000
.259344100
.327689000
.248697300
.261984499
.236857200
.250084100
.407343001
.262443200
.244904900
.244557400
.256013900
.232242600
.277336900
.245523200
.277733700
.240132800
.260771400
.247803099
.273217600
.242624500
