.424522200
.424245599
.439804100
.419980600
.456020300
.474489000
.430688200
.456748000
.480439201
.443920300
.452626300
.432640300
.463594200
.488218600
.419735999
.442538900
.508786500
.456555101
.470520399
.443262000
.475415300
.443418700
.460791401
.479040900
.423879100
.462821500
.444781900
.399183400
.455730300
.392639700
.443042600
.482257800
.427378900
.456057000
.414834500
.602824600
.446218200
.565892600
.727114400
.629890100
.750882800
.583148400
.712061900
.536644800
.532092499
.448088800
.412531000
.433195001
.456238000
.519408800
.373697300
.389300300
.456749000
.453329300
.470700499
.412363800
.458972000
.440276101
.384377300
.421460400
.374420900
.452357999
.488377200
.438423600
.445419501
.452329800
.452917300
.469551300
.456658800
.459011500
.439027900
.500744100
.459757800
.478709700
.440572500
.484516400
.448057600
.457789099
.469537100
.555793900
.464336201
.462183000
.384465000
.474399700
.495398300
.565972000
.415070200
.494645500
.449668700
.452024700
.456201400
.456242100
.565885600
.579420501
.456573000
.463223999
.506288201
.453978300
.449445800
.470153100
.454044100
.457911600
.463323799
.493391900
.461254500
.473410201
.451291000
.451206700
.431325700
.481260300
.449282600
.439170000
.518821199
.392993700
.451373200
.398163400
.458445300
.381388400
.490317400
.485785500
.476547100
.445574201
.383849000
.459951200
.440456000
.473548399
.461732100
.437295300
.451331001
.513188800
.456043300
.438769299
.443801100
.443335200
.413657000
.473678801
.456411900
.443101500
.460033700
.432362400
.449435499
.457723100
.463547400
.432537900
.409562200
.411763999
.426689700
.526459500
.415618301
.465927000
.417154600
.474324600
.424365001
.474470299
.415292699
.542225800
.551779300
.435658701
.513828600
.455102300
.445383500
.439392599
.495293900
.449055100
.480815700
.398454400
.429824601
.440980199
.533149700
.394402301
.445528000
.484739300
.462881300
.498747700
.470494900
.452207900
.439469300
.478274099
.459168600
.373953400
.466177601
.383140600
.461260500
.385026900
.485522700
.465117100
.454210400
.468453099
.487203800
.390007600
.405360200
.475275400
.385719400
.452844600
.477831701
.451414600
.426811100
.479387799
.442937300
.450454900
.414183901
.446079800
.445726800
.444816599
.431368800
.524122300
.448418900
.476561099
.478568000
.453806600
.457307001
.493249500
.424637500
.460835100
.377921000
.458259400
.449121300
.468044100
.462177700
.515779900
.463521199
.466142900
.454197700
.454797500
.393323800
.451467300
.376852201
.481448500
.533088200
.493436600
.516156100
.435128800
.460756499
.521962900
.422952900
.440651800
.474954901
.453956700
.457124700
.546540699
.477937400
.450558800
.541762100
.470048000
.462930600
.473422301
.384040600
.440377700
.415670500
.477880300
.393403400
.470750300
.462020800
.392944600
.467250500
.491703499
.459700900
.455122400
.440983401
.474020000
.453581700
.428201900
.482233000
.630032100
.441694299
.428622000
.452709400
.449456501
.425270799
.459607400
.383190600
.453914100
.469502300
.425017300
.456285399
.411995300
.457739300
.409858600
.400099800
.437396200
.374399600
.414748101
.502701299
.421748300
.450804400
.470804100
.452385400
.457420500
.470586200
.430485600
.376839200
.468588700
.395472100
.444659900
.422728200
.484551500
.498150001
.443297000
.462815900
.469293900
.565009000
.455633400
.457949400
.427547200
.438420099
.455876300
.496767600
.441110201
.458274199
.445137400
.379897901
.474706699
.456705500
.417467100
.442950400
.388307000
.530539500
.396079701
.705395100
.432817800
.382709199
.449743700
.475578200
.367981600
.452036700
.378414800
.447163400
.443110500
.481271000
.450157200
.445812700
.484010000
.475800900
.421365300
.469679899
.376805700
.516213900
.383565301
.464537700
.386161600
.473031200
.524877199
.396372100
.455511700
.403838301
.469198200
.404904300
.386285400
.465492800
.449322600
.421778300
.528608000
.428125400
.474204600
.464456699
.477942600
.434989400
.466630001
.481148500
.437455100
.446442599
.461682400
.463817100
.441856102
.481150000
.445839700
.458732200
.489371800
.459384800
.438187300
.481377600
.481791400
.443508400
.499044200
.473784500
.449813500
.392419699
.471421400
.452693800
.407019400
.467189700
.375755300
.452648000
.395702701
.514253900
.428940600
.464294799
.383650400
.436487100
.450686100
.487889900
.484772500
.388095500
.459645800
.462177600
.456857800
.478792501
.470483200
.545721800
.469768500
.441401400
.451057600
.380147000
.484204200
.371534500
.455314100
.388897400
.504871200
.594654000
.389962200
.486810300
.402595600
.439374299
.435371500
.462450600
.452882300
.474386600
.463807900
.446263600
.411979399
.500401900
.413802000
.471348901
.455358400
.496983800
.448266599
.459630100
.528542000
.410862600
.474708000
.383464900
.461878000
.518728700
.502335000
.381656800
.448887500
.385484500
.422930600
.450468600
.525359001
.469954100
.447176300
.478659099
.453226100
.746892401
.432950600
.404125500
.468038300
.367996900
.491637600
.424994500
.439071300
.505748700
.382922800
.419672599
.536395900
.486900500
.444570400
.427844000
.447997100
.425743200
.502836201
.472505000
.521289600
.474721900
.465133999
.442575201
.392112800
.483991000
.376161000
.459784599
.378392901
.453898300
.468063100
.435187800
.391887300
.449963800
.451187900
.424398800
.480839900
.497788900
.481309601
.465800700
.411568000
.495085900
.446127300
.449358100
.466387600
.501437300
.462422099
.412044901
.488079300
.371977500
.415002800
.391421499
.461696200
.427352600
.435685700
.397880300
.422193600
.448943600
.428899201
.488464500
.453718100
.485037600
.490286800
.475583100
.473753000
.431164000
.414625600
.471098899
.453535300
.377686900
.483882400
.412469800
.443960900
.492079701
.511149800
.454648000
.462126300
.383341300
.482110100
.424241900
.414434700
.510978500
.437355800
.380814500
.479151701
.462864199
.451976700
.445091800
.502196200
.468898600
.409070800
.489604400
.449359100
.458008900
.459279700
.538229400
.502156699
.480010400
.485916300
.438169200
.488245699
.451899300
.425665400
.490767001
.448672200
.457510300
.467481900
.470940200
.667222700
.472870700
.504465800
.459405900
.562520200
.520635700
.459371600
.465623200
.448136100
.508102600
.445968400
.474329400
.423126000
.454683499
.439637800
.453538000
.387988800
.503931200
.380583600
.440588300
.404341901
.455749000
.452139700
.396148900
.472366000
.382710800
.508523500
.515429600
.457280600
.416258900
.468249100
.446427300
.538633500
.478268400
.465217400
.647072400
.436258799
.497659600
.387682200
.456239301
.398811900
.427055400
.447041000
.437112499
.456029600
.404512700
.517471701
.436045400
.384247700
.415786800
.406584800
.466180800
.450218400
.466176200
.451923300
.458577800
.452467399
.460210000
.449419700
.443640101
.418223600
.502967800
.384361300
.503234699
.380518500
.442138900
.483275201
.462342400
.417271200
.443151000
.396329800
.647043800
.510215900
.433448400
.449044100
.450673000
.479328600
.453251799
.438143300
.480310200
.461501100
.447797800
.393858601
.535000000
.424139000
.427643499
.454142400
.435813600
.446409601
.491940900
.456298100
.437574100
.497821500
.459040500
.472766200
.473605800
.447055600
.446908400
.466843299
.466033400
.466474400
.441632500
.475858800
.461704600
.381004900
.481226001
.370008800
.480928900
.377712699
.482532500
.428507300
.436099900
.470582500
.431969700
.464201800
.415620001
.534856800
.375713000
.515731399
.459104400
.504792300
.489365800
.474941800
.449094001
.465881000
.479311000
.448546900
.466294300
.467676900
.427837500
.442298299
.462544701
.446164900
.449204600
.474781900
.545775199
.494168701
.734590400
.740175100
.764258802
.833700999
.585925299
.457246500
.445397100
.477888901
.461082100
.422835700
.478004799
.511177500
.402588500
.481846000
.462025900
.466274200
.446367601
.472072300
.447105400
.394851200
.493809599
.469277000
.457432101
.472103899
.516062600
.453248200
.474561901
.449166100
.479498300
.458674199
.467351100
.446872600
.452520701
.401027000
.459299100
.453790299
.492243001
.453907600
.458308200
.472166200
.462297300
.490008900
.448106400
.378097100
.454892300
.380312500
.539231800
.539173000
.447622100
.463728200
.488179200
.444913700
.405401500
.453021800
.456838800
.486916400
.465646500
.456372800
.474339100
.465515700
.467031100
.554432700
.465927500
.455830500
.422684000
.384173000
.491175300
.398827500
.480517300
.450139500
.435555200
.461048599
.445658700
.585935600
.446311100
.384551300
.473184400
.456039601
.463981300
.473529900
.407742300
.468188499
.459737600
.467044600
.419109000
.416101200
.461084000
.380331001
.447613100
.383241400
.478553800
.506824900
.384185400
.460821300
.406765299
.459309300
.447903600
.389012800
.459873300
.441813700
.470333100
.470440600
.466065800
.461174000
.436637800
.465516300
.430693700
.450175901
.463909600
.414027200
.368672000
.467996699
.406307800
.451375300
.385184401
.443345400
.464448100
.451024300
.467540499
.477097200
.420374300
.494406901
.473962800
.419126200
.469276900
.466195000
.415942700
.441028200
.471199600
.423008500
.496601100
.481099200
.434879300
.460212200
.473865200
.467553000
.458152000
.461250899
.450007500
.481096500
.416074701
.474617000
.381073800
.447435200
.467123800
.460498700
.450265600
.492215299
.474743800
.461054100
.494312601
.438985700
.420802100
.457226600
.431492100
.456175400
.473709700
.476210299
.458285400
.392602100
.491912001
.453440100
.456956400
.443645100
.373273400
.453292300
.445503200
.432313700
.461247300
.424966400
.490207500
.446945500
.436614300
.450331300
.481382800
.415381700
.446514100
.372081300
.447975800
.410880400
.479551100
.466166400
.440715100
.467888799
.394333800
.509120800
.414435901
.392777599
.463543200
.451729100
.441282500
.478682500
.447622100
.459852600
.457553600
.464666099
.481198001
.418321600
.453510900
.379954300
.451717999
.431128501
.471030600
.466315900
.380541900
.456381700
.426786000
.682727800
.460418300
.411593100
.476554700
.452363400
.451012600
.487450400
.465859100
.440480301
.472360500
.450733200
.540233400
.391290199
.449212400
.380220100
.446249401
.392305100
.388839000
.433346100
.475259300
.481500400
.462442200
.469681400
.427812200
.447002000
.376230000
.495783900
.422334400
.459955200
.470914700
.498636200
.427689300
.489072900
.434673800
.473019900
.433865699
.461400600
.447297900
.472580101
.497886300
.460122499
.446232901
.460256500
.460195600
.422482200
.416657200
.438974300
.476133100
.445648699
.492308400
.453495800
.443827101
.482221200
.461458999
.424415600
.470536700
.466343800
.425573000
.467561501
.380100500
.443131800
.393371499
.501949900
.450049600
.396580300
.468127201
.467262900
.423654600
.503822900
.385035300
.462377700
.459289599
.429101000
.454905900
.474685301
.450037600
.431980300
.461907300
.476698400
.434837700
.492360600
.380609800
.456317200
.385449400
.453895199
.488521201
.385554199
.435008300
.502692301
.481963900
.456077001
.372910299
.473674400
.425094200
.489376701
.460718500
.453752200
.473798600
.517295501
.389707000
.453279600
.475583200
.461272500
.430936500
.477069100
