.561675500
.493734900
.390293400
.610069600
.651660301
.682694700
.429275000
.408268400
.548526400
.516198301
.517113500
.543494500
.552369400
.456951100
.539932000
.471547000
.504981099
.533046700
.485800501
.387539000
.347072300
.368375700
.372852600
.371790800
.388155700
.336344100
.327329600
.355849600
.380174500
.332497099
.325127800
.339974601
.357601500
.380864600
.414593900
.340298699
.383122500
.352977600
.417315100
.345208001
.360066500
.353408600
.352087500
.330917800
.362968899
.354917900
.356435300
.315899700
.362582601
.348418400
.363847900
.328605200
.441478799
.356472800
.356879500
.335822400
.409811000
.350143700
.359594500
.336175000
.356741101
.372376300
.374888500
.371326099
.344379001
.368069500
.389524200
.338977900
.388077599
.353999700
.406197300
.383699500
.360871601
.363853100
.374430999
.332607600
.387477600
.371827700
.438323000
.359947500
.359827501
.378502900
.406838500
.330649900
.362482299
.422391700
.339943100
.339684600
.384380000
.388106400
.352094800
.341239200
.358102101
.346755700
.354482300
.335997300
.357812800
.368552800
.353020300
.341435600
.346742200
.361167700
.369588200
.363979801
.360472800
.361457700
.344763400
.357480800
.360760100
.367574000
.404068000
.360487500
.326514700
.355851300
.363879000
.344264900
.344594500
.362841200
.383425400
.335885000
.348578200
.367043400
.354065200
.364199300
.329603100
.380912600
.365666300
.364183899
.335645700
.327899400
.363168400
.354905600
.372761701
.347135599
.508749200
.350759200
.336961902
.348122700
.383454700
.377538200
.338308200
.332390499
.367399300
.352031700
.351844100
.342571001
.359348500
.340092600
.357019900
.382538500
.382776300
.367159700
.358638800
.332056200
.446715199
.368108400
.347816600
.331424900
.378592400
.359398600
.352114600
.339222600
.366127900
.351505300
.371332701
.374635901
.364636600
.358374200
.361394000
.323392100
.356115000
.344423800
.368217700
.367183600
.344553899
.371263700
.340418500
.339113301
.357717399
.599408900
.341891300
.327931600
.378455701
.344130500
.340059500
.340496900
.349982200
.387213900
.360978100
.374885700
.358435400
.357895200
.344246600
.395233300
.331065299
.370499700
.350387900
.331607700
.343874001
.354233698
.378249900
.354720000
.348510800
.363436401
.374326600
.331972200
.343126800
.387865800
.342061800
.346287300
.379393200
.404579200
.360096100
.335180100
.362011500
.381190800
.375478800
.358977000
.354517900
.364758600
.413256200
.344349500
.329355400
.358690100
.631383100
.331673600
.328142100
.368610000
.333523300
.332939100
.342642600
.368542199
.352497400
.364612400
.328864500
.410669101
.347238200
.355347900
.340082400
.356149200
.370417800
.331329800
.347067100
.321914400
.346163100
.378248200
.345738500
.322618000
.358175199
.376088800
.362077000
.336314300
.367277600
.375833800
.364175700
.342655800
.404025901
.366056100
.360844100
.348853200
.439931899
.354331100
.405124200
.335598000
.366134700
.368331400
.376160200
.315802300
.370510201
.521828700
.366256200
.326503800
.427050800
.355893700
.342448900
.366049600
.372168500
.355798600
.332680400
.439105299
.360512300
.333120600
.362003900
.334640300
.382083601
.357708600
.345060700
.372890100
.396725000
.359870800
.367645300
.330171800
.360569199
.411326900
.354147600
.339241000
.362550600
.354242300
.330929600
.358880700
.371558501
.389226700
.350425800
.348117000
.377560200
.343488700
.394338600
.330580100
.353550300
.397746000
.358525200
.337553100
.349115099
.351281100
.364772801
.354495200
.335675700
.375446600
.358583600
.374856400
.331277500
.439551100
.354991000
.336447100
.342896300
.372127600
.366234900
.376068800
.323964200
.407458900
.350852500
.374938800
.339569800
.390255300
.348537000
.376356400
.327173500
.415060400
.391613800
.349881000
.346460400
.375396199
.390526200
.473057301
.348530200
.411021900
.348164000
.364480200
.331622900
.356501600
.448327600
.341171400
.322412399
.377987300
.407675900
.363644100
.317779800
.396879500
.513040800
.368264002
.381952200
.392490800
.375340200
.355092300
.366274400
.369289500
.349374700
.327158500
.478752799
.365231100
.367822500
.326063500
.394129100
.365680700
.412091200
.330075300
.425168700
.345544900
.351341600
.396228000
.371347600
.358162300
.352244000
.346341400
.404713700
.366880700
.370733200
.328604100
.414688300
.347714800
.390472000
.354817000
.448462000
.381902900
.355511600
.368476900
.378593499
.420151300
.341667500
.371755301
.349773699
.665884600
.351602102
.413762599
.363085300
.423482900
.343358400
.387482100
.344552700
.345485300
.339560200
.422360000
.351363300
.340237800
.329376500
.399858301
.371243400
.342546900
.341943500
.414560900
.368130000
.363868200
.341582600
.368310599
.350151300
.341301800
.356811700
.388381101
.356033100
.365633000
.348106900
.333620299
.354725200
.350492400
.353331800
.343086201
.376146300
.344508000
.346540000
.374746000
.373165100
.399472600
.344806100
.339894300
.391005599
.686049600
.344855000
.359948501
.351478100
.335287500
.346653700
.361704600
.344993500
.335130800
.334830500
.327895300
.356649400
.371750100
.334063300
.359417999
.370809500
.352722300
.335264700
.325154200
.365150300
.389501700
.361612800
.354180700
.353659000
.359781900
.335544400
.362176900
.362093300
.375235400
.344280100
.334696200
.342723299
.396292200
.360296200
.366131400
.358523301
.393567700
.439543900
.332556700
.359677099
.367139800
.342886100
.346669200
.367590401
.380029700
.513516300
.334199900
.374389400
.351468400
.345766000
.325978400
.342590000
.385935700
.333436400
.380597700
.334297199
.390050500
.339064100
.362991000
.336391700
.396525300
.359141300
.329673100
.330726200
.361367199
.336895000
.344061300
.363192300
.410973701
.354927400
.344574900
.368395800
.376910500
.379950500
.352380800
.406419000
.363364100
.390009300
.352511600
.343591600
.365460900
.372964300
.362891700
.350529500
.436513300
.441899300
.379549900
.333422900
.383370999
.603143300
.338374900
.355248100
.379959500
.345222400
.367723900
.359620800
.355591300
.369991000
.330484900
.407752300
.366229900
.336475300
.375055400
.415931400
.391981900
.380202700
.358895300
.362401499
.372256400
.354221600
.323522100
.384425601
.386058900
.350810900
.399837600
.374175200
.383904400
.377362500
.344167100
.431140199
.357263400
.395068900
.334574800
.367289700
.361390100
.408073900
.325770900
.410230501
.350127500
.368794900
.393881900
.353094799
.580282500
.347676100
.329137601
.387617700
.356838000
.382536100
.335610700
.424700299
.345095700
.337493700
.334703600
.360114799
.345464900
.332652800
.332758000
.365065201
.340004600
.355349100
.346800300
.374303500
.351993600
.371872700
.333729700
.386172600
.386336400
.335462600
.365846100
.406467699
.357500500
.367221900
.327380100
.356390301
.376656000
.353220700
.332050500
.332579200
.365416700
.359414900
.345984000
.365190800
.368730800
.380738200
.360571900
.332077200
.333984701
.663461200
.377197500
.397861200
.397302000
.343210200
.401572600
.369574600
.395866200
.367444200
.325078100
.366774900
.389244100
.371147800
.338099600
.407605900
.369331200
.364778700
.338098500
.383315899
.388845100
.363943200
.338128600
.395540201
.355721500
.375915400
.340950100
.386492600
.341704900
.365062300
.367515500
.413966700
.353165800
.349644302
.375275598
.380541801
.387619000
.387989600
.320212400
.368483000
.362980100
.352541200
.350503000
.408682700
.366190100
.498099900
.343552100
.369364100
.383432200
.354365000
.368777900
.386608799
.355067400
.345457801
.341771000
.388829999
.363445300
.386697700
.347131901
.369507399
.389142000
.345695600
.368244600
.378827900
.383893500
.342468000
.337583600
.376669399
.396227100
.341892700
.363564500
.360842301
.365238800
.339874100
.351162900
.415860899
.362338000
.376404000
.333851900
.360028000
.389476900
.372500200
.344258200
.366702401
.356536100
.359683100
.333303400
.315198600
.372956200
.450342200
.634392899
.582519800
.368680800
1.005081901
.657935100
.420830399
.493061902
.563121300
.422701300
.474719800
.551266300
.399068400
.495204300
.456326200
.620911500
.402435000
.530402000
.551554700
.572922600
.428435300
.481566999
.532808800
.439178500
.352114801
.518376800
.541520100
.408800600
.512365400
.517700900
.441355200
.421700900
.562701600
.417057600
.418707199
.474838900
.414549900
.609277201
.512939100
.447013300
.549667300
.404293100
.400807300
.399646200
.391813500
.407243700
.351755300
.547935099
.601268900
.440389800
.618219600
.406635700
.512246400
.392174301
.607257600
.390823500
.418428700
.418614300
.446464900
.524526600
.432158000
.483414500
.368058500
.469650600
.516099800
.411165800
.433823599
.618272500
.394626200
.671754600
.421216900
.329350200
.426929001
.361443600
.350757400
.355591300
.362805099
.383741800
.343214500
.366469000
.355560901
.392530100
.357939000
.347269000
.431993500
.363498400
.343559500
.348484400
.409804299
.386987200
.339595800
.327566600
.338084600
.363617200
.347518500
.383041100
.334379700
.369002100
.386892700
.350439100
.329360902
.399592700
.368826700
.331248300
.354937400
.351916800
.345131300
.340161200
.328703200
.371816599
.358210400
.359737700
.355141900
.357146200
.370328300
.420610500
.348719600
.355942800
.362453901
.341268600
.357645200
.375865600
.347479800
.375357200
.342007700
.364847100
.355573100
.345993800
.329500100
.372100000
.400305500
.363262700
.341407100
.322170700
.355612600
.376511900
.336414300
.343215700
.362667700
.355379000
.336004500
.332236600
.374598800
.362251100
.347407600
.379916000
.390664100
.362189600
.336822600
.350989600
.335842500
.366424300
.342957600
.336011400
.341013300
.359162500
.609484300
.370206300
.412227699
.366745900
.356765900
.318803600
.419612501
.340356600
.370756700
.332012300
.389781400
.352647300
.337783300
.355268100
.382559299
.353229300
.331415900
.348519500
.344030200
.362371000
.350146200
.324856400
.367813501
.378971300
.349463700
.364756700
.354594201
.368325200
.345374900
.349731500
.329161100
.360753699
.359556600
.371166800
.402839900
.367611501
.382687500
.338155200
.329347100
.357524700
.339335900
.344269900
.334032900
.351219099
.348352000
.350516600
.331800300
.327311601
.428699499
.336639600
.316973100
.342228299
.462696600
.683696800
.411633301
.363613600
.390243100
.339636500
.367433199
.365213000
.355419800
.372630900
.350262000
.384948101
.370398600
.336263100
.348090700
.391264400
.390650400
.339688800
.331360900
.398639899
.386919600
.384099400
.333115600
.352592701
.369365400
.376275100
.354909400
.357033000
.379258300
.330375200
.341408100
.452734200
.402571700
.336080500
.346695700
.391856999
.498984600
.325776800
.352327602
.360198600
.390449700
.348213200
.347022100
.403323600
.419290000
.353908100
.339455600
.431837599
.350412900
.341491700
.337290701
.360101200
.366887900
.354391500
.376489900
.355329000
.383413800
.344797600
.356413399
.384236800
.351176100
.337145100
.356776900
.357216800
.390954200
.340570200
.368366400
.370140900
.368475900
.398689700
.317627900
.381962600
.350086300
.378542701
.332460899
.399259101
.353362600
.360734499
.347978601
.395935398
.413881700
.371169000
