.837892649
1.309366308
.845083539
.831804775
1.281698172
1.004003683
1.368743907
.829569421
1.412105683
.881689081
1.275997443
1.275612850
1.270882916
1.285976753
.821490673
.827139389
1.277441730
.856592170
1.281397249
1.276400994
1.299091847
.999940161
.429327224
.828375588
.827106329
1.276496734
1.284824371
.821571560
1.175229347
.816141307
.839030581
.842171309
.863298344
1.293535000
.851321754
1.293260268
.847242259
.863817735
.845772220
.839884699
.857830744
.985208606
.850271280
.848118239
.859588065
.828414040
.848316991
.833508753
.846956912
1.276868460
.859894236
.835241007
1.288574473
.851959395
.863012425
1.296394646
.848361079
.836723650
.855142584
.834593572
.895974991
.859870356
.841716854
.836938158
.842328913
.834661218
.835761463
.828174243
.851603340
.843141050
.834202313
.849150846
.862042537
.852544331
1.301728982
.830542274
.840984838
.429393135
.844681643
.833722595
.845386302
.844590158
.835714170
.840803650
.837133407
.843522594
.830829371
.840085375
.840195539
.862453627
.850120010
.827504853
.843961218
.842555084
.842163298
.862209405
.830256478
.837984753
.852403948
.836890759
.849045718
.876290616
.794444887
.837223494
.854854657
.862703566
.846919118
.846015010
.829984260
.846075669
.865211413
.867657757
.869894526
.843845492
.868751455
.846986367
.842005255
.844139756
.845805651
.857008597
.840430648
.853040365
.848984948
.836417493
.863025301
.869064587
1.023133100
.847221055
.857994245
.844192798
.852176215
.851125902
.849909255
.848371582
.854712303
.857952389
.916025045
.804551439
.864042320
.851973098
.844923025
.853409625
.872825133
.849907869
.845021040
.858316299
1.084942710
.788924634
.892083919
.856909693
.857022325
.829619278
.840739158
.849836911
.876392704
.855286442
.865476444
.846243553
.845958731
.852497682
.864712509
.867606718
.849448673
.861834110
.859805741
.864039750
.855212447
.852967355
.870561250
1.021869879
.853830839
.721653320
.873703233
.858281483
.854881121
.848291040
.848542505
.859607142
.872194827
.853700768
.858911357
.852182341
.849059937
.859140365
.852908312
.857742352
.855107055
.879927153
1.000031531
.843524144
.854000230
.849523877
.848308757
.843823254
.844717155
.849681768
.860091116
.856899002
.854378230
.860124810
.859737723
.884716329
.870521580
.862812688
.850968054
.854505600
.769190969
.841443349
.861546900
.855134978
.873691444
1.006562271
.852335882
.856485829
.919632112
.857419092
.843710590
.855816188
.851038172
.836385144
.856639679
.843808649
.852866989
.856912244
.846010382
.852390289
.859374799
.854765682
.850060449
.857415920
.856805218
.876377934
.870096561
.866713073
.867582393
.867422187
.873423342
.877250151
.868425734
.864994922
.873880860
.870540313
.876682662
.867307640
.942723555
.884529833
.860444155
.860260725
.857385347
.851721411
.874809894
.859890664
.877865695
1.026423721
.863153642
.878892306
.860296799
.869211808
.854718180
.867760226
.869138550
.871086597
.892053252
.871135831
.878296870
.877731776
.856760105
.871495441
.867983042
.879420867
.867481940
.863052194
1.100308708
.808438231
.870080269
.860464107
.864510428
.851970591
.866679783
.857783621
.872000123
.869829136
.859991991
.874292958
.864050037
.905560699
.966949356
.884193316
.852235790
.863257272
.857471066
.858042409
.942236806
.853126930
.884191511
.871218490
.855109161
.853238817
.864627273
.870804079
.862827797
.873530605
.868607531
.861803656
.891034772
.875428324
.877218300
.872982954
.859680980
.875632600
.952570850
.887917271
.872093536
.902273129
.959953768
.865224976
.878622478
.872168831
.869268399
.856262934
.895597159
.824857132
.885274033
.864158846
.878917357
.880422608
.870246805
.875219945
.957906075
.889183161
.862367832
.874589529
.850305199
.880731260
.876521745
.875647039
.868250450
.883376530
.866133422
.881248701
.869052302
.877565404
.874336797
.881358162
.879793991
.879561422
.883896677
.886476469
.865953261
.868266010
.870265094
.861181355
.955096458
.892676809
.863800256
.882226684
.860139489
.867200415
.880529332
.872329672
.886795420
.906640825
1.138408783
.825443317
.460458620
.898841024
.869219659
.899265613
.887835298
.889761881
.893069556
.897264190
.892796846
.899445321
.901508889
.976215445
.906261297
.892270068
.883203666
.889252756
.901252096
.885109130
.889681713
.893655935
.895064273
.888108914
.909451783
.907716971
.893365490
.903193537
.898285944
.911590949
.896822657
.920996900
.386312980
.897220955
.887274198
.892880919
.894717958
.918286826
.897584304
.892282070
.894773770
.898730543
.897263337
.913014777
.901218390
.897818696
.902553310
.895528906
.953490541
.877268391
.904798079
.886052494
.894127778
.893661307
.911636212
.992882798
.908155535
.905300975
.875753234
.893473966
.889370441
1.040320233
.894378320
.904812751
.889789839
.868938674
.938753422
.450723068
.905486785
.885309927
.878182164
.893042220
.897815421
.880752430
.880094522
.905329275
.905862419
.893801303
.992498270
.916187697
.880708475
.882015183
.884066408
.899991254
.915267261
.884464491
.895177376
.890891636
.901291185
.887662705
.907696968
.903133374
.908726289
.914729420
.925081438
.925076142
.923076520
.920256268
.921037761
.918014249
.929726331
.944205690
.447075572
.937168428
.921636111
.923707310
.926235473
.910471434
.928389085
.906763486
.925258147
.927115371
.924847436
1.147096775
.438930372
.914194922
.912711316
.920761736
.906464818
.933049354
.914024479
.928856792
.922469574
.925622998
.463243821
.920349030
.910580564
.924979352
.914247920
.986789285
.942579968
.913712599
.918210332
.924207158
.911157644
.463950020
.932127156
.909966677
.898697408
.964400332
.995890520
.945886685
.902862283
.917638291
.922714782
.906030133
.451008503
.918114403
.923522622
.910156999
.926213527
.911043931
.924390026
.922075141
.930689789
.912598019
.918023932
.457522366
.931870823
.927099606
.918670895
.919662565
.933284242
.913667650
.912182182
.935365500
.922958428
.924666758
.454745823
.924423585
.932510324
.901747902
.914466289
.926213380
.917996099
.920767497
.957670346
1.071878233
.927241972
.466966154
.910250395
.920247622
.915001301
.911456118
.925929664
.910316135
.917596982
.926863466
.927241639
.928416464
.456858566
.906474838
.923045531
.916851514
.909236997
1.072244549
.896156963
.950006736
.926054284
.906294378
.917115588
.464081166
.924904570
.914810178
.935261851
.942210301
.945383682
.949237207
.944859644
.953835908
.947823432
.944178078
.463157662
.951474718
.945760433
.942453647
.962904691
.469497910
.930594838
.941194684
.949056797
.936019822
1.125948398
.944815872
.938730761
.944641345
.947866080
.951175421
.471276616
.934484308
.945334724
.933397075
.897652476
1.180555840
.928782256
.943239556
.945898922
.934453733
.980235206
.462072138
.937396374
.946105265
.946992498
1.611686161
.461055898
.937184502
.947324667
.937702273
.941617406
.988551081
.904244610
1.116741516
.936567368
.937927739
.957676071
.936496251
.933699666
.942631914
.956805078
.950024056
.468263814
.938298328
.940651684
.939716617
.942518794
1.120221620
.942214779
.943411091
.958630332
.945526604
.950488238
.948826796
.946460332
.959215986
.962517182
1.623371627
.491080855
.943298324
.945344283
.936911828
.973053423
.932590315
.944525503
.952791567
.951793959
.955565127
1.232341432
.931949578
.985011797
.990090130
.986123200
1.172459143
.995477711
.988163322
.984368206
.999556395
.941495374
.994582927
.998294167
.992759229
1.004491007
1.020071403
1.004124648
.990557416
.999900685
1.024060643
1.017298538
.991997010
.997290013
.997870892
1.046707254
.962562106
.997852593
1.003473453
1.005369905
1.000613389
1.024523924
.995306283
.997495157
.992978835
1.010922621
.996750306
.997639545
.993721606
1.019158507
1.001716442
.924307205
1.004493174
.992031880
1.004651679
.991669243
1.026749221
1.008706524
.989492983
1.005664224
1.009013126
1.003018651
1.015064559
.994242949
.995821608
1.024435798
1.001420531
1.004908733
1.162231781
.999174973
.989001531
.997786169
.987621505
.985961987
.997262724
1.004129194
1.002421076
.997752737
1.005968516
.992242140
1.010153104
1.007647635
1.002314871
.987950903
1.006862715
1.266919020
.928814825
1.008158119
.987931989
.985593671
1.012065808
.997175440
.991304370
1.005266979
1.008258121
.991097413
1.021397351
.999771686
.986750983
1.001321937
1.055774957
.946458069
.994012009
.995309411
1.018928990
1.157512317
1.001295952
.981312649
.984859592
.975596573
.995131162
.924947839
1.004078245
1.009106819
.998496046
1.003993411
.998020033
.996628797
.997273750
.997729368
1.006667846
1.012276728
.999267496
.997248732
1.003243136
.994239911
1.044729063
1.017773802
1.001855637
1.005599774
.984765367
1.004409404
1.002773529
1.002032088
.993863097
.989392730
1.017164248
1.000532037
.997935184
1.004507748
1.013165580
.916495583
1.008804733
1.167978932
.987752424
.999226072
.994049824
.995446396
.997087398
.992545494
.988303096
1.024959160
1.049263864
1.035288390
1.044258508
1.051127353
1.062912196
1.053407564
1.050267587
1.048367902
1.324817771
.961462520
1.040232191
1.054187282
1.034250564
1.041184797
1.034234767
1.033855579
1.043826157
1.056938503
1.061693238
1.047912250
1.059888946
1.048693167
1.062832310
1.050586688
1.045934105
1.051548641
1.045722806
1.050533835
1.063055953
1.135259884
1.054311655
1.042155810
1.038507542
1.036142317
1.043636197
1.034819340
1.050124127
1.044350181
1.044007136
1.057858640
1.046631126
1.043196366
1.066018062
1.045466802
1.052289470
1.057671909
1.057619657
1.062240727
1.058025555
1.130464809
1.052862752
1.043542676
1.032463639
1.034389839
1.046859690
1.038615388
1.043361481
1.043994505
1.039319524
1.072449047
1.050167455
1.037993026
1.046337363
1.047548517
1.150808742
1.074258843
1.029256673
1.037250084
1.037491776
1.041142933
1.035414202
1.048001999
1.056186653
.756442728
.749774600
.405235402
.707508918
.715234638
.692426708
.713989873
.709927802
.694746103
.720820173
.700161158
.705685681
.732014165
.702761292
.711103657
.702528880
.729896293
.706449002
.719702589
.718951384
.701307266
.713927457
.702907262
.706839788
.711819163
.718301306
.700895270
.714460039
.716984095
.710696248
.706888905
.712231100
.701668884
.708186702
.711599841
.704427967
.722222603
.713498941
.711376075
.705507900
.718315038
.710713649
.720407016
.724199017
.714447694
.708972186
.698964387
.718311396
.692665184
.712088963
.716816913
.722304724
.699867193
.708845528
.711421085
.708412938
.707121701
.714263292
.722991789
.724494614
.713140976
.704663939
.702422835
.710681085
.718261888
.705135928
.713250411
.715338604
.701463426
.716836070
.716479449
.708797545
.698295383
.716130746
.709154610
.702175809
.714206876
.712124729
.714233756
.707198066
.738191838
.707419180
.707949123
.711287307
.703513467
.726200257
.702569870
.714346521
.708121017
.711768747
.711592463
.705691641
.718364657
.721328833
.702939241
.709546178
.718317748
.706111009
.718640562
.712554578
.721793015
.713732933
.722074574
.703462017
.709578225
.718422445
.715812879
.701447715
.703394363
.711768289
.705522297
.714196865
.715469098
.711652274
.707294488
.708745741
.715860794
.699092849
.712766250
.706821963
.712533613
.717176376
.717994133
.702471102
.710240923
.713520606
.706905183
.717872259
.710547907
.712114735
.710227731
.711592278
.699818529
.707876494
.721758411
.715976657
.707345448
.713025702
