.074052549
.139786404
.131779737
.129084719
.131794182
.178665261
.085681041
.134955175
.078211020
.130592242
.076718647
.071847417
.127626678
.075845237
.125842615
.084427130
.067794010
.077451689
.130395896
.087744430
.127850435
.126315678
.122764666
.085755434
.115257081
.128307090
.075149621
.126544518
.130536060
.081688693
.078517808
.079359327
.064572895
.075711493
.076735307
.080786006
.075269309
.073253217
.128997539
.089179403
.072943859
.078581305
.071214411
.076841526
.076569057
.078737659
.076222469
.082890211
.070593628
.079715440
.082796751
.133217863
.075181241
.075890400
.074342046
.075806475
.075858107
.078142904
.126830051
.081902346
.080665895
.079664462
.079990245
.073527963
.074479106
.127514396
.077961039
.086098677
.081103217
.078623405
.077377562
.080658390
.079334140
.074007176
.075038076
.079787804
.077563117
.079456327
.128010326
.072685148
.125599107
.080119132
.080043407
.079248166
.073335493
.078529303
.077953568
.081682991
.079683605
.080724247
.076665666
.083867085
.078502520
.074695218
.078975780
.076196815
.077215587
.080953172
.077551922
.079156656
.076930003
.078774045
.076837563
.074268787
.077098722
.072073853
.075649636
.079525397
.077550720
.089706594
.077166740
.077453856
.081487807
.080182267
.078554688
.077348713
.073480488
.074816792
.078767003
.073490105
.081435707
.076544144
.079808936
.073744471
.075611003
.074645336
.079925920
.076278195
.073852668
.074252112
.075909042
.077412807
.079145238
.081744342
.082564469
.081402945
.077995609
.074957198
.074766642
.075421522
.078771245
.079358738
.081191402
.076802311
.076124177
.081064008
.075926808
.072642251
.074765271
.077070640
.079872405
.076698447
.077115989
.079384969
.077599202
.079870066
.079899277
.075663524
.077163494
.074659986
.074888621
.084120555
.077941567
.076308031
.076469842
.079660820
.081153430
.071810982
.071723851
.079628434
.077272020
.081433249
.082619856
.080680579
.073299558
.075233456
.074462428
.077822930
.082091712
.077450508
.077870335
.082418194
.074618818
.079358412
.075198558
.074145186
.075489255
.074421331
.077293550
.080931842
.079808024
.076474641
.077253069
.076880044
.076120183
.073277877
.076045507
.081428977
.080294474
.076971058
.081381727
.076131655
.074962147
.074151764
.076209124
.080863762
.074198424
.072683065
.072620317
.072626256
.079660850
.081282600
.075847685
.080336775
.079403129
.075468575
.074568701
.074727478
.079557407
.074774261
.079355028
.085615798
.075907195
.073271866
.071550718
.074587824
.077274950
.080500247
.076357137
.077596723
.079826896
.083103139
.078372401
.073367239
.074195767
.079071186
.077878547
.079960511
.081072887
.075443808
.073553081
.074910157
.075206828
.075622331
.079503401
.074083736
.074814122
.080134488
.079989704
.079466459
.072595303
.072094972
.080720567
.076305027
.073464241
.077400951
.075862230
.078229713
.079220579
.078080668
.077954179
.075783343
.074942081
.076284027
.077063779
.078429397
.074680627
.081570245
.083936933
.076796646
.078410906
.077963181
.074428809
.073619131
.075720959
.076139607
.077390953
.077006914
.079473326
.072783897
.075772241
.075022231
.074998221
.073940821
.080567565
.076798166
.076508443
.077758233
.079603861
.081399756
.075851220
.073996921
.078645886
.073811356
.073405007
.077471716
.078284721
.075209373
.085891097
.077348959
.074754236
.076006041
.076936475
.076745117
.077240230
.079040416
.080807784
.079703185
.073436798
.074495365
.072938122
.076909078
.085504652
.075442666
.077380085
.083086034
.078530487
.075022153
.073718538
.075876440
.074263331
.076515269
.079358619
.078596679
.076611794
.079705802
.080409693
.079974062
.072748547
.072545967
.075450232
.081607839
.081264530
.076895554
.076081161
.077767359
.078438837
.083855188
.072542384
.072008470
.075394626
.076992205
.077467249
.075043591
.074045223
.075546005
.077817134
.081454045
.076674717
.072960991
.075021893
.078328270
.080395191
.078756038
.078231305
.081506902
.076117977
.078434547
.078372801
.074152954
.076041038
.089252957
.076890296
.077652374
.076654734
.075211555
.073388407
.076802936
.077544145
.081140493
.080209721
.080600794
.076765991
.074971302
.077710176
.072458819
.075188701
.076010313
.080190488
.076587976
.073410407
.080302234
.077599779
.074922437
.073013555
.076689490
.078517908
.077399559
.076180017
.076298043
.077368179
.079690933
.080371630
.075955399
.077525012
.072119142
.075403810
.076355641
.079962355
.071683815
.075192729
.079468719
.079837388
.080646365
.080311563
.080348991
.071580349
.071024222
.076536626
.077601863
.080925442
.077455316
.079010256
.079227371
.077978980
.079833797
.072842788
.073065407
.076239173
.078491391
.099365454
.077613479
.077298633
.075849768
.097870373
.078962758
.079531295
.081688291
.078450148
.077302979
.078604719
.077416260
.083905210
.080253984
.080049493
.081403626
.075541851
.077512451
.079216264
.086845073
.077805966
.080763011
.076133455
.076927507
.075799968
.077269761
.079150113
.076876958
.075696678
.082348679
.082668903
.080273728
.075644357
.075065433
.077409493
.080163294
.080400297
.080189939
.077105489
.078600256
.082046844
.080781939
.073805852
.072836443
.081100586
.084161768
.080014714
.076644703
.081011367
.079217980
.076566326
.074832458
.077903091
.082725225
.083087796
.083814990
.077762886
.074281681
.083951477
.080443477
.082186412
.078723574
.076601210
.076038407
.078329681
.088125626
.088016793
.077134770
.075152062
.077318107
.075871872
.078439672
.076299008
.080724269
.083242831
.079355872
.077724546
.073905120
.077662261
.075790540
.081545231
.079062428
.085230564
.075219282
.079429040
.078216657
.076944877
.075287888
.076963911
.075022068
.081993747
.078309621
.081515699
.079015075
.077887916
.078512188
.072845435
.078792803
.079771522
.076203578
.077335408
.078360822
.082188781
.081691949
.080886689
.073891957
.078482989
.076848328
.077716589
.083387487
.078835113
.076892350
.078384583
.086170383
.078270958
.081747163
.080132966
.075944640
.076055093
.080068857
.076993437
.077876099
.082834601
.083910600
.080003423
.081642841
.073646461
.088523053
.080508703
.080592995
.078931875
.080535318
.076336828
.074595743
.077867798
.079912926
.083450967
.076691424
.077571862
.078703563
.082186955
.080198313
.075156640
.075961625
.076831067
.079451447
.081186931
.076417178
.077548310
.080050765
.076535290
.079085875
.075162787
.076769102
.076498610
.076645564
.077512159
.074882787
.082364719
.082187527
.077452638
.074377769
.079579118
.073586267
.078287111
.074194210
.077844088
.077140042
.080921785
.082203027
.079901995
.075667394
.076564679
.077486798
.078299942
.076486789
.077031712
.077915450
.080021897
.076313983
.079582332
.074978143
.072092753
.074762893
.076821890
.082899443
.078632962
.081172714
.077769636
.085651356
.078808660
.082584076
.078627322
.081388359
.078814107
.076579022
.075930146
.080092539
.080342139
.079141885
.082796315
.079261629
.076771824
.081374448
.077971991
.077868824
.075203480
.076832520
.076345726
.077656563
.074933303
.079098591
.073223941
.079277077
.083279623
.077642549
.077282112
.074622486
.077120388
.079249798
.081775560
.078686116
.081155192
.079146592
.077761399
.079110629
.076717852
.077429061
.075908163
.082250003
.078249714
.079512629
.081588106
.081556195
.074564736
.074819193
.076278504
.076999458
.082386325
.077840293
.076603276
.076531886
.077539424
.078770751
.079970285
.084725882
.082778501
.076128442
.075517677
.078115379
.074906256
.083006743
.080914175
.077949639
.073668209
.076507992
.076590916
.076255565
.076336869
.080543574
.079906794
.076712640
.075713440
.076806387
.075589163
.077887596
.079938620
.076736532
.081899328
.082530689
.082584985
.080771511
.074831642
.072638060
.077081126
.078413285
.077544235
.075880608
.077141389
.076566886
.080129840
.080233569
.074282527
.073590940
.081808168
.078211091
.075418808
.078183617
.077492934
.077968721
.077997679
.075218501
.081691399
.074523342
.078510495
.079332278
.077462652
.074196479
.082249199
.079088801
.080305289
.074530642
.078461028
.075912008
.078008431
.080891672
.075843676
.074824913
.094256599
.082294061
.079951331
.076225345
.074686581
.082110698
.087715940
.077486973
.081838684
.081275085
.082185761
.076428574
.074772002
.077156964
.080392785
.078283331
.078982254
.077177745
.080702947
.076590870
.074274716
.076670082
.080942787
.083424320
.077257425
.080772653
.078706859
.078002314
.073843571
.076357190
.082316371
.077612632
.078948383
.077622701
.079275917
.080706098
.080005418
.075528572
.078685730
.076960232
.076680032
.077633943
.079033623
.076913649
.075483854
.077494426
.079135858
.079404866
.076632725
.080624820
.076279214
.078560937
.074586036
.079252543
.083545101
.076232025
.077078782
.079964092
.076918918
.074110843
.074391319
.075210418
.083630054
.076593328
.081338490
.079220711
.076862721
.087451030
.080134748
.079376278
.081346814
.082576664
.077246022
.074329851
.072778004
.081075747
.078561056
.077097817
.078316422
.075418568
.078491736
.077923077
.078704598
.077341112
.079441555
.076707832
.074126191
.074315939
.077925879
.076222038
.073808502
.080686610
.083011718
.077223899
.076415615
.075609725
.076111076
.077907849
.079169988
.077482767
.077874456
.084805851
.080284195
.084763339
.074799263
.071903110
.076752349
.076155339
.077605603
.079641135
.077383221
.078804995
.081125497
.080189293
.076496551
.075079304
.077988144
.079018696
.082434748
.078620071
.081340587
.078421657
.077371444
.074137617
.085186507
.076432805
.076728304
.077807886
.076120285
.087316230
.077858103
.075833512
.077009122
.076146136
.076698220
.075467716
.081509127
.077896013
.076586430
.075102543
.077655680
.074719169
.078377961
.075024730
.077948411
.074599637
.082254101
.078036953
.079413438
.080572802
.075065094
.077394144
.079665220
.083103469
.081839424
.080322009
.075683183
.077612947
.083787676
.076641862
.074082075
.077374796
.083228719
.077634560
.078986148
.081304392
.080732872
.075120276
.074902248
.070915195
.085286343
.077999954
.078306701
.078662088
.078649809
.078052164
.081391996
.081626375
.090872934
.079411580
.077129026
.078164119
.082845685
.077410087
.074470297
.090462784
.084870497
.079917073
.076894905
.075762987
.077942188
.089652391
.081250463
.078102403
.077524553
.074261715
.073674811
.075354014
.072309355
.077197765
.084038452
.076156627
.076812857
.078162344
.076441908
.077636604
.074122145
.076027393
.078077183
.080810635
.081436024
.077073722
.076522984
.074769967
.078924314
.077521494
.079719054
.076687407
.080499995
.076075159
.075081495
.076420803
.075452616
.078111683
.079310447
.077246868
.075125883
.081471815
.081644571
.077471298
.075635911
.078343975
.076519036
.078019939
.077831474
.074847304
.083239857
.081788189
.081831805
.079018170
.074955203
.074233506
.076073490
.078990351
.079914920
.076331426
.078337587
.078487737
.076746876
.080384254
.077086080
.073433072
.077764350
.086063718
.089178790
.075815973
.077624502
.080309530
.082564605
.079242735
.077011491
.075012843
.080664118
.075431847
.075646144
.077509691
.073556786
.075477741
.080964422
.079265857
.083197887
.072620738
