.283173639
.546430739
.654972441
.416248500
.526847728
.485759432
.532481790
.460493930
.480325370
.491462776
.283609253
.299407510
.538524759
.238409644
.301858603
.574577225
.234614555
.557198847
.301710632
.310736882
.305974083
.473588256
.492765319
.484929632
.300807383
.479153169
.305348029
.487707734
.483230954
.306344755
.304375790
.354530520
.262917485
.305172735
.313977884
.287893640
.293258225
.300315436
.300942150
.295798888
.387648577
.204912037
.486027917
.297115928
.298223900
.303689297
.296301132
.304699074
.287489364
.304315406
.309436992
.285863301
.300617972
.304896037
.294391142
.297448624
.297022739
.304676323
.293863801
.296128480
.300491119
.485340803
.306573509
.290361554
.474443919
.305386612
.301589874
.387554952
.225233222
.298545197
.299413848
.290578003
.298683730
.486992364
.304410143
.290061325
.302812040
.290903087
.292959545
.539523167
.269511810
.293452696
.307185804
.294460103
.307846080
.314042736
.271812022
.299470360
.368780953
.225811057
.480781361
.397764117
.090698371
.368296693
.303273623
.308021455
.309140563
.296567109
.307242613
.293484029
.300118849
.314436051
.280284625
.300344721
.340464418
.243467151
.297340636
.380019976
.236046595
.297947959
.301679760
.313629209
.289121909
.292883670
.322464386
.277457228
.295272709
.312149173
.283803569
.304050137
.347439369
.243347890
.302803477
.307083626
.292835844
.325210288
.305601226
.297852047
.353360107
.261501568
.294632278
.313648897
.294034312
.298558842
.361595605
.231820905
.305806841
.386027661
.210832887
.292410843
.304501174
.296017543
.304528627
.308407671
.318382039
.285550786
.304408833
.306109206
.300590488
.293997536
.363258834
.233605053
.299337042
.385543755
.218159437
.301276789
.299782803
.290995846
.314244261
.322382269
.302243673
.303567508
.305193753
.286455219
.293303618
.324280734
.274288140
.293647678
.314807787
.289470820
.297708434
.395028102
.200213778
.301834102
.296886396
.299877746
.325358139
.303388750
.306856833
.340534126
.257373457
.299648477
.301243888
.295336432
.293672291
.369044110
.233638901
.298699364
.381079922
.213720707
.307730037
.292726300
.304626651
.324812002
.306052846
.301988120
.300134967
.297118829
.303006533
.307526866
.284406088
.296617648
.372180365
.233394712
.292416351
.396002420
.211856605
.300388392
.273175689
.306119996
.332649893
.304995190
.296453496
.303734971
.290155261
.304258849
.307809490
.283200412
.302849181
.376859832
.224034243
.295922808
.396426960
.210337004
.293490997
.301342686
.297400777
.322317221
.306400592
.292391593
.352902603
.263115977
.302771181
.318698547
.272238476
.296477634
.368674771
.227706159
.300058923
.395627243
.206716782
.293567581
.297109127
.303505820
.339897529
.295919589
.311219242
.293072803
.299714045
.294056555
.303897273
.300582275
.299962906
.292478507
.302943741
.301286343
.299689876
.288254075
.305474082
.303507640
.305950286
.310191044
.299682870
.296399886
.303439399
.306284026
.297299815
.321415342
.279407525
.306392571
.307442365
.297427165
.302979768
.301836819
.291420428
.301242335
.298299571
.306167632
.301293876
.299852145
.300196908
.355563487
.268655202
.292647769
.298046314
.293122854
.303056123
.358518848
.227039037
.297352432
.393951460
.208169723
.300308474
.303629637
.306483327
.312712227
.295252642
.302863689
.310089445
.295793865
.293445713
.328668303
.276697962
.302458756
.363699386
.232815487
.322391204
.386526790
.213556503
.298295260
.308420203
.298271845
.317549439
.297519405
.305285156
.308264198
.288010440
.299671166
.301454237
.303408791
.293410759
.359376243
.234307927
.318300199
.393211011
.203392241
.303528179
.302070018
.290126098
.320635512
.303549670
.298407839
.353147762
.256619817
.295527094
.311217006
.296962100
.290811673
.314256977
.288289105
.308453030
.292318959
.301568583
.300680552
.393062682
.196896258
.323248069
.302626440
.310288241
.285100016
.302136263
.311054163
.287731613
.295152655
.372410233
.236405955
.292081113
.391394566
.216190297
.317166550
.299546469
.302746725
.321442447
.319994998
.309590520
.313966646
.310446999
.299093370
.305684933
.330111015
.271722171
.307989528
.376187859
.236652828
.296991450
.410457762
.215679512
.300559885
.303845565
.335290519
.306413656
.298104187
.315609812
.301619771
.299575873
.396350643
.229000276
.310972678
.373599623
.228630561
.315299822
.406276061
.210808843
.299984876
.306906364
.310646672
.091547538
.306420764
.332130796
.282424741
.297363194
.358664387
.260333949
.304303789
.363390145
.249638064
.309957181
.384916333
.222418466
.304705368
.311273048
.321710508
.304875467
.315684693
.306215209
.290901565
.306663494
.337627606
.274289875
.307330756
.320630986
.302963804
.296361955
.398645115
.226057686
.306950793
.299490819
.306601916
.339043898
.315196296
.306132014
.306584968
.300045072
.310487202
.326731112
.278840691
.300226521
.448946063
.285122510
.301434759
.309508840
.313050131
.301703796
.300254022
.315624332
.303215511
.300542190
.305612240
.314512023
.299542741
.309759019
.308102550
.314865218
.298926944
.306497243
.308205536
.473871948
.213347477
.307685697
.313977180
.316787491
.308484303
.303027470
.359940985
.263417977
.307699700
.308530889
.304155099
.304537943
.306759933
.310688756
.303808556
.302212595
.305778725
.314254734
.297274948
.332258209
.314797946
.299881079
.307206551
.306700672
.307827036
.389959282
.229415272
.311744077
.305647287
.298579670
.317058327
.310706625
.303278350
.305292545
.311069362
.313534177
.306618113
.307438959
.369035512
.265484137
.300642228
.407052101
.229090392
.305484784
.365051652
.238388261
.313000943
.393446200
.209238197
.308195490
.312075982
.312644125
.092261887
.309337601
.338887967
.273401886
.309607101
.349281446
.268503886
.303121557
.365403066
.251523907
.307288659
.375243316
.229498242
.310243278
.301248789
.315074699
.314026601
.305539655
.351938762
.272420216
.311850370
.334601318
.276269629
.308647913
.330059992
.288828363
.312394194
.401620206
.211006858
.298930369
.307702044
.309779268
.303815988
.309427750
.312363884
.302351327
.299485714
.337910513
.282405176
.306083716
.318329832
.294232262
.316765577
.481218462
.207611950
.304115836
.311398153
.316044710
.315198589
.309265718
.357464244
.271921171
.305874017
.331551848
.281457702
.297951057
.306778264
.307029262
.304521308
.302404518
.303636172
.311282651
.299002370
.329529640
.313096097
.299107473
.303479588
.306354933
.312912164
.389102549
.227848189
.306809473
.376278306
.230745346
.305199541
.398895416
.217116225
.298087248
.307850052
.549095260
.177333155
.302250271
.309594161
.312555552
.302322474
.307630128
.307740344
.306816145
.300779857
.307048999
.312410070
.475509644
.212355170
.306720923
.310269960
.320902452
.312942626
.307379658
.357408273
.266168069
.313358127
.404484517
.225984970
.296352067
.362052278
.252356945
.311065264
.373623153
.233880059
.309395454
.298541635
.299518734
.314213624
.304123306
.300496413
.314859497
.312162597
.393483021
.222260889
.311349392
.380456928
.228682101
.307365793
.393288701
.222862866
.295277562
.307288330
.314563526
.330828372
.298521158
.308317609
.311769325
.302818243
.300718195
.308031224
.308170753
.299835253
.302738217
.313709756
.310607606
.297741259
.307471112
.309749576
.308655596
.302133609
.299183471
.305788029
.309045694
.303420987
.300475185
.313286455
.312143603
.303824945
.457209399
.289487437
.312221607
.302154963
.297832798
.309084512
.312907890
.313855050
.325826256
.308702885
.310798328
.311288859
.309032835
.300029244
.303258372
.303818390
.312531449
.297914201
.309732149
.306686249
.309454716
.298526014
.310599671
.307192661
.307619724
.306128571
.355328749
.270989290
.316882352
.300281599
.315288973
.306657764
.309502766
.302016656
.309500009
.307338662
.307105609
.300589426
.310967633
.322673528
.308579989
.297383485
.313535727
.309894958
.299925876
.300231870
.304660925
.312167013
.302026905
.307322505
.307822045
.470227717
.234078661
.304939539
.300977311
.323440493
.302624992
.306814409
.362981793
.266699478
.297443444
.310848335
.310444610
.297113409
.306875601
.317279289
.310095012
.465242214
.233454658
.307689711
.307430044
.310038766
.311547880
.306979347
.350331554
.273953460
.307818486
.330383684
.279528250
.307857870
.316627837
.306826584
.301353747
.305911508
.312811682
.301135029
.308749535
.312779583
.307058510
.300210842
.309368887
.312616095
.302710324
.310092555
.310877108
.313000680
.300144786
.311553715
.306394242
.307036214
.302116198
.308431200
.318916339
.303303450
.309421534
.312434259
.312075032
.299874965
.311586150
.408591611
.234368089
.303375465
.299824398
.311017244
.309946968
.394592088
.207070652
.308590596
.314498639
.301815981
.097678101
.311550401
.308472711
.294719838
.308825726
.409020268
.225517142
.305203933
.370730595
.253312983
.298547298
.298886115
.308791037
.311974676
.300283098
.323947558
.315164629
.306379937
.301712150
.312176139
.311322449
.395206348
.226429168
.304532355
.376803701
.238259279
.314150974
.310639573
.300169621
.302077874
.308404966
.307220385
.305974545
.306839103
.363351706
.267725022
.303715926
.307001390
.311584077
.299212606
.305010348
.309021218
.311428769
.464767827
.224508556
.310035901
.308071410
.301325580
.315721101
.305401510
.306038628
.299205768
.307399060
.314823332
.303462847
.301513696
.307449804
.320878389
.296163030
.306934128
.306758701
.308298296
.299979695
.312351844
.320369046
.307359359
.298435286
.306965948
.310438777
.300542550
.305183308
.310799459
.309623033
.299191257
.306612252
.303846990
.306950064
.296296874
.309042886
.310896486
.317525143
.308840230
.301940821
.305274162
.311770215
.302018302
.299731333
.307977519
.310901128
.301102047
.304305152
.305498190
.312691990
.293743451
.306838284
.308454601
.314039807
.095889122
.311219771
.316747764
.314424565
.301416082
.412376671
.236656893
.308008060
.367361075
.250251566
.321216490
.303155404
.316417082
.310065051
.317462433
.313380828
.315419426
.319377999
.308002547
.312974042
.312253464
.417337742
.226761105
.313224221
.323738436
.307685642
.302091172
.313969203
.313785169
.301911737
.317714324
.325865758
.306867923
.310740424
.318116183
.315439744
.301999869
.412156618
.236488476
.309968422
.372837812
.248437849
.320265606
.397350585
.214871747
.311583881
.324507859
.315985285
.316715254
.317268668
.312434084
.300333249
.312125967
.339336650
.271881394
.314451733
.460307725
.290214285
.302035272
.411774202
.235896665
.308706052
.307241048
.326719277
.320376658
.307361132
.303384305
.329537814
.316212543
.305206918
.316005598
.310686424
.315854890
.301663455
.314779476
.316401775
.309535788
.309975527
.313041768
.331478119
.302394352
.317901780
.317408442
.302819188
.302479889
.415144061
.230399140
.308847874
.384550360
.241291044
.317931789
.395781204
.221950693
.317788676
.306433547
.316112462
.315448276
.310751189
.304259436
.318565426
.316650476
.311184112
.306294768
.312911316
.317071457
.300851693
.313016874
.488221624
.233622420
.302019481
.313289642
.330093008
.335761255
.356038988
.272462410
.309649615
.414765936
.233510890
.312545499
.365079488
.259859022
