.007413551
.009683506
.006600962
.006427063
.006668716
.006492100
.006774840
.006714149
.003799894
.003773503
.006099059
.006303298
.004770319
.006959737
.006016471
.006808116
.006141725
.006707971
.006330939
.006474736
.004344775
.005991182
.006059357
.003840387
.006338945
.006032814
.003824540
.004195501
.003780033
.003787986
.004350568
.009570244
.006337674
.003795594
.006052568
.003751719
.006566027
.004828675
.004833430
.004597002
.003840084
.004784932
.003807727
.003779732
.004448168
.003743341
.003788411
.006211740
.004698905
.003743739
.003771296
.003988065
.003790966
.003755546
.004389948
.003739409
.004510652
.004500740
.003775045
.006487093
.003782946
.004763925
.003742788
.003877487
.004065067
.003756856
.003795907
.004419236
.003771280
.003745863
.004074469
.003713244
.003783768
.005439764
.006370832
.004809839
.003774513
.003738041
.004472458
.003802020
.003771444
.004483585
.003793593
.003767153
.004788663
.004797065
.004298641
.003747143
.003786853
.004045390
.003733478
.003761091
.005231400
.003753076
.004536678
.003744063
.003781592
.004387268
.003809708
.003863618
.003887588
.004770506
.003787708
.003829952
.003785823
.003802089
.003814767
.004749387
.003732422
.004593487
.003790401
.003924158
.003788885
.003775729
.003974376
.004539178
.004813431
.003771859
.004792356
.004548742
.003817050
.003805001
.004736820
.003811097
.003800954
.003772694
.005330738
.004516027
.004057103
.003737565
.003740276
.004075748
.003744981
.003818598
.003750760
.003766995
.003777726
.004583448
.003758199
.004265094
.003764233
.004491888
.003769443
.003726338
.003790894
.004791262
.003795590
.004785920
.004618419
.004363029
.003781383
.004502892
.004504294
.005694019
.003786328
.003772029
.004073800
.003770828
.003760961
.004156041
.003774953
.003804634
.004279322
.003787391
.003781266
.004046692
.003761945
.003759682
.004343915
.003762403
.003798276
.004987367
.004629872
.003813766
.003779374
.003765020
.004066873
.003853390
.005548710
.004539534
.004350313
.005503167
.003842831
.004540525
.004740559
.004487490
.004457438
.004711214
.003784609
.003769330
.003823621
.004911853
.003753286
.003796595
.003997098
.003781218
.003788515
.004304471
.003742671
.003771413
.004057286
.003857800
.003814655
.003798408
.005553696
.003790121
.003773954
.004468579
.005614606
.004197206
.003784035
.003794177
.004767041
.003788970
.003784078
.003831743
.003752778
.004797561
.003800196
.003780286
.004074194
.003791749
.004546612
.004789889
.003798250
.004043615
.004509564
.004575821
.003790709
.003781723
.004288561
.003775631
.003819219
.003988348
.003781404
.003792948
.004369806
.003816113
.003853219
.003982942
.003778100
.003764911
.004361391
.003820867
.003829770
.004742614
.003800088
.003822571
.003767449
.003762088
.004097038
.003800000
.003787912
.005041974
.003781982
.004046175
.004779454
.003790921
.004488801
.003793544
.004133610
.003782588
.003782917
.004770846
.003719367
.005484156
.004558656
.003822519
.003825048
.003782433
.003802800
.004568063
.005708781
.003756133
.004308459
.003783021
.004538288
.003764618
.003787080
.003786811
.004636675
.003771821
.004441774
.003772547
.003798479
.004309238
.003794728
.003779677
.003769715
.003740814
.004890673
.003778971
.003805781
.004706800
.003778687
.004553340
.003835751
.003787596
.005269164
.003777621
.004295752
.003766261
.003763248
.005099791
.003823031
.004459091
.004522547
.004470024
.003781527
.004801920
.003825880
.004510397
.003952010
.003789164
.003759375
.005700531
.003811298
.003783824
.003729490
.004539787
.003816981
.003815122
.003789078
.003829887
.003794769
.003778939
.003872036
.003734974
.003751995
.004360766
.004735151
.003732934
.004543334
.003800660
.004140982
.004477961
.004607750
.003786171
.003830840
.004558865
.003808213
.004481588
.003795141
.004299563
.003805023
.003798029
.004282438
.004661676
.004310152
.003801257
.003797920
.004285316
.003768577
.004552274
.004784209
.003803924
.004543558
.003816937
.004563078
.003780443
.003788227
.003986317
.003818625
.003802545
.004171377
.003748230
.003840416
.003947451
.003785066
.005636056
.003755592
.003770201
.004484657
.003726670
.003774194
.004419500
.004611405
.004442641
.004521118
.004511376
.003787772
.003757968
.004282430
.004800940
.004522576
.003822796
.003787113
.004837681
.003759088
.004499149
.004470864
.004496564
.003769100
.003811206
.004003026
.004742448
.004310553
.003780605
.003764172
.004361048
.003760408
.003813727
.003993341
.003753325
.003824038
.004532479
.003812836
.004072759
.003747223
.003825019
.004056117
.003760704
.004780500
.003792560
.003795254
.006188569
.003829769
.003807495
.004487657
.004753754
.003814013
.004495302
.003789464
.003794749
.004209011
.003763118
.003780211
.004001413
.004562216
.004483360
.003819360
.003802833
.004132659
.003794070
.004539349
.003756721
.003817526
.003844449
.003797635
.004599807
.004294126
.003816300
.004606321
.003744012
.003773219
.004002345
.005685141
.003811685
.004538798
.004457070
.003738127
.003766770
.004021131
.004541662
.004808731
.003752782
.003786684
.003811427
.003781150
.004549182
.003766893
.003813245
.004324429
.003788470
.004740022
.003746957
.004543576
.005105575
.004739248
.004503484
.003776067
.004153750
.003800300
.003802140
.004278643
.003759232
.003776659
.004047943
.003794859
.003803050
.003785531
.003812514
.004727150
.003782179
.005692443
.004807427
.004735234
.003722776
.004573593
.003774217
.004743534
.004756945
.004518737
.003854942
.003796566
.003865449
.003928451
.003804038
.003791929
.004826203
.003790881
.004339858
.003799824
.003846729
.004117156
.003777314
.004745641
.003805549
.003817366
.003787960
.003729015
.003808760
.005342235
.003789856
.004718961
.003752462
.003765811
.004958649
.004762991
.004608407
.006271405
.003850047
.005184829
.003806701
.004484360
.004469332
.004822103
.003747542
.006343436
.003765097
.004088314
.003844310
.004891569
.003760246
.003765362
.004107032
.003792897
.004549324
.003828056
.003803603
.003763553
.003797414
.003774673
.003784336
.004048261
.003807101
.003747724
.004683615
.004048212
.004271495
.004511305
.005423907
.003800517
.004427955
.003819405
.003722862
.003944953
.003799785
.003794415
.003860868
.003787470
.003841959
.004840236
.004764184
.004595037
.003809762
.005109142
.004740793
.003787871
.003780309
.003774830
.003765985
.003810658
.009627915
.013109920
.003827854
.005203618
.004191406
.003777893
.004717602
.003792056
.003827130
.004871919
.003810813
.004556165
.003824059
.004557484
.004744846
.003831699
.005258456
.003782747
.003761986
.004729763
.004766384
.003731671
.004119781
.003830438
.003789499
.003781275
.003764385
.003780719
.004292421
.003904445
.003819007
.004581711
.005532651
.004885804
.003789772
.003766889
.004700301
.004515179
.003719397
.006768837
.003776561
.004375441
.003812730
.003821892
.003883308
.003758174
.003745677
.004798640
.004586329
.003821450
.003809620
.004520228
.003806908
.003789853
.003780083
.003835542
.004588837
.004315732
.003831121
.003842945
.003792364
.003836358
.003826115
.005092282
.003780806
.003776807
.003780774
.004433537
.004524519
.004488479
.003811267
.003802555
.003871127
.003808452
.003835842
.004119301
.003778438
.003776813
.003774291
.003782730
.004659929
.004749602
.004211895
.003809282
.003764525
.004713134
.004747407
.003785537
.003771405
.003735769
.003754426
.004692279
.003849816
.004573429
.004504496
.003814111
.003810489
.004569136
.003808604
.004834341
.003766930
.003759910
.003867248
.003917998
.004564240
.003819084
.004482652
.003846133
.004499454
.004450035
.003780924
.003800211
.005980060
.005367989
.004498570
.005465787
.003815911
.003777421
.003824309
.003772556
.003841396
.003811103
.003805787
.004151641
.003790393
.003781262
.003823046
.003789661
.004752259
.003828627
.003813483
.004579834
.003885767
.003811585
.003770167
.003796806
.003761458
.004145209
.003757224
.003774745
.003922652
.003798127
.004574693
.003864199
.013923227
.003802859
.003783249
.003916733
.004535063
.004400607
.003782367
.003791818
.004771952
.004508172
.003838575
.003764737
.003788752
.003808208
.003788858
.004775795
.004702829
.003841975
.003853012
.003862585
.003799364
.004700309
.003763879
.004544175
.003909231
.003810317
.005729761
.003768811
.004550710
.003787294
.003827967
.003842616
.003829265
.003834297
.004053498
.003903517
.003752176
.003885136
.004589142
.003806356
.003808210
.003799055
.003814555
.003792013
.003785948
.003818858
.003778692
.003803264
.004057824
.004905499
.004039394
.003823626
.003835759
.004881508
.003798051
.004372173
.003727912
.003818449
.003831874
.003804864
.003831914
.003860203
.003816706
.004559525
.003754359
.003743058
.004462909
.003778609
.003780446
.004100071
.003763844
.004495059
.004853510
.004536796
.003767094
.004523050
.003804502
.003774423
.003771036
.004055767
.003794948
.003786480
.003777192
.003762480
.003745082
.004936040
.003762194
.005173323
.003756451
.005741280
.004524051
.003857395
.003810323
.003803983
.003860998
.003838718
.003831204
.003860017
.003808336
.004547897
.003755822
.003788758
.004488646
.003792650
.005442362
.003868168
.004717031
.003783393
.003779225
.004960446
.003821115
.004315520
.005935611
.003788637
.004686405
.003769445
.003834769
.003782088
.003763391
.003813945
.004092486
.003754456
.003837345
.003812925
.004599022
.005276688
.003793169
.006283593
.004644667
.003755696
.003825001
.003862437
.004706373
.004055581
.004521731
.005089836
.003780417
.004372412
.003817921
.003775004
.004812198
.003776009
.004369139
.003830127
.003794109
.004042297
.003814426
.003798822
.003799102
.003768412
.003757332
.003930321
.003800675
.003788950
.003747336
.003781402
.004058267
.003775305
.004758091
.003867102
.003833817
.004354392
.003848493
.003834162
.003951163
.003841162
.004563993
.004503802
.004513137
.003762085
.003805059
.003769783
.003767604
.003808836
.003830399
.003838762
.004012881
.003803467
.003808709
.003816229
.003798535
.004583983
.003736993
.003792332
.004542592
.003836835
.003787397
.003747172
.005603232
.004496563
.003850402
.003863137
.003781235
.003850342
.004860224
.005063470
.003777370
.003764473
.004116916
.003799399
.004610743
.003773869
.003792229
.005532890
.003813817
.004174492
.003801518
.003790920
.004038232
.003784500
.003748889
.004779479
.004749367
.003790348
.003774218
.003823243
.004759834
.003782361
.003807084
.003764089
.004814299
.003801079
.003786375
.004376467
.003793724
.003842327
.005617815
.004572558
.004533575
.003848193
.004476377
.003796734
.003817246
.004621755
.003805342
.003786224
.003739261
.003851610
.004637873
.003799643
.003806256
.003988295
.003824628
.003825512
.003840009
.003818037
.004206597
.003794971
.004541771
.004526698
.004535845
.003770074
.003791315
.004362993
.003753831
.003805722
.003777463
.003813423
.004359540
.003803102
.003755397
.003815888
.003771277
.004792651
.003782496
.003806141
.004301041
.003823749
.003839801
.004599060
.003726337
.004244514
.003835037
.003840215
.004820455
.003769421
.003931105
.003807356
.003778380
.003987003
.003794152
.004598552
.005456212
