.515993447
.008152816
.005033876
.005314662
.004963850
.003766428
.005239348
.003505107
.005241921
.003572996
.005398698
.005296226
.003471731
.005298235
.003426255
.003535814
.005287234
.003452848
.003501278
.003941225
.003467127
.005250659
.005200426
.005192721
.005196041
.005344429
.005258396
.003468611
.005561642
.003486273
.003483706
.005296377
.003463845
.005204039
.003491842
.004476755
.005245018
.003854277
.003581203
.004225721
.003528725
.003513389
.005748103
.004516437
.003501210
.003479550
.004220676
.003504138
.004090512
.003458620
.003443680
.003656429
.005050526
.003474995
.004963580
.003513144
.003829199
.003646352
.004734836
.003614576
.003966225
.003539161
.003565247
.003569413
.003544697
.004542775
.003558128
.003568980
.003555794
.003520108
.005534387
.003522158
.003881638
.004243734
.005392749
.003573221
.003568121
.003547430
.003566271
.003569450
.003560196
.003472793
.003520998
.004000036
.003497752
.003457101
.003536300
.003502425
.003461513
.003541504
.003487453
.004278936
.003494911
.003487950
.003934484
.003469350
.003485770
.003508813
.003533612
.003480201
.003495190
.003483359
.003478833
.003508939
.003463533
.003441624
.003520402
.003461055
.003450441
.003615336
.003435920
.004230439
.003487141
.003461406
.003463620
.003490765
.003507477
.003456308
.003481461
.003451798
.003459407
.003470184
.003500248
.003503237
.003467708
.003504690
.003473090
.003478486
.003488620
.003500978
.003456745
.003475550
.003568419
.003486188
.003484608
.003578788
.003500656
.003467970
.003529013
.003489848
.003634312
.003565116
.004250192
.003590917
.003543360
.003588597
.003536973
.003547349
.003475258
.003520046
.003474054
.003922892
.003498256
.003484419
.004495323
.003615883
.003439445
.003503273
.003514500
.004719599
.003563374
.003441798
.003501363
.003508532
.004723132
.003545555
.003466157
.003519924
.003487131
.003778129
.003542633
.003484632
.003798334
.003477992
.005333915
.003536167
.003563203
.003569289
.003504843
.004235884
.003493085
.004265450
.003523608
.003476097
.004068814
.003463046
.004291961
.003494933
.003477572
.004016448
.003494007
.003502878
.003493717
.003480965
.003509965
.003641823
.003838348
.003565371
.003560577
.004353494
.004290448
.003526924
.004265156
.004446046
.003517883
.004310425
.004275261
.003517940
.004264002
.004250733
.004235673
.003468995
.004271942
.003515810
.003613030
.004278146
.003988603
.003471884
.003515590
.003464793
.003507372
.003493110
.003488913
.003503406
.004417881
.004655103
.004290076
.004567909
.004250047
.003454745
.003523840
.003490027
.003491694
.005263534
.005289977
.004491472
.003480960
.003463612
.004836623
.003484531
.005030997
.003599393
.003531128
.004283824
.004303754
.003971392
.003514857
.003565178
.003556824
.003547776
.003530263
.003576450
.004332470
.003737783
.004331095
.003936013
.003555983
.004295055
.003429435
.003531554
.003508890
.003565595
.004323155
.003432053
.003508635
.003581419
.003527086
.003534565
.003476312
.003496800
.003526974
.003487535
.003476032
.003497458
.003469755
.003509773
.003536922
.003517618
.003587349
.004334631
.003449686
.003511164
.003495462
.003508320
.003551274
.003474507
.003484596
.003498914
.003477362
.004471864
.003480360
.003454382
.003502937
.003507824
.003473758
.003492018
.003478879
.003461191
.003503329
.003519035
.003530479
.003478320
.003497331
.003509569
.003461074
.004002151
.003462858
.003535423
.003507690
.003486186
.003534003
.003590329
.004934449
.003536990
.003920818
.003516980
.003599773
.003588270
.003566789
.003541653
.003445670
.003505550
.004462669
.003547893
.003531973
.003572812
.003529262
.003538412
.004429164
.003500660
.003505281
.003524326
.003476133
.003519781
.003600449
.004353414
.003551403
.003561206
.003555765
.003530551
.003540480
.003461136
.003489815
.003512706
.003506736
.003951966
.003499746
.003564832
.003503261
.003528138
.003529899
.003498118
.003553333
.006288074
.003523408
.003501641
.003518991
.003606583
.004053894
.003548574
.003567027
.003560567
.003542352
.003565468
.003456315
.003516858
.004257905
.004466537
.004189115
.003482228
.004489186
.003598724
.003553998
.003550310
.003528070
.003575909
.003537214
.003546839
.004230764
.003527970
.003546536
.003523517
.004317069
.003806287
.003562006
.003544042
.003539410
.003541802
.005527033
.004275704
.003606053
.003759400
.003496662
.003476656
.003495744
.003462013
.003518063
.003507173
.003505449
.004407573
.003472358
.004043061
.003457379
.003520106
.003490857
.003482486
.003572102
.003491437
.003524564
.004359052
.003549156
.003552549
.004845837
.003509943
.004193489
.004251484
.004242085
.003505335
.004261205
.008232476
.009886915
.005174490
.004280070
.003497517
.003516866
.004199665
.004995364
.003558992
.003598052
.003440117
.003503428
.003471444
.003532903
.003521255
.003501051
.004273938
.003510481
.003542649
.003485966
.003621903
.003533866
.207589068
.003571602
.004018422
.003937690
.007287271
.010062030
.003389275
.008604871
.006807358
.004082083
.008941910
.006512529
.004597250
.006785157
.007783518
.004934698
.004318944
.004606851
.003241735
.008792881
.008419874
.005231901
.003239653
.004165793
.003227875
.008831350
.007826773
.004911581
.003256864
.004671319
.006764582
.008733701
.004016550
.004346884
.004377616
.005949734
.008570981
.004947280
.003248103
.005615461
.009294731
.009570764
.003489328
.004443413
.003513038
.003485471
.004014213
.003549667
.003514076
.003539357
.003531567
.003960117
.003527210
.003564305
.003513737
.004275025
.003671222
.003517594
.003481254
.003518056
.004735919
.003563309
.003508577
.003936995
.003498839
.003531872
.004308227
.003505891
.003767925
.003485153
.004305369
.003509038
.003452367
.003466273
.003451307
.003497622
.003475126
.004523628
.003526811
.004301020
.003792574
.003490586
.003526827
.003496093
.003518510
.003494455
.003511885
.003507282
.003511873
.004289257
.003537485
.003525373
.003530557
.003520933
.003511118
.003491291
.003533681
.004516786
.003732390
.003514416
.003487938
.003522737
.003537227
.003519226
.003516249
.003545527
.004283052
.003473829
.003508606
.004208139
.003707447
.003513160
.003437297
.004185117
.003438295
.004459967
.003458042
.003463601
.003451329
.003513590
.003549687
.004277768
.003481210
.003975353
.003522349
.003497514
.003642050
.003514314
.004263460
.003535162
.003528077
.003423633
.008468231
.007953920
.003505879
.003488176
.003495802
.003530377
.003497000
.003507529
.003529501
.003498669
.004307697
.004197205
.003476637
.003499984
.004067173
.003455291
.003448465
.003485268
.003436194
.003436220
.003448045
.003457038
.003454336
.003445309
.004180237
.003443226
.003765929
.004138711
.004815522
.003418034
.004037252
.003423282
.003481109
.003427674
.004142787
.004383777
.003488115
.004189406
.004206658
.003448490
.003414484
.003462543
.003465278
.003480499
.003419104
.003446778
.003465269
.003426569
.003461063
.003433874
.003397291
.003440428
.004446352
.003511975
.004484321
.003496604
.003574629
.003457017
.003460138
.004438575
.003461160
.004149448
.003447731
.004466112
.003531250
.003781495
.005205232
.003501425
.003446339
.003484172
.004178412
.003460507
.003523941
.003460953
.005722636
.003505632
.004203856
.003483399
.003456194
.004412512
.003470376
.003493739
.005239073
.003447290
.003440469
.004422566
.003499051
.004249823
.003496611
.003514331
.003449863
.003448361
.004482965
.004222878
.003937732
.003454426
.003430683
.003491851
.003460130
.003467468
.003458315
.004426620
.003624193
.003438385
.003433696
.003442459
.003450602
.003451196
.003428812
.003440781
.003464457
.003408048
.003432888
.003446666
.003473150
.003468392
.003446869
.003442107
.003445199
.003459005
.003432926
.003531560
.003445210
.003610108
.004322231
.004020628
.003819789
.003443957
.003460116
.003439834
.003427637
.003477586
.003437555
.003458501
.003480317
.003426182
.003473308
.004461454
.004138918
.003432277
.003525067
.003473505
.003497911
.003551694
.003451856
.003535024
.003449662
.004446402
.003505765
.003674930
.003466783
.003444849
.003458412
.003489783
.004430124
.003430246
.004748893
.003468390
.003948785
.004202299
.004974327
.003523566
.003511363
.004098992
.003539589
.003459580
.003547126
.004230479
.003600059
.003493710
.003511696
.003458580
.003928935
.004211208
.004289410
.003491522
.003504182
.003451615
.003474169
.003456538
.003446028
.004191001
.003444367
.003462475
.003701839
.003509460
.003488246
.003480391
.003510860
.003446154
.003459833
.003431617
.003447112
.003464757
.003482694
.004551909
.003460970
.003487141
.003456357
.003482955
.003698125
.003452484
.003475449
.004440833
.003498367
.005277619
.004486541
.003456657
.003467373
.003467765
.003627926
.004249477
.003465339
.004215384
.003496606
.003497525
.004189159
.003476693
.003487806
.004518633
.003493777
.003968222
.003495075
.003434504
.004239909
.003493455
.004508236
.003485717
.003963721
.003451783
.003462189
.003472697
.003466488
.003503236
.003448288
.003457046
.003469073
.003458695
.003473726
.003439054
.004255325
.003475448
.003753583
.003525999
.003553653
.008048628
.005050047
.007059650
.005038059
.010942889
.009178825
.007707980
.008368506
.006957537
.010166418
.005960565
.009340256
.004409476
.004510758
.006074348
.005958315
.006872851
.006026428
.009237250
.006110121
.005214668
.006832810
.005277668
.006877103
.009205329
.006861398
.005254005
.006881556
.013588451
.010437760
.003457191
.004753537
.006050402
.005179504
.006918683
.009199715
.007671537
.005117394
.005335697
.006847878
.009412289
.006007841
.006744524
.009305280
.006813743
.005243346
.006827806
.005974766
.006091578
.005212535
.006804963
.005444237
.005906991
.010043557
.007554720
.008499116
.018780214
.005402942
.006678925
.017191746
.010881692
.005189830
.007673785
.009140375
.006236264
.005798031
.003488608
.009615059
.006177428
.005051965
.006628658
.004265706
.006058896
.004193815
.005650695
.006012228
.004229605
.005176071
.006782471
.005473372
.007381262
.008223230
.007074227
.005259977
.006790908
.009193770
.007664300
.007871385
.006104334
.006775801
.006017889
.007966666
.005522084
.005229277
.010651387
.009249852
.005143915
.019599845
.006551526
.005466699
.005018879
.006618303
.005138425
.006021588
.006675922
.008799109
.010866125
.003331725
.004726014
.003883786
.003671535
.004776322
.009991133
.007642645
.009872077
.007147185
.003468489
.006701310
.007169995
.007591009
.006968043
.012772032
.003458523
.005872536
.006019431
.010683792
.003462917
.008028981
.004936378
.011172480
.012999109
.005982234
.007047795
.013033604
.005964296
.006080391
.005067094
.007126633
.010072494
.004973082
.007070470
.008979968
.007081105
.008977669
.007818822
.012192558
.008059321
.016094680
.010041244
.006994616
.008089529
.007044719
.009038340
.011787087
.004363550
.007260038
.009313742
.009000083
.007456304
.008957707
.007059020
.009743122
.006367085
.005216026
.007908491
.008382988
.005892390
.006701063
.005362705
.006678503
.005358623
.007450024
.027120104
.013787452
.008329356
.005426604
.005936303
.003415911
.012705002
.006688009
.007668657
.009098812
