.705550267
.575541829
.997178958
1.091302962
.917910707
1.056787904
.980384703
.973358589
1.024308572
.582908566
1.007556838
1.045776858
.627719233
.621526208
.915652047
.668119548
.635221851
1.007013445
.578142442
.621491565
.611493130
1.058846053
.648387389
.987118963
1.000165483
.607619305
.973965530
.963329499
.999214116
1.098165653
.655878816
.617751833
.614801934
.618711407
.626047415
.600556533
.640989662
.548908599
.673780964
.561730833
.704851161
.615324586
.614335501
.988295825
.619353836
.614324043
.612453200
.636219209
.602319472
.618161732
.619382339
.623313859
.631310469
.604470146
.626056413
.612666874
.615616869
.705228663
.588963254
.626915826
.620075153
.617846566
.635087107
.672362919
.611974138
1.011933045
.597451242
.638198827
.604971214
.634947825
.953412110
.656268171
.619252406
.621041636
.628580748
.627204228
.618570957
.609926527
.648464516
.592191904
.633289337
.643330146
.595210230
.633396022
.591655917
.637712909
.579543205
.644096893
.630311163
.614303410
.630653161
.612861426
.607267739
.629093703
.536247265
.648807432
.613575681
.641113153
.588567351
.582336290
.226595870
.587059127
.717810539
.546615565
.619857128
.693044576
.624405391
.631658230
.620523516
.631107309
.618303470
.623326167
.718647976
.580384468
.619060195
.630601686
.626699831
.616526588
.725451028
.592522676
.640189872
.634357020
.620050530
.630627866
.627908713
.617669928
.991614253
.715468496
.586189764
.735680432
.517458157
.174483842
.641620714
.714156704
.582605061
.582123069
.702237928
.610493391
.636664341
.618767315
.627777769
.611259533
.627104645
.623489453
.619263374
.633345106
.611313675
.720286045
.587328744
.619879825
.618826132
.617794452
.632086147
.684523595
.631297268
.683935123
.703098950
.558481111
.739791179
.515639175
.643463827
.670938015
.624346113
.632589831
.622336500
.636754322
.613515170
.624009377
.719508458
.580504256
.624157899
.699798492
.546363639
.637525945
.653487994
.638042791
.636944138
.610450108
.638679788
.606879780
.636781167
.625261282
.617024281
.623099289
.616656494
.627980427
.643439222
.761757529
.540400265
.676840982
.567051095
.613524968
.632431464
.680842097
.640391720
.622038805
.615413596
.628573942
.717550196
.593228853
.620577899
.627962076
.637327303
.717934239
.614120077
.620954387
.608675566
.627912978
.613466386
.622793837
.637181187
.616682400
.618283149
.622568259
.620495321
.637130736
.615637847
.631718971
.614752803
.713193471
.590516441
.622196727
.617979426
.618132260
.690537736
.614327728
.634864607
.612526458
.630819135
.612475238
.621652492
.633400360
.622179950
.627737106
.621632541
.628651274
.621781072
.648994772
.588500150
.638208889
.637640927
.603383871
.636569264
.598527018
.645095906
.616146910
.627475479
.615574161
.719999903
.573550565
.635639000
.633136460
.612230487
.649440784
.665170018
.633739763
.624954043
.612398086
.622398598
.598108476
.647819557
.609875630
.633257168
.620710247
.730798956
.569109472
.624610369
.764206433
.597632037
.681802621
.559667305
.623843709
.688516666
.617439944
.631733932
.685448559
.618208399
.674664670
.612010130
.573883673
.629897157
.685087504
.635121279
.606384116
.633847361
.633478922
.611859518
.633394476
.633471693
.610437848
.631967371
.616144548
.626287517
.620318548
.720326701
.590234567
.762640389
.620115751
.683277573
.598761882
.672481261
.602496155
.709938891
.728432934
.574185199
.631207143
.647706188
.629514205
.644201327
.694160654
.616901686
.653192157
.664619314
.602400639
.647202074
.616029940
.656888737
.637908733
.628244411
.634329586
.636971931
.622391779
.644333419
.612347428
.661555817
.629694506
.611007168
.661735152
.629712224
.636030256
.634664563
.614046336
.651018554
.660789558
.619174122
.630848816
.636067753
.624366121
.656523810
.607826074
.652836021
.587219914
.656942393
.652281647
.643110458
.630473182
.630145182
.614116384
.657224333
.568970650
.673564876
.652259081
.639837402
.616705992
.649535179
.616607274
.657584730
.598734625
.648513001
.661470709
.625257740
.640421004
.655055978
.630994561
.640684167
.636449776
.736167035
.594247577
.725930539
.548197710
.667467671
.715759879
.650760436
.679233694
.642992393
.711861260
.547253542
.638216151
.646516359
.716237637
.627825942
.637138258
.621452219
.639832892
.638155528
.623487597
.641162691
.632677681
.632057499
.674032403
.617155073
.640507081
.622622579
.641566802
.633227721
.615225364
.656437459
.625830228
.640138922
.622009919
.623024632
.642914688
.638446345
.631142007
.638948255
.638323992
.601898189
.661637227
.629102065
.630920931
.640602192
.630025729
.638448591
.559567060
.689755154
.644919026
.745530748
.573104517
.747156141
.557237505
.676183384
.597761048
.639018414
.699020402
.627205066
.632713937
.650028565
.607833662
.657350623
.587281684
.769388912
.621105153
.759094568
.516262891
.642726638
.723415127
.627941786
.589190839
.649306367
.651158907
.661907445
.603467712
.661776545
.625909063
.637410485
.665448202
.602860326
.643911464
.662351408
.611395714
.638439283
.617997082
.654069143
.584498356
.666856888
.655407604
.652706991
.610512334
.655407123
.608662485
.655142775
.636505311
.592371020
.664541713
.625246732
.638015437
.645993249
.632808090
.631607681
.665431796
.580937960
.657259679
.654982653
.604811425
.670004508
.635822351
.635978647
.721301825
.594835458
.717929461
.558210604
.625560921
.650556139
.714320539
.638924018
.671200289
.626153257
.626504770
.636903038
.630950067
.649819727
.620145032
.653822922
.639433628
.640850600
.638305620
.632590113
.634034231
.654252048
.628785366
.646129815
.624875006
.734922562
.599492075
.641843190
.630118727
.647473437
.828051982
.568198841
.707505748
.568925469
.635364519
.632228345
.709070401
.650947282
.649947201
.629648232
.637546237
.633110353
.632573921
.642123644
.637307289
.662738490
.732666115
.592837060
.637428339
.626518740
.635929625
.636919661
.700263253
.652211171
.697548594
.631681290
.642265520
.639902356
.714901755
.552436667
.693540600
.669304002
.699526109
.587920765
.592730714
.682981672
.632710984
.669280348
.604403971
.654890822
.629043248
.635525059
.638195803
.637388277
.628264857
.644063021
.629109777
.649890581
.630635142
.643521314
.621048141
.738887239
.589596310
.639510406
.628237128
.655690755
.718501472
.635583995
.627793489
.721404927
.633478771
.635927049
.633168416
.641206652
.629430303
.645668458
.628077051
.647897756
.635320005
.639738382
.625242837
.645631823
.647808684
.635396071
.641087642
.629838598
.627548425
.637732809
.626790172
.653534560
.726849676
.603602346
.630299352
.640645129
.627977983
.637580733
.698153794
.643129969
.649509143
.634133442
.670762887
.614745254
.652819813
.643985719
.634385010
.655552889
.638246910
.675629498
.594243880
.664617359
.628798295
.634018088
.627438702
.656520043
.637618772
.635049182
.668171552
.624323514
.638888066
.678093409
.656191089
.682751247
.672875410
.660371221
.711978421
.640981430
.668379207
.664130482
.660331294
.683547462
.658780018
.671823100
.661647160
.662479839
.670933670
.658251054
.666931268
.611569075
.759561029
.657686577
.678751045
.663036564
.851417184
.593650250
.662308894
.729437212
.610194123
.769605533
.627315279
.680650841
.680162462
.642915038
.681814689
.652576092
.684706447
.625950095
.699366236
.664022670
.671485026
.655721482
.680721987
.636143618
.688355202
.623903824
.675948859
.697709712
.673276902
.651583369
.666884733
.715889070
.766978277
.609599143
.638132928
.742116360
.662333997
.590975596
.757003441
.644467287
.687884595
.596050734
.720671838
.652779508
.684053473
.642715586
.673265644
.650650348
.682816840
.665069064
.671508626
.653983834
.675800206
.659628662
.720837892
.699672763
.675880348
.653196913
.664683130
.735248356
.719582001
.664935398
.679285494
.659149444
.666727974
.660836295
.735891553
.670338245
.656373050
.671023822
.718437550
.721226705
.654603994
.668125231
.654431823
.730666692
.672812399
.660180035
.688134524
.669965936
.663942267
.687535472
.630101740
.685696786
.683849035
.635516625
.608958894
.752950978
.665962816
.659058823
.741589618
.786635020
.588052012
.703920620
.760154053
.559036368
.687363469
.683361028
.694655067
.677306201
.647095647
.686095752
.627677079
.698097393
.605905909
.709604548
.680774511
.665434991
.656253450
.671288745
.645160432
.702520577
.605348626
.699642808
.677575460
.687762114
.647207352
.639676696
.724329467
.767535830
.584114689
.740495653
.672714990
.657802765
.658365919
.181656718
.662184682
.676348514
.782415169
.656044235
.656237479
.661432906
.685450613
.807091554
.635890025
.730498485
.591080138
.676587213
.735933717
.660545352
.179837761
.687883265
.658754112
.785224784
.628932976
.665479291
.664458147
.669932463
.796358135
.578845089
.669165305
.674772228
.659780045
.670208203
.740371214
.244965665
.641854551
.669226166
.660129111
.742929243
.678333378
.647273618
.777406623
.666667340
.785917187
.610796180
.631701936
.748336683
.645528466
.678839040
.660405469
.662716825
.661512038
.721824558
.791279412
.571825117
.732023868
.596197686
.833034959
.650407978
.705502221
.666386311
.698055150
.658232517
.680007636
.656289236
.691745819
.671208459
.655585771
.697845065
.657432116
.664355213
.666025370
.660146627
.602538435
.743603473
.672678634
.653770715
.663174096
.669159530
.729879081
.672883984
.668093754
.663145578
.659157381
.669692300
.655820070
.685527632
.656753393
.667231533
.677230895
.660223254
.671216654
.657196931
.660018798
.668516655
.653009299
.682121112
.708301273
.722567601
.662227940
.671145862
.734201931
.659313481
.668074283
.660739708
.681337189
.686274340
.654146143
.660242750
.662137722
.656782186
.677883316
.657290888
.612779396
.741580058
.671788049
.655635749
.675295428
.743184574
.649111925
.669166082
.668625076
.659883565
.667045374
.655837698
.665064475
.673958417
.659449945
.661907771
.672016569
.658157982
.672411879
.660970374
.667970931
.662345445
.668260154
.680173512
.706119682
.730789286
.670434520
.665495167
.653076883
.750263909
.655034410
.661657597
.671757821
.674008505
.658209693
.675132485
.659596408
.659745883
.669228116
.657253188
.615417422
.744252593
.657606124
.669776284
.669939495
.734294339
.652331988
.665429027
.675716378
.755958194
.628425011
.657628349
.674740777
.657727873
.741002682
.666709159
.176057382
.688428265
.662887693
.671313884
.737055415
.667186960
.656137249
.667460426
.679090813
.651197903
.665944780
.664059788
.659386111
.672059578
.656268005
.693705837
.697653973
.670927519
.654125976
.744704455
.774949941
.587392418
.669847402
.665828693
.655030845
.748611954
.653739399
.664342766
.666987630
.660594796
.665627338
.588425133
.749043302
.653756800
.675569287
.661125398
.737338010
.667726584
.655204016
.692224048
.673139061
.661207320
.658911243
.669576635
.664137004
.679139251
.658275789
.674004908
.770940853
.607688402
.677218617
.662276898
.668113529
.660122938
.739339439
.184684621
.659506629
.664540407
.660291366
.757005086
.652341483
.663007814
.674238293
.663542448
.670768379
.659037998
.663236160
.664875261
.658426316
.672269598
.673635502
.668611157
.669903999
.654446503
.669890066
