.015515717
.025806190
.014276293
.021322315
.020205894
.015204426
.013711845
.015851849
.011671786
.010598130
.017327693
.015604029
.015885974
.015023120
.009689657
.011186422
.017728760
.015481837
.010117442
.010967833
.010911049
.018097941
.008284233
.012593534
.019063558
.008551164
.017477720
.007713548
.019183779
.008595552
.024831281
.009622999
.011758832
.011019718
.011397862
.011268345
.011635724
.012497786
.010759891
.011412411
.018717472
.011369483
.011234539
.011537865
.019344094
.007209301
.012116168
.011746758
.011758106
.012737727
.009563323
.012034093
.011602095
.011715402
.011117561
.012732844
.010535524
.010516016
.011934179
.011159996
.018226122
.009859339
.010971929
.018195750
.015319928
.009719246
.010713853
.011733007
.010762948
.011758671
.010587922
.011207670
.011821707
.010733663
.011800230
.018769643
.011730961
.011785910
.011792675
.011781967
.010739306
.010385718
.018045795
.008802757
.013563578
.010941940
.011382116
.012129101
.010348923
.011190461
.011767061
.012761147
.010978209
.017468909
.008974766
.011078526
.011431009
.011039514
.011090185
.012156571
.011380271
.011355150
.011438421
.015522796
.018199883
.008411511
.012532204
.012100573
.009923724
.012722844
.010730734
.019835676
.022737980
.019152970
.024143137
.015584500
.014579873
.019268531
.019843369
.023284252
.027626526
.027885694
.018435465
.027278819
.023876792
.020759189
.018082096
.027764245
.030269079
.019080935
.019273918
.020313575
.019242495
.023310942
.023373564
.023339986
.018361435
.019785495
.014971019
.027255723
.023212618
.019856072
.019261630
.018317249
.019021762
.019542846
.011893113
.010469395
.020210722
.018217189
.019198099
.015873008
.018629791
.019910174
.018345904
.019216359
.019286138
.023869395
.015225599
.018510648
.020960260
.027076685
.039882160
.015364487
.018292357
.020009271
.014282110
.015467669
.019041738
.019142039
.015337839
.029066245
.013240604
.019082494
.019455763
.019112211
.019890712
.014981398
.021877336
.019477859
.020206573
.018435031
.015289100
.016014145
.015302056
.018734453
.015986459
.019182069
.015731198
.018076484
.018326287
.019507467
.020047117
.019150870
.018872675
.011135983
.019290044
.016022186
.018620968
.019870712
.019315262
.016171196
.019438211
.018550453
.016444353
.022502396
.019329600
.017707646
.017398041
.019168121
.020485164
.019373924
.018523747
.019918349
.015913243
.018628226
.020509367
.018487785
.020302749
.018318689
.025213748
.018177207
.007447009
.025819049
.017371910
.019227652
.016937147
.015057629
.023989995
.018791734
.025234386
.019241353
.024581444
.014422122
.027312861
.020496561
.018444273
.023481563
.019064107
.009866442
.011486175
.012913624
.009813473
.018873372
.011623985
.016582154
.023181743
.018899331
.019418511
.013099173
.010798941
.010520863
.010491277
.012487785
.013634356
.010087564
.011268104
.019816118
.010965616
.012832842
.010766702
.011502198
.010365001
.012197086
.010844821
.012756636
.009835317
.015304935
.011903713
.012129024
.010139854
.011475015
.010556604
.010185663
.011641453
.020038723
.011875310
.009110580
.012858376
.010722795
.010840085
.012287648
.009913549
.012255381
.010128864
.012490114
.012324697
.011265254
.011128007
.012262435
.011310109
.010540030
.010911350
.012697270
.010794039
.022618321
.011374717
.011105408
.012038210
.010298427
.012333680
.010427740
.012136858
.010189422
.012413222
.011040257
.011524277
.019093974
.012484291
.010192701
.011419271
.012797027
.018410261
.010926784
.010715207
.013152697
.009511082
.012078985
.010275320
.012299959
.010529656
.010429127
.011153644
.012067363
.011822673
.010779523
.010391815
.012084511
.010717286
.019876651
.009785462
.013811203
.010274346
.012330329
.010619723
.011959632
.011841245
.010739810
.010996843
.012563499
.010485089
.012113090
.010759349
.011163553
.011338411
.011424287
.012381140
.011407915
.020901817
.014259570
.010089145
.012091195
.015286944
.011115523
.011666871
.011099075
.011068389
.011462333
.013353042
.010430722
.011159837
.011338801
.012252231
.010470730
.011890884
.020926720
.010754274
.010648555
.012928986
.009865377
.012714797
.010407081
.012170556
.014635200
.011393589
.011947337
.011109733
.011066326
.011488382
.011179470
.012383832
.011345279
.012342575
.017735569
.011338581
.011435124
.011773433
.012347286
.010416089
.011991634
.011495002
.010372083
.012192724
.010845436
.011413594
.014770459
.011800168
.011672108
.010899482
.011385384
.011192290
.010703170
.011251831
.011949537
.011020818
.011365826
.010936591
.011583280
.011166537
.011981127
.010680567
.011738321
.010924384
.011718540
.010715458
.011682689
.010725342
.012719039
.011853707
.011755460
.012734089
.008703604
.011731742
.010601170
.011915485
.010508821
.011136559
.011064948
.011084761
.011471928
.011827356
.011720571
.010725059
.010707241
.011693103
.010401163
.012955721
.010913828
.011655404
.010743505
.011686876
.011653877
.011944872
.010686478
.010762777
.012683932
.010748861
.011724140
.010721645
.011807193
.010472339
.012688146
.009950427
.015724100
.011748714
.010731815
.012706909
.010704998
.011679810
.011899337
.011581004
.010691140
.012698933
.010731167
.011718311
.011645793
.010928261
.011729746
.010729597
.011717555
.011631523
.011786298
.010683225
.011693731
.016683777
.009949796
.011726150
.015453029
.011870027
.010699917
.010744247
.012709662
.010694532
.010496932
.013173097
.010723533
.011014512
.011236282
.011730825
.010703591
.011720703
.010759199
.011012769
.013413103
.011701439
.011699702
.010678947
.011678603
.010718384
.011674818
.010952218
.011688061
.011783332
.010676360
.011128006
.012080296
.010929178
.011703570
.010488957
.011903288
.011694365
.010727884
.011681257
.014515904
.012214718
.011363717
.011696019
.010714756
.011695119
.011696598
.010691777
.012693993
.011058127
.011418602
.010375077
.011991337
.011684668
.010669157
.011700498
.011713581
.011695688
.015131804
.011421832
.012065331
.010447146
.010714289
.012667424
.010752744
.011674198
.010698262
.011681722
.010695156
.011934758
.010442739
.011712341
.011684659
.011729409
.010700037
.012701691
.009545325
.012052064
.014716980
.011716040
.010740028
.010736645
.012697345
.009747176
.011684268
.011643775
.010791868
.010706179
.012671327
.009730086
.011699051
.023206894
.021177987
.011638681
.010634967
.009662228
.011671889
.009936089
.011702686
.010721073
.008662709
.011720472
.011628150
.010676378
.013674387
.010700957
.010243335
.012107931
.011710428
.010721630
.011733071
.011660139
.010707867
.010941890
.012413164
.010926065
.011730264
.014709995
.010723930
.011709953
.010721268
.011685472
.010741638
.012666227
.008044973
.012276641
.010673989
.011697254
.010694202
.011699603
.010769070
.011640497
.011702486
.010611340
.011987948
.011507726
.011655245
.010956401
.010672820
.011709888
.012740569
.011665025
.011399086
.010919423
.010837093
.012037865
.011213219
.011668847
.010430771
.011219698
.011659563
.010668746
.011708799
.010694055
.011708030
.010570501
.012826040
.010683761
.010726683
.015686440
.011663958
.010696278
.012649508
.011652382
.009954534
.011689978
.013792132
.009460305
.010690352
.011685224
.011694387
.011703542
.010673041
.011703253
.011797152
.010592699
.011646851
.015687452
.011699999
.010686134
.011209963
.011202557
.010812806
.011548508
.012688018
.010684292
.010688766
.011966835
.010711622
.011709708
.009667499
.011725388
.011649439
.019683319
.010682592
.010707765
.011649287
.011950922
.010612692
.010682931
.010605042
.011767656
.010835768
.012517215
.011662574
.011661677
.014913828
.010689090
.011603066
.011655575
.010681054
.010705889
.015336608
.011165085
.011557629
.011994600
.011369350
.010697802
.012685533
.011308021
.010186946
.011714890
.010712395
.011600105
.011754399
.011700427
.011645779
.011621639
.010676719
.011660611
.010673015
.011708247
.011969403
.011419812
.010652445
.011714211
.011688855
.011721775
.011713306
.021682115
.008815539
.011439856
.014935001
.012709753
.009743970
.012700638
.010784963
.010501366
.012644769
.010727616
.010510243
.011858631
.011703278
.010675944
.011661619
.010719452
.011645421
.011658492
.010903858
.011662944
.014707482
.012691642
.011682222
.012680825
.010661267
.011676508
.010707057
.011173659
.010602781
.012258258
.010689804
.011700393
.011685891
.010678818
.011659922
.012013501
.010425039
.011637047
.010382357
.012245733
.011699145
.011692769
.013670611
.011709922
.011667594
.010800128
.011608244
.011653264
.011708987
.011698865
.010681398
.011724314
.010745358
.011342163
.011918660
.011669160
.010693628
.011531434
.011633528
.011704359
.011746245
.010640791
.011632115
.014729562
.011643066
.010694400
.011138307
.012416009
.011001240
.011215768
.010878610
.011104540
.012062556
.010593546
.010388932
.010977164
.011634321
.011207119
.011324409
.011697919
.011688757
.010432556
.010236154
.011403758
.010668554
.015705431
.010666173
.011612958
.010879671
.010702365
.012713841
.009700290
.011692594
.011271066
.011093633
.011618673
.010639516
.011699423
.010330316
.011006849
.011713599
.012642077
.010869335
.009695526
.011689107
.011694172
.010684573
.012696031
.011671259
.010704883
.010983941
.011022038
.011853933
.011668974
.011438636
.009848728
.011735532
.010985315
.011215953
.010894884
.011653088
.010669633
.010692716
.011660180
.011625973
.011673222
.009655430
.012686846
.010392753
.011981843
.010760544
.012519277
.010656247
.010731135
.011166750
.012087697
.010883914
.011673222
.010709017
.011707695
.011703790
.010666981
.011532222
.011863519
.010656866
.011686650
.013706646
.010632173
.010658875
.011596847
.010932581
.011699428
.011650219
.011295213
.011025223
.011015133
.011396137
.012691670
.011745322
.009698497
.011429743
.012639194
.010670279
.011669705
.014672010
.011645627
.011652580
.010119008
.012212479
.010655554
.011659706
.010930363
.011417637
.011644956
.011650372
.010894043
.011597888
.011649906
.010636189
.011631608
.011852130
.010665646
.010697950
.011642726
.012691890
.011629633
.010681014
.011681977
.011683808
.010644653
.011671190
.011686465
.010667495
.011563799
.011478284
.011153316
.011386427
.011631318
.011646363
.010640070
.010917568
.011641257
.010717071
.015667303
.011631762
.010655142
.011660166
.011780371
.010527072
.011652406
.011624526
.011675539
.029089077
.020871196
.014000192
.011795451
.010658498
.013663966
.010627173
.009683167
.012597512
.011916472
.010661966
.011638899
.010678540
.011612812
.010656508
.011562026
.012783077
.008550025
.011658881
.014641124
.010665632
.012634720
.011668338
.010663574
.010666684
.012633484
.010856848
.011610654
.009749241
.011571119
.011610099
.011676013
.010642909
.008262851
.010925426
.011747859
.010625410
.012692270
.009769689
.011692340
.011440567
.009975911
.011369495
.011676962
.010664972
.011646370
.010668362
.011645985
.010659717
.010775673
.011835367
.010957736
.012132802
.011656777
.010694604
.011645389
.011662124
.010680716
.011660302
.010673273
.011617097
.010664670
.011634906
.011626504
.011870855
.010653470
.010710873
.011646200
.011751943
.010451911
.012583807
.010440748
.011386008
.012146306
.010802313
