12.022070582
14.504118837
11.190358800
7.446931410
15.031385074
12.379309536
11.882736366
13.154392759
10.644202875
7.443952316
14.840631834
13.572569864
14.921729713
7.556127602
13.901480321
7.600762837
7.594307875
7.405026452
12.794604569
7.815154513
15.150221465
8.988995767
13.338889828
13.386832714
7.677691516
7.419712599
15.498738506
7.765280143
15.438040036
15.099109472
12.298687915
7.660610543
7.545137216
7.470845350
15.030575755
12.965997200
12.165090135
7.725696467
7.655703067
7.520883853
8.067812402
7.566178894
9.587673643
15.222897323
7.789908734
7.637684833
15.459898151
15.090981098
8.193424533
11.923929723
15.267581889
15.288891081
8.287652242
11.852221396
8.384928389
7.840997501
15.629502902
7.902795182
15.126649661
13.143983721
7.200363711
7.787235499
8.383966833
15.372927347
8.036118261
7.935965019
15.538509974
8.134246787
16.058775187
8.004717676
8.077413169
8.011027395
8.405438552
7.868737574
8.419408870
7.875230700
8.470888711
8.135747854
8.946996470
8.020448701
15.397532164
8.114545156
8.583788272
8.029549408
8.447483117
8.008701640
8.557571870
12.018719824
15.189852582
8.361442437
8.222294337
8.620274506
8.107567609
16.031685691
8.304633618
8.282295668
8.290070753
8.724432680
8.473945786
8.198452527
8.788884229
12.912973645
8.628683902
8.612814031
16.070469931
7.912832041
8.442680975
8.246555320
16.216745251
8.483586801
8.335345664
8.580651134
16.397444459
15.923019724
12.260838827
8.218283830
8.704978267
11.398135175
16.014019060
9.287383016
8.550360860
8.713780159
8.501656081
9.118135659
8.591137452
15.387687436
8.897756888
9.079188016
11.259807149
9.420118322
8.820790659
8.491939499
9.213626773
8.632814952
8.574104637
9.060968725
8.780859305
15.965602942
10.718066141
9.016929839
9.057884049
8.860654442
8.784325701
9.319266621
8.861991914
8.756942659
13.231328152
8.913409504
9.024540436
8.930884426
9.830348192
12.417083958
9.164337660
15.735000484
12.568803651
11.205874032
9.372613474
11.714954850
9.229311013
9.088516239
9.280957020
9.692365934
9.546900741
13.625141079
9.289943026
8.905714873
9.486609468
8.269181694
9.116169926
15.137862550
11.791676560
9.420955631
9.459325298
9.552694905
14.389842114
9.231992671
9.506017436
9.504790793
10.028649510
9.910776408
11.503106535
11.749424966
16.375860523
9.807373248
9.655082586
9.792296868
13.061012544
9.574519890
10.188865215
9.738252241
12.573153945
9.965152043
10.104302890
10.138832263
15.810740587
9.961939370
9.886202463
10.102789586
10.584776316
10.651476921
10.728752224
10.246028903
10.765997543
10.865022820
10.663706466
10.919659228
17.719120402
10.582768965
14.754920654
10.624270965
11.031074884
10.525112429
10.900412974
13.795223546
11.101379051
11.069711886
11.267473353
14.251973903
10.921897797
8.620156170
7.888080612
7.402264813
15.245843362
7.470184578
7.897899886
7.546867939
7.314756781
7.606049727
7.543259722
7.724349487
7.382200635
7.466950410
7.253195274
7.943713005
7.429648656
14.096598220
11.300696228
7.450601320
7.536759922
7.914634742
12.060957125
7.512957443
7.555196220
8.572365339
7.668812085
14.882735535
14.840582136
7.709519975
7.638167080
10.366588421
10.485097919
7.502387032
7.617909542
7.638978115
11.761653348
7.774163863
7.800832076
7.718154899
14.989718465
8.145000115
7.542896912
8.141206240
7.711420895
8.152497229
7.732867338
8.093844091
7.692436278
10.683125108
7.667513073
7.593101871
7.712246488
7.744175287
8.032360554
7.747240337
8.184093003
12.078521890
7.562550990
7.751636964
7.737272244
12.812016529
6.623257583
7.971603083
7.880790779
7.762681617
8.270139301
7.889122800
8.313513154
14.113220275
13.297459933
7.863325992
7.746599126
8.107396460
7.910334150
9.427819131
7.967291401
7.874702383
8.271956498
7.887678259
8.334008149
7.933288138
8.546288677
7.804837380
8.464829691
7.961463454
8.353426211
7.965984377
8.384080573
7.991858762
12.295347074
7.333683038
8.912678244
11.707770242
8.271405398
8.114582196
12.040005633
8.085978365
8.393664571
8.021018595
8.444184813
9.911481882
7.800825282
8.666159946
8.113968647
8.844789730
8.254204881
8.131841281
8.544644709
8.153592021
8.695007361
8.314193136
8.276072509
8.639694413
8.277570171
8.764904013
8.299569353
8.170559714
15.020618919
8.365929054
8.520840146
8.120572064
12.235276791
7.418360779
8.391392544
8.475650623
9.084478193
8.619217705
8.363179010
9.155136852
8.678489371
8.551180940
8.825528148
8.707547800
14.078154302
8.396813630
8.742649175
8.609662094
8.863375094
8.531484747
10.594246117
8.981846656
8.872777901
8.715248677
8.814186976
9.103569274
8.598066921
8.598931376
12.691364898
8.545830711
8.940878328
8.567358956
8.488172939
15.088635010
8.910005763
14.033157656
8.836579978
8.918877691
8.788751167
8.717388842
9.085433946
11.006752048
9.003008223
7.491199558
10.708651602
9.255351503
8.908730002
9.327285061
16.052282802
8.965920204
8.983457227
8.933270424
9.363150073
9.108277481
12.518101339
9.254550532
8.804326615
10.684673654
9.213396930
13.142818107
9.188968337
9.158964273
9.229267161
9.138542466
9.682812163
9.412815912
9.451564200
8.372413814
9.682703630
9.351470172
9.098494753
8.782733881
9.610437862
9.464587949
9.962529144
9.666786614
9.666920561
10.153371184
9.672870542
8.998671884
9.265172638
17.768293367
10.035331810
9.916444104
11.964573172
10.008814043
9.956827630
13.183895144
12.387425114
12.636698129
9.839908569
10.079477417
10.756976509
11.048125026
10.750070034
14.673711728
10.429456961
10.458122151
10.707016482
10.342057301
10.520344164
10.205127062
10.828092739
11.383853463
16.653562166
10.025232220
11.015591460
12.448676250
10.971240986
15.793850150
10.873000433
11.048616369
11.106717126
9.327513911
7.498899554
7.383675211
7.291255652
7.444539567
7.410455448
7.496516978
10.817786499
7.206757517
7.567076788
13.372559774
13.227665348
12.051670480
7.513815669
7.347538890
7.831022095
13.328568815
6.197984116
7.053467213
7.911657986
7.483502207
7.668871215
12.034807953
13.189872532
7.623886856
7.636517353
6.940423228
8.014391209
8.162194841
7.896760471
11.038795377
7.657159012
7.605732723
7.658730382
11.250102829
7.826884018
7.616804035
7.540596115
7.768315464
7.484239010
8.061501565
10.751512538
7.962427043
7.941048149
7.668210869
8.114046039
7.679936547
12.049381363
7.810644585
7.767336450
13.503376085
11.235292846
7.784872623
7.755181001
8.398899713
8.230691916
7.633107081
7.675947698
7.715460978
7.860274470
7.680051943
7.912979552
8.115437052
7.755522734
8.063420344
7.706737881
8.377465935
7.832128834
8.464858709
7.391958010
15.445265316
7.992870547
7.906756487
7.877802525
8.377140906
7.846325623
8.320842074
7.730316940
8.256841412
9.247037855
8.386436492
8.237731778
7.920788278
11.786786161
7.792500998
8.451501623
7.910744274
13.141735318
7.867380531
9.751991324
8.214080813
8.137474312
8.442838205
8.145988792
8.355041531
7.880333431
8.076716966
7.957473234
8.548763116
8.009172500
8.340338310
7.982042423
14.559640040
8.423392599
8.070214581
8.623132622
8.282337853
8.575662895
13.934269972
8.529384982
8.345489649
13.668699375
9.228610672
12.454405846
8.674591846
8.338150513
8.161948349
8.032223654
15.112990597
8.490577905
10.776383925
8.497316988
8.768355131
8.320494016
8.953557245
8.748360082
15.982556870
11.936172353
8.541367223
8.706291758
8.690603542
10.778055719
9.751176088
8.751385101
8.642201063
8.454574028
14.921091305
8.743216319
8.553765766
8.962845454
13.568353006
8.411675343
8.512680489
8.633495234
9.792676362
8.459597079
9.031480349
8.665316842
8.577308038
8.911019817
12.369790269
8.729105350
8.694533360
8.700550575
9.431751405
12.899365857
8.846977788
8.905797238
8.813125280
8.673844055
9.239150875
9.013851226
8.680703851
9.284974553
14.882326971
8.816834794
11.602303672
9.192345273
16.043769262
9.039997018
9.238834108
9.151278269
8.830719068
9.619360473
9.349815196
9.248471398
8.596819800
10.465014001
9.127884746
9.159404114
7.913945739
9.460097278
9.104360095
13.401764527
9.423374225
9.402795977
9.472264049
9.076554072
9.298839849
9.383400765
9.690357900
13.545252553
9.552716187
9.699759180
9.713632951
8.615725913
11.811742300
17.428252606
8.603471181
11.174864325
11.206084249
9.673349967
9.619856723
10.255266961
10.133784926
10.261561855
10.080851314
10.281059588
9.972308790
13.070052739
10.304923042
15.629499732
10.524879749
10.731537818
10.569732917
12.295052288
10.774005539
10.864846911
10.846604765
13.252443110
10.607955400
10.724483665
10.714145780
11.214499122
11.194320542
11.420133636
11.123715702
11.231840654
11.390586887
11.424229726
11.336831044
11.498349257
7.965809931
7.806494519
7.411174311
7.892631384
7.369210777
7.681933683
8.739218739
7.943718542
14.358685563
7.518390696
7.418891919
7.332372030
7.373306659
11.375920849
7.947798315
9.807981023
7.366269853
7.559583864
7.333799331
8.162009404
7.563922290
7.801061368
7.369298631
12.150034867
7.647588561
12.828952420
7.566389568
7.754813660
7.618415876
7.719015358
7.678078228
8.123178135
7.466149677
7.953252214
7.480766299
8.071503662
7.639851587
8.181483378
11.562883106
9.241061963
7.685241897
7.951565963
7.508084629
8.170298839
7.794844952
7.942645514
7.509297568
8.318087544
7.576432628
8.259316045
7.691254403
8.109657657
7.591333155
8.208905749
7.727515108
8.144590466
7.724066547
8.105946630
7.848856337
7.998562395
7.816445073
8.296403445
13.309798547
8.054518536
8.115635593
8.310946113
7.907782641
10.135115290
8.103973801
7.872901599
7.889410713
7.866188925
7.905182270
8.105938341
7.781844200
8.290441141
7.882438599
11.642385374
8.143620127
7.966537221
7.833219585
8.453616858
8.032807530
8.464836885
7.961588973
8.450751930
8.026454052
12.279889776
7.726495035
8.722310713
7.973011007
8.378520893
8.051404659
8.558970177
15.875148116
9.188244797
8.540523730
11.941566149
8.184531112
7.759373374
10.359995180
8.516085542
8.643849189
7.974958237
8.627086241
8.201002577
8.614611071
8.157602237
8.626839394
8.247548869
8.550723619
8.176781840
8.643647358
8.169444591
8.486406350
8.532161978
8.217935527
8.806485725
13.725020205
8.093064788
10.487001828
8.231732845
8.523160031
8.660194495
9.132645475
8.773915053
9.163484830
9.014204563
9.156662704
8.515386452
9.025893607
8.619193991
8.701028463
9.178464035
8.680556933
10.929600638
11.330955223
8.926885926
9.092651576
8.746889716
8.551804115
9.031408276
8.719304395
8.531444953
9.143597385
8.689885739
8.316357642
9.315797761
8.709779098
8.573482462
9.109758317
8.708416777
8.603846127
9.379789710
8.886357607
8.573581339
9.071117950
9.023303114
8.391637449
9.304075030
8.868326127
8.833594883
9.360064533
9.021183911
8.610038437
9.358247262
9.033881536
8.613967824
9.309896820
9.744293121
8.882430950
8.761942437
9.442697832
9.191820407
8.700749386
9.518633270
9.197281339
8.794866776
9.303102667
9.189065188
9.375755957
9.392252240
9.081998383
9.196039759
9.827780580
9.533413018
8.776239682
9.146532232
9.886531862
9.578945187
8.665497822
10.100220463
9.337677677
9.989175282
9.531857932
9.853113746
9.697364803
9.741762516
8.548420840
10.082367690
9.978686757
9.841024697
10.040002423
9.554963605
10.499752079
9.986210019
10.089348454
10.057523243
9.982256559
9.946441251
10.233717561
10.565208268
10.453393940
10.486893719
10.175539405
10.471360998
10.347680530
10.404431933
10.548390493
10.361240044
10.514455088
10.364625800
10.356041057
10.405340814
10.938272885
11.079175451
10.523913028
11.316332560
11.420850608
11.205717796
11.202817270
10.207586785
7.330843862
7.419313900
7.345523661
7.335893454
7.348957037
7.455264845
7.338336369
7.313393191
7.388986232
7.334551441
7.325380675
7.375649331
7.303070699
7.460592966
7.485263010
7.472046638
7.344400551
7.428873013
7.510743445
7.557741344
7.322853998
7.915396809
7.418917259
8.185193054
7.566747161
7.892727354
7.498552641
7.748487192
7.437647495
7.891805850
7.378857723
8.037415931
7.490418246
8.220828054
7.565014993
7.879480392
7.553657055
7.818379755
7.474173275
8.029661925
7.609722124
8.010447921
7.611770052
8.176641403
7.605287182
8.020819318
7.591004138
7.999959244
7.477175501
8.184342942
7.555889835
7.982965696
7.456309308
8.117347276
7.485221709
8.129705509
7.675739178
8.098248537
7.493090229
8.118706033
7.752178387
8.247488283
7.738072932
8.133510064
7.889387033
8.202917671
7.923727553
8.142022301
7.769562008
8.095024145
7.746135391
8.294357195
7.777631487
8.218836386
7.672964705
8.361675601
7.786301910
8.254870925
7.955622363
8.444858171
7.776952675
8.339957698
7.930239919
8.315057028
7.881192825
