.005530737
.007277820
.007483427
.006714945
.005541363
.009735223
.006411999
.011414913
.007098327
.007710351
.007040995
.005249783
.005686930
.004607020
.006651692
.006624252
.006375896
.004575175
.011158179
.011886256
.005098587
.008373822
.008947349
.004070148
.004494227
.006873039
.003504470
.003461031
.004488646
.003490069
.004248916
.003513793
.005001874
.003523626
.003514665
.004978080
.003505453
.003507787
.003488489
.003501240
.003483681
.004463320
.003595408
.004487904
.005217512
.003490961
.004501049
.005088124
.003558589
.003534500
.004275659
.003515691
.003519591
.003586758
.003512117
.003486622
.003561165
.003479960
.003552709
.003489722
.003571782
.006345794
.003513805
.004290914
.003531408
.004216654
.003501625
.005306539
.003805828
.003562652
.003523584
.004317936
.003515835
.003635683
.003594262
.004358893
.003524698
.003526428
.003528387
.003496754
.003507967
.003536140
.003489666
.003507375
.004542466
.006075562
.003508101
.003513409
.003492954
.003465260
.003600001
.003529364
.003571255
.003546298
.003533996
.003497907
.005335652
.003662641
.004552314
.003604102
.003565225
.003501737
.003559750
.003494157
.003563212
.004300105
.003534144
.003581824
.003523076
.003506165
.003573151
.003527643
.003527680
.003501684
.004251685
.003522426
.003484957
.003553017
.003508653
.003533264
.003518576
.003525833
.003504993
.004067539
.003520635
.003597188
.003531304
.003511364
.004265262
.003934361
.003514077
.003520721
.003508676
.003522171
.003473098
.003513219
.003537356
.003568409
.003634199
.003548000
.004307521
.003540691
.003509842
.003636699
.004707054
.004252241
.003517250
.003918461
.003508981
.003521180
.003526651
.004245724
.003675655
.004474608
.003537408
.003497029
.003600651
.004497315
.003519432
.004319891
.004446382
.004062887
.003514065
.004526087
.005189744
.004276730
.003491529
.004399870
.003512327
.004197878
.003486924
.003489365
.003485215
.003513966
.003491667
.004229043
.003499485
.003685095
.004494198
.003666306
.004258027
.003951944
.003543814
.003489626
.003532440
.003497779
.003518923
.003507618
.003528281
.003549007
.003552560
.003515444
.004531341
.003508855
.004534573
.005343056
.003521818
.003495032
.003532287
.004245963
.003654690
.003557507
.003518374
.004567084
.003590949
.004249848
.004615961
.003526706
.003547601
.003526635
.004503228
.003499981
.003520969
.003519220
.003561216
.003540313
.003525367
.004619400
.003690844
.004284824
.003856117
.003538010
.003539285
.003575335
.003550422
.003532392
.003536115
.003528981
.003858291
.003558667
.003525048
.003553341
.003568868
.003575397
.004730762
.003527162
.003508228
.003510437
.003636551
.003510856
.044604937
.010029098
.014084228
.030780996
.033256664
.003529706
.003519307
.004268673
.003535126
.003569771
.005238115
.003542242
.004552381
.003595336
.003535095
.004606122
.004232132
.003511822
.003506693
.003529710
.003486583
.003498469
.004061703
.003485894
.003538127
.003491606
.003493722
.004240602
.003527773
.004232319
.003492613
.003507673
.003879095
.003503098
.003531288
.003510464
.003495065
.003554195
.003510380
.003526601
.003511677
.003489204
.003507885
.004114488
.003535231
.004502472
.003543250
.003544456
.003542676
.004647722
.003580333
.003780704
.003498915
.004272323
.003565656
.003518622
.004262427
.003546457
.004558398
.003501624
.004529365
.003480721
.004109557
.003541948
.003493947
.003541264
.003510116
.003523817
.003504708
.003510756
.004013516
.003472267
.003549276
.003502493
.004276493
.003555139
.003561846
.004224886
.004548999
.003563294
.004573423
.003512061
.004237090
.004199937
.003562866
.004186830
.003496815
.003524923
.003473860
.004485761
.003506969
.003468597
.005223699
.003489779
.004453864
.018922846
.003500537
.004533510
.003482214
.003919602
.003883025
.005960214
.006956284
.003561473
.003631219
.003483345
.005347377
.003538620
.003986176
.003549000
.003511397
.003557873
.003557691
.003573524
.004330135
.004292909
.003560828
.003865491
.003545275
.004251310
.003517018
.003517346
.003503090
.003533766
.003489808
.003523408
.003504052
.003544956
.003491213
.003510055
.003558228
.004499732
.003526027
.004521518
.003523390
.003521482
.003600085
.003543621
.003757766
.003504045
.003524369
.003475471
.003572414
.004608704
.003550930
.004297094
.003535237
.004252464
.004541317
.003568106
.003530480
.003933595
.003531341
.004604725
.003533044
.004678400
.003500826
.003538657
.003590517
.003574777
.004167674
.003537868
.003504770
.003528240
.003585130
.003566607
.005944786
.003514293
.003846089
.004456542
.003685051
.003512989
.003505509
.003538058
.003532543
.003488535
.003520591
.003504027
.003916290
.003521351
.003523009
.003542505
.003531923
.003510297
.003535355
.003974850
.003534679
.003534751
.003486844
.003512679
.003506215
.003503251
.003552912
.003504407
.004253653
.003508727
.003536663
.003510362
.004263082
.003513202
.003504601
.004262626
.004277748
.003474092
.003476945
.004970877
.003528107
.003519701
.003510367
.003981586
.004321587
.003793684
.003539386
.003499464
.004319814
.003485601
.003542159
.003498848
.003539476
.003546495
.003568537
.004275543
.003557000
.004121577
.003501804
.003561167
.003501156
.004304207
.004233680
.003516346
.003852645
.003601578
.004143194
.003499240
.003584480
.003537848
.003574159
.003521940
.003539862
.003529183
.003531177
.003540649
.004147747
.003524360
.004324458
.003521291
.003546706
.003521448
.003504830
.003524121
.003488166
.003500613
.003995049
.003500106
.003544178
.003545689
.003505506
.003546435
.004248471
.003498508
.004218432
.004210530
.003496328
.003520664
.003505836
.003522880
.003980538
.003516237
.003499859
.003538424
.003514386
.005189922
.004275974
.003506886
.003536193
.005273429
.003532466
.003928168
.003491681
.003574745
.005320590
.003811198
.004213503
.003500611
.003522995
.003519335
.003604108
.004273060
.004826198
.004311601
.003502163
.003818215
.003549156
.003519002
.003567431
.004305927
.005315231
.003564109
.004545555
.003510094
.003553451
.003521702
.003573547
.003514022
.003946157
.003569352
.003528588
.003546730
.004543859
.003579896
.004532375
.003510763
.003511083
.003491334
.003527776
.003537326
.004119011
.003533296
.003516089
.003537766
.003544550
.003530650
.004413798
.004302489
.003792836
.003545702
.003542707
.003542263
.003509250
.004094649
.003526345
.003540525
.003540790
.003501108
.003562398
.003543064
.003582078
.004249220
.004217721
.003546026
.003471024
.003551751
.003545960
.003514511
.004515034
.003594934
.003527480
.003505348
.003534948
.003541137
.003502874
.003503992
.003527943
.003754656
.003504121
.003550177
.003545014
.003523143
.003565751
.003522441
.003527026
.003529290
.003537437
.003521463
.003564684
.004301287
.004296100
.003556130
.003538145
.003535822
.003526758
.003504797
.003529168
.004276758
.003560133
.003508062
.003568278
.003523845
.003544876
.003518463
.003539169
.003858676
.004266185
.003848450
.004258828
.003835461
.003533444
.003533605
.003553370
.003485388
.004250775
.003514222
.003501341
.003534525
.003529953
.003519670
.004279775
.003508896
.003536652
.003529637
.004247323
.003506520
.003531826
.004268187
.003507689
.003531319
.003529766
.003485533
.003542142
.003501427
.003978794
.003537404
.003517907
.003553384
.004278322
.003548529
.003535241
.004269163
.003556248
.004515857
.003545138
.003532999
.003556905
.004286107
.003484434
.003511311
.003532305
.003545648
.003544669
.005041702
.003597429
.003546512
.003498662
.003538205
.003540900
.003527045
.003764230
.003490246
.003529984
.003516296
.003513048
.004289281
.003540634
.003871065
.003559158
.004280514
.003547394
.003514189
.003667902
.003538753
.003501212
.003573737
.004311317
.003562176
.005331763
.003574856
.003488568
.003569442
.004130154
.003508656
.003550428
.003547111
.003486095
.003570881
.004567304
.004322550
.003539088
.003557356
.003480722
.003539867
.003993220
.004232600
.004514669
.003524266
.003563817
.004274327
.003532232
.003483146
.003521094
.003524797
.003517653
.003496552
.004301003
.003529763
.003518587
.003527012
.003564221
.003516621
.005074009
.003553078
.003581888
.003489335
.004025138
.003560535
.003544471
.003525657
.004593559
.003497870
.004313618
.003527943
.003591672
.003549593
.003538204
.003529791
.003569119
.003491207
.004299397
.003535375
.003540093
.003525834
.004312857
.004251788
.003518977
.003564636
.003512404
.003516299
.003542831
.003513246
.003912976
.003527357
.003505638
.003546572
.003524060
.003514076
.003504654
.003528388
.003926401
.003512799
.003522115
.003557033
.003473333
.004140941
.003582720
.003504965
.003515403
.003626640
.004255607
.004476402
.003503257
.003503865
.003512742
.003541735
.003505712
.003552676
.003531426
.003504794
.003849167
.003533010
.003552694
.004275012
.003535129
.003528550
.003512195
.003504447
.003506051
.003508632
.004009398
.003553732
.003530877
.003515734
.004249613
.003504721
.003509521
.003532189
.003550071
.003511825
.003520218
.003480704
.004654418
.004244946
.004563993
.003485243
.003585675
.003548542
.004338359
.003525891
.003565682
.003572150
.003497460
.003782434
.004305128
.004517377
.004257327
.003520241
.003496628
.005070905
.003553061
.005207738
.004282863
.004079648
.004242401
.004498649
.003529739
.003868612
.003505630
.003520911
.003506288
.003535185
.004834567
.003527970
.004477270
.003549704
.003740366
.003547308
.003536162
.003488978
.003521947
.003536309
.003686538
.004461204
.003542506
.003501516
.003513017
.003561992
.003536379
.003541545
.003499074
.003498483
.004011247
.004463427
.004286865
.003550376
.003919442
.003513213
.003536242
.004285772
.003541309
.005328549
.003916482
.004515055
.003532500
.003558829
.003516321
.003539662
.003532352
.003894237
.003582098
.003510717
.003525635
.003523319
.004013494
.003507879
.003547756
.003542976
.003531841
.004735247
.003498592
.003753618
.004220504
.004509731
.004489352
.003564526
.003611426
.003525336
.003496491
.004769004
.003533006
.003632186
.003568284
.004254836
.003512593
.003550547
.003532748
.003558446
.003653132
.003530481
.003532181
.003537896
.003521114
.003984234
.003482823
.003536658
.003526328
.003478161
.004114359
.004232995
.003751041
.003516803
.003493146
.003561960
.003526122
.017260184
.013513290
.004529153
.003500441
.003534127
.004116596
.003504083
.003507287
.004531465
.003540870
.003558184
.004536531
.003596553
.003527740
.004261202
.003497445
.003560039
.004746782
.003514439
.003746322
.003528529
.004520346
.003576106
.004322204
.006049266
.003520078
.003494604
.003492807
.003539889
.004031725
.003479849
.003498223
.003513572
.004229353
.003508374
.003473432
.003472455
.003596087
.003536200
.004048327
.003493177
.003541930
.003527507
.003553982
.003989263
.003486101
.003530107
.003496716
.003527942
.003575789
.003513367
.003997367
.004479509
.003487506
.004502058
.003469642
.003559814
.003507046
.003519032
.003532527
.003525560
.003530530
.003543888
.003501585
.003508023
.003659695
.004311677
.003712618
.003529443
.004564371
.003494932
.004302284
.003531664
.003524642
.003509156
.003520280
.004562162
.003763613
.003504514
