.979780700
.841226000
.791959100
.873870800
.902340100
.865921400
.858965800
.821342600
.852166600
.843995200
.840752300
.853573999
.870866901
.904531100
.819521600
.756894700
.900823500
.850091400
.836338600
.863516100
.819931400
.878556400
.906027400
.864652000
.851581399
.837499800
.818128001
.769643300
.846065900
.752272900
.883476700
.849436400
.871843100
.883249400
.893841100
.881246800
.881094300
.815779699
.862584400
.764848301
.877469600
.869494000
.830957799
.841574600
.839749800
.828200500
.880418101
.886246200
.866556900
.845658100
.846672600
.760418000
.822005000
.841676599
.862523702
.817415400
.848344500
.985903000
.841721100
.932023000
.883572300
.863210000
.853858700
.828950899
.821935700
.869931701
.867139800
.879980000
.899440100
.813493500
.871797500
.770804100
.854023500
.877289800
.818809700
.854468000
.868920400
.854226999
.849132100
.849811601
.845554800
.856198900
.862270300
.885788800
1.139787299
.855522801
.735929700
.869295900
.816339100
.881785900
.893423000
.870046200
.822567600
.744235100
.948578999
1.016940200
.871520300
.865039701
.850565900
.818937799
.856306200
.822455301
.856219300
.807114199
.848106301
.814671500
.792287600
.876612800
.849359899
.832355300
.755987101
.839735000
.792426000
.824927300
.809608200
.782982500
.884698700
.833126399
.839242300
.845809401
.836767500
.862125700
.856699300
.812979200
.782973600
.838543800
.825518600
.819146200
.873371400
.840244500
.840234400
.836214500
.896549499
.845101000
.914248600
.829226800
.900088801
.921885100
.907124200
.824483300
.760551100
.834022800
.812040400
.878870800
.852465300
.772117600
.861100100
.762884100
.876622200
.954746300
.932699200
.812010400
.800808000
1.102309400
.799661699
.861280101
.921197600
.949087600
.807164400
.877193700
.826687700
.845632000
.880312300
.880883200
.870691900
.740169500
.837195400
.919569000
.797067600
.825499400
.770957900
.851161600
1.075255400
.876158899
.802926901
.875297000
.852624100
.811587400
.902881000
.825375400
.915723100
.792885700
.864259900
.794137199
.874609400
.861429800
.811365100
.873356201
.847169900
.858895500
.878715600
1.152840999
.836317900
.857372801
.878580300
.814373199
.881732502
.868850799
.860106500
.843698600
.833010600
.855033300
.908833300
.862376700
.806899900
.847367700
.853718499
.930964400
.801327300
.787680901
1.149166399
.763808500
.841871801
.918818000
.841179400
.920187100
.909473700
.838604000
.772107600
.803769000
.863640600
.844874200
.782720100
.843980500
.781580799
.863244300
.833328100
.826423000
.810483799
.972863400
.838109100
.836115500
.888851300
.827327400
.807576800
.833961300
.880188300
.897834701
.861380500
.823774900
.817204100
.828335700
.754737199
.869657700
.859789201
.833147699
.823166700
.761890801
.847630600
.968149700
.870322000
.839970900
.833754000
.851164599
.783212601
.853457800
.868033000
.768411100
.809889499
.799626500
.854127701
.846627100
.901236401
.831356400
.818639100
.820728900
.763460100
.859395000
1.099134100
.847594900
.783000800
.887080400
.838886800
.842020200
.871587800
.940736800
.858333400
.858641699
.755130300
.841991601
.813805900
.822852699
.878149101
.811386000
.847653400
.833595500
.857543400
1.031135900
.850290200
.802786600
.792210700
.823561399
.839633700
.845061100
.795381600
.831181500
.804836101
.864265299
.853445500
.853609800
.858458599
.853038000
.910367701
.881660500
.881267600
.806713399
.775632201
.822735200
.814719800
.881501599
.869247200
.907712000
.809253201
.863640000
.895123100
.857016500
.865426700
.822876900
.795554100
.847043300
.746752000
.946568600
.873940500
.805606200
.835846000
.876749600
.827332900
.881355100
.837791400
.830612700
.747727400
.838923000
.815435699
.824505000
.861781400
.795258400
.850545700
.758142999
.838639000
.823224101
.921405699
.853162701
.846476200
.815968400
.886680800
2.255460000
1.102213000
.880328000
1.044310800
1.009592099
1.200103801
1.219446600
1.002997400
1.131307800
1.105289700
1.354128299
.848704100
1.381291001
.993775600
1.069616899
1.270234000
1.123123101
1.392514799
.970861801
.946097900
1.114026300
.857000799
.890205000
.839860400
.846076501
.865123001
.823567200
.903414400
.890508000
.873354400
.838093099
.827658501
.834675700
.739114900
.899312800
.867986999
.738357500
.862816100
.798662400
.914445901
.828285500
.840156800
.854880000
.836638000
.807506900
.739129800
.860970300
.850181600
.833766500
.859195300
.825808300
.836844099
.884197200
.848954800
.795693100
.839823000
.847679101
.864498700
.893080999
.843586000
.852986100
.755086701
.838982299
.807064600
.885394100
.857008800
.835995700
.871871599
.891825100
.876582200
.829317901
.893382100
.862881899
.763706900
.840975600
.728811400
.909934401
.845177400
.927650400
.812615499
.846689900
.863390701
.850789600
.877333600
.906780599
.850891701
.893087300
.793894400
.849295000
.852169200
.820814499
.885259699
.778335100
.905076401
.833083499
.739750501
.812899800
.890222099
.904416301
.775943700
.880896299
.833774600
.828574600
.839167700
.874845000
.856954401
.885260400
.845411399
1.020716000
.828335801
.770359000
.876544800
.889078300
.841142800
.816769700
.875137400
.846838300
.802135800
.830952300
.861470300
.810244800
.886836700
.830672400
.857078800
.864597600
.849306200
.844706800
.829099500
.866600800
.770353900
.842784299
.841298000
.850808001
.810684300
.834456900
.853074900
.824872800
.873488600
.804430000
.853599600
.914679400
.780427200
.832441600
.809487700
.766485799
.802815400
.762354902
.986365899
.835200499
.865179000
.900064000
.837494000
.886753400
.750331599
.870140000
.821583301
.831579100
.782823600
.875956800
.868621800
.858543400
.841727900
.844283700
.859706000
.827438900
.842419899
.998414200
.854067801
.879718300
.892316000
.824278000
.774149500
.854630100
.847624100
.816150900
.795865400
.781865299
.890964301
.874951300
.857445100
.840018600
.853653799
.859272600
.830135201
.838290400
.857799900
.777680400
.895691600
.869922900
.857213099
.891508901
.850505200
.827570000
.866402000
.818637600
.852101100
.872648200
.853381899
.751823201
.809262900
.826673900
.893479000
.864381900
.845570899
.905018800
.988180500
.834969100
.943707900
.819859100
.857828400
.871108400
.843770800
.839175800
.870528599
.976760501
.842306900
.787009700
.813802499
.827561400
.916947300
.807200700
.853266801
.963086699
.823047800
.901681601
.903772799
.861152801
.854022900
.846742500
.818671400
.791751100
.833258899
.861494200
.754609001
.863475400
.809608300
.897102701
.844616500
.938900100
.825240200
.890835900
.882452100
.778413099
1.073468601
.859025800
.837025000
.747486200
.887432000
.831133700
.950348899
.869464700
.863335400
.894140599
.817145600
.871419100
.817618101
.832154200
.906824300
.826088900
.827643700
.914189600
.835621100
.923933500
.887791400
.793492200
.760741700
.847277999
.877761600
.934556301
.730085700
.848385500
.729876899
.934172300
.882800701
.855132300
.837019100
.785923400
.854415499
.892667900
.865504600
.884616901
.999199399
.842799300
.780548801
.868371100
.873366900
.809343100
.808400800
.761778400
.977594099
.823933801
.841907800
.885841199
.827511000
.818973800
.753767500
.847144101
.905305900
.774329600
.875097099
.781930900
.842621901
.871238200
.849834599
.825602401
.923625500
.826803900
.786050600
.858737800
.873951900
.888970399
.876101701
.809966600
.905263200
.849778299
.872036301
.841541900
.851647599
.890729301
.758457500
.817756699
.881955900
.814104201
.877726700
.816661499
.791000701
.949786400
.837560800
.849196000
.974724100
.815524500
.860358800
.957527699
.833137000
.848193101
.898737500
.839173799
.881681400
.832382700
.809462600
.851159400
.753209701
.908308100
.960113300
1.111619300
1.237308200
1.385235099
.876998800
.803765501
.899008100
.897248100
.988064599
.847191000
.929261201
.841202700
.832083600
.933561200
.841976000
.793764900
.892013900
1.089834300
1.212708100
1.033207200
.904519299
.993654701
.889153100
.945044300
.859958000
1.044998201
.915640999
.918219800
.817251800
.898413500
.971376600
.952095400
.932236699
.949224300
.839526301
.863376700
.807641800
.835304500
.935199400
.865622299
.838747200
.765841800
.840494000
.788032601
.832243700
.914390700
.866571700
.847526200
.831706800
.919835699
.841881901
.845632900
.806744600
.729861500
.900627999
.861629200
.846517600
.877905501
.859078400
.836531101
.814981500
.896845400
.836787699
.865678300
.827817401
.834373800
.852366000
.903338500
.851329700
.845893000
.838984200
.830750700
.838306699
.889745800
.823026101
.881942399
.800541401
.872957700
.868466499
.855548101
.867406500
.829615600
.824291300
.857109300
.930637500
.766354699
.894388001
.857892500
.798026500
.827536700
.793630299
.888434000
.869213801
.861813700
.847968100
.809118000
.811014600
.878435900
.894177200
.865713700
.788275700
.841197299
.773405101
.834542400
.839639100
.865801700
.828015500
.977260400
.834860000
.869802100
.918727100
.889597200
.784090100
.837139200
.793549300
.890353800
.834969400
.766103500
.822562800
.830960100
.841108599
.858308100
.860429001
.865894700
.849676600
.910221000
.831084200
.862996200
.869689600
.865768798
.806381001
.781579700
.844935500
.785020100
.858928100
.842543100
.883283500
.837304600
.817535800
.858394600
.847472799
.846137900
.827832400
.853509501
.846734700
.789284300
.863627800
.890537900
.795430999
.901485000
.785125501
.842418400
.895779900
.833798600
.831919200
.854361700
.833887799
.825385701
.847725699
.905907501
.907148500
.780776700
.822263699
.858630001
.843487300
1.013355600
.837754200
1.164207099
.783995100
.838317901
.823431900
.825886599
.826526301
.850573100
.861334300
.848806700
.862554200
.811191800
.797246100
.830555000
.797901400
.901878799
.851471900
.803411401
.960901500
.870182700
.851147000
.866700800
.866217300
.816136699
.784332701
.846519000
.857425800
.820001800
.845478400
.816648600
.840677200
.819878200
.832589400
.852049499
.862274901
.821996600
.825110600
.859702700
.837318600
.888058499
.849377601
.822956200
.733551499
.844972901
.797025799
.831512001
.844897500
.758528500
.858285400
.843317499
.855035101
.798403100
.869639200
.886268900
.869557799
.883230200
.836030100
1.047187801
.839667600
.822455200
.916104100
.810021499
.786834301
.865876600
.845464700
.780433400
.801728699
.765253900
.897979401
.839941400
.869362699
.818014301
.872088400
.870278800
.817893600
.874783899
.990150001
.747161300
.854078900
.781145400
.828935700
.874424300
.820224600
.794162000
.836197100
.834524200
.826654399
.918050799
.910436001
.864062099
.819885700
.765216501
.852129500
.871477000
.827936099
.817837300
.868449200
.858104500
.834994301
.891219700
.856096600
.743986099
.846122600
.765179101
.826345800
.864458100
.920974800
.849462899
.824495901
.838304300
.830128999
.851456800
.841451000
.767436700
.810317700
.897079201
.861825400
.862785600
.866265700
.836370500
.820776600
.826584800
.797145901
.921282700
.867594600
.779905800
.850396500
.760716200
.854375299
.871952600
.857665401
.737848300
.850219200
.838756899
.779971400
.862919801
.841527800
.849656799
.848749400
.841565499
.812639300
.870496200
.826719599
.834830900
.857718301
.806193800
