.425025700
.364901699
.399825600
.375700700
.376900300
.352383201
.372872600
.414472300
.359112000
.378199300
.377855000
.417290700
.362897400
.386112400
.406972500
.389121800
.368203100
.419405799
.411598600
.389304700
.379801400
.419871001
.376479500
.393304900
.357148500
.341168100
.390742900
.382233400
.422690400
.365594701
.373834299
.339623199
.366738501
.380257400
.371496800
.397491300
.379970700
.375708300
.400834500
.343767300
.382624600
.401231700
.376546899
.382807400
.385903801
.390717000
.423044700
.361433500
.380610299
.386616500
.356603300
.386461400
.373468701
.463112800
.380920200
.364666300
.357682500
.372205300
.398632400
.367676899
.416821700
.388144100
.367931400
.358452400
.394447500
.376685000
.378193800
.387510000
.384838800
.375029400
.423916300
.385451600
.404255600
.360344500
.386797900
.352724799
.381909000
.371013800
.357025600
.414223101
.394488100
.376207800
.383728100
.397552999
.388836600
.383703500
.344615401
.399107800
.372303900
.386858900
.400829000
.382957300
.591915100
.496404099
.441327900
.443769100
.392442600
.396256800
.406911300
.361637000
.368735000
.380168701
.404700800
.384178400
.366008600
.443454599
.392750900
.365897101
.348587500
.441615500
.379764300
.375201300
.399485899
.396429100
.374861400
.332881800
.445425900
.365343400
.370365400
.381876600
.410543001
.389965300
.366480900
.395020400
.416952299
.367496500
.440791800
.358572901
.430586500
.348366500
.395122100
.366530400
.404057600
.388444999
.376145001
.385144600
.404140200
.395419100
.395937800
.388197099
.380319300
.386497800
.368693300
.379382201
.416855100
.373122100
.362356500
.379231600
.403088300
.367620000
.352586100
.383836200
.387992400
.367910500
.344909799
.387909200
.369846300
.366149300
.378266401
.396330600
.396485400
.368839100
.380118300
.364910400
.370574000
.407080800
.381138900
.366989900
.355323800
.339959100
.390799100
.378677400
.369493400
.415170000
.386327500
.378683100
.386108600
.402440600
.383381100
.395747100
.380259500
.364775600
.369220999
.374182400
.386385900
.385473901
.416272100
.374964999
.381230500
.347638801
.389455000
.373644900
.360644299
.350840501
.388629700
.388853400
.377175300
.382126199
.408201400
.388940700
.359540000
.369446301
.386206900
.373513400
.347608000
.342463100
.393551000
.379526600
.356894800
.362575098
.371924300
.414401700
.358057300
.397967700
.415272000
.369077800
.360721401
.403799800
.371679700
.383116300
.385939900
.378510200
.415632700
.431442200
.353685801
.403575800
.371506400
.357163600
.363979800
.495939400
.370974500
.356485200
.395313700
.380113300
.393140600
.370357300
.462208800
.377749599
.353608500
.366607300
.395214800
.370730700
.387487000
.368785300
.384211401
.359390101
.358786699
.363345399
.399695200
.423350000
.372270800
.355451900
.411186000
.377883700
.429585400
.394355000
.398168800
.369165400
.391058999
.379954201
.397499100
.415500400
.403649000
.425127599
.375917100
.558072500
.386470700
.393690800
.350140300
.375625900
.392466801
.431092399
.389197201
.364751900
.379020800
.392176100
.371449700
.363765200
.426911500
.373605000
.381329800
.351788700
.391134300
.368686500
.378511200
.452320800
.375220601
.469489400
.403618099
.414522000
.347222600
.373127600
.385389500
.371988399
.396495900
.431772800
.344580201
.382153700
.387610600
.379049200
.348733001
.417026300
.370672600
.385924000
.368643900
.376089200
.629454600
.362426300
.390318300
.410864000
.345050100
.368168100
.407774299
.382193100
.376146000
.378242501
.411540600
.373568500
.387706100
.391575799
.393132200
.450809100
.371541301
.421611699
.397191300
.394176600
.363179400
.404885199
.444828000
.380333200
.394620900
.389529800
.375534300
.384185900
.347037100
.385326900
.367392800
.385497200
.383137800
.409590500
.366502900
.370197800
.374106599
.398717800
.375862300
.391366600
.404723801
.362569200
.379519000
.353655500
.386781699
.390572500
.349728100
.359977400
.359756201
.377329300
.435438100
.345159100
.479891700
.372991900
.367658800
.407766400
.417088300
.382007600
.365508300
.424902600
.397382300
.400762600
.355335100
.413613300
.420679900
.375940000
.364361900
.398169900
.414463600
.353670600
.390460500
.394891000
.384855200
.431658000
.373295699
.352869700
.411341900
.406331000
.386825001
.387155500
.372954900
.368448700
.381130399
.378250600
.413248201
.377875300
.422151199
.380183300
.365915500
.350679500
.440133100
.367466400
.360645900
.365704300
.407161400
.349447300
.443516500
.436176500
.377389400
.384656800
.374796500
.393797399
.383097300
.358028500
.373437500
.391089600
.399734000
.356983500
.357040400
.406738401
.391283400
.379446500
.359584600
.398845600
.366465000
.369357000
.349760000
.454047100
.362647600
.354965600
.368099300
.382204900
.426246400
.364676700
.386880199
.420195800
.550279400
.418556501
.381698900
.393417800
.409669900
.384423800
.471368700
.384423600
.379303700
.456491700
.361410400
.383716700
.388631299
.386018100
.353996701
.357080600
.352749400
.396608199
.377936800
.364253800
.403160300
.408813700
.398535400
.374164800
.386037500
.389587000
.353032400
.395012200
.374596100
.391715700
.391256500
.372211700
.431314700
.390054900
.400795899
.370344901
.466467999
.431030000
.380907100
.385336601
.395170300
.584447700
.363831700
.400930500
.373172300
.357502000
.375159000
.431845400
.380580200
.408594300
.381828300
.356845800
.406362800
.366491600
.448976100
.375224000
.368011000
.364877801
.380409801
.380673100
.374637800
.369071900
.442068298
.390894400
.385295801
.374902200
.390055200
.424091200
.411279700
.374577900
.386430600
.372869000
.371465700
.385080499
.361852600
.404930800
.383162000
.424895300
.416482200
.372622800
.347544100
.395426400
.574283400
.363530300
.383461301
.399867600
.404491900
.361572800
.438206799
.372908700
.355174000
.341929900
.448023600
.398635200
.378711600
.349884601
.409552900
.384339100
.407504500
.466517200
.391647300
.368699700
.384279700
.438568100
.373644400
.371908100
.363726400
.423549099
.387366600
.412752800
.362655001
.413455900
.379906200
.368784600
.343736700
.397331700
.383711399
.359321800
.345388501
.374244700
.427071200
.386307499
.387501200
.318984500
.427001101
.380379700
.379856400
.408451000
.371069100
.371346800
.385986899
.392093901
.374902200
.423389300
.415904999
.367095801
.416474900
.382001701
.382386200
.365665399
.369352600
.393376401
.349017900
.372083600
.375811400
.372078400
.369636700
.376245200
.380825100
.374605500
.391937800
.379554700
.392092700
.375661700
.399832300
.350049100
.382135600
.387509599
.369413900
.406581200
.356019300
.424487501
.401405700
.356648800
.353074500
.405192000
.455672800
.367645400
.363309301
.380868700
.415592900
.371530000
.367196600
.392198800
.394976700
.367924100
.357521100
.388246899
.384764900
.426047600
.443327200
.401826800
.364506500
.367684600
.412778000
.434604500
.358579500
.373543200
.356871700
.381170600
.360406000
.374323401
.453132700
.375052000
.400389799
.411988800
.369751300
.411663600
.355860800
.426645500
.396948300
.390503400
.391756001
.417071500
.377113600
.392508200
.350889300
.473421000
.401426900
.357254700
.402378599
.412321500
.451033001
.367532600
.397029500
.408260100
.363870800
.356536500
.345484799
.368243200
.394831601
.351368300
.534687999
.440235001
.572874700
.608803400
.526585400
.488005400
.411434900
.451229600
.376179500
.395107000
.385643599
.375525500
.367103501
.376570600
.440429000
.385591400
.349841500
.420986200
.375942400
.406075400
.391759500
.380488100
.393656299
.371501900
.395651501
.382029500
.370801000
.389076800
.397912699
.387920000
.387523501
.356599000
.405277199
.366449000
.363258600
.385352800
.399794300
.403554400
.360462899
.352533901
.419913100
.417205000
.350035699
.403368501
.456605600
.387381500
.354703399
.403660900
.401088500
.361112500
.412054701
.378571399
.375893600
.375913100
.359397301
.401068899
.366572900
.399232200
.370141101
.426224499
.480744700
.357298201
.405636200
.387653700
.357280000
.358330600
.400544999
.482120600
.372107300
.364563801
.374939400
.392030400
.367745000
.363997600
.379313900
.421522400
.379428200
.377935800
.365850100
.359616600
.434980700
.366515400
.378181400
.452641300
.363801600
.386653199
.356299200
.357510200
.363856900
.410060101
.375672300
.343135000
.419759300
.421017099
.387114800
.374585700
.380978500
.407636700
.388771100
.390579400
.357085099
.399603100
.373690400
.369509500
.345647801
.384259900
.437576300
.365422100
.391057000
.369238300
.374910800
.362913100
.404190400
.400600300
.381473700
.353594100
.403252100
.366122500
.407655500
.341347000
.409063499
.369759100
.382415200
.369348700
.391774200
.456389900
.357336400
.347708001
.378223100
.386888300
.347136500
.367658399
.377224200
.382253000
.431351200
.356934701
.406888200
.364181000
.386473700
.416412700
.379341500
.370813100
.365659100
.387984099
.366112300
.373000500
.397827102
.432922400
.369772100
.374913900
.365255200
.372101500
.422803000
.368711900
.335467800
.403214900
.392596400
.366618100
.354012800
.401305900
.375065700
.375995700
.361745400
.389403100
.356152400
.365812100
.363742800
.395726400
.382729200
.366314799
.376082801
.379289300
.371500200
.400006800
.407165500
.404215300
.399437100
.375205300
.377124699
.393147300
.379103900
.385713400
.404595201
.357115600
.362949900
.369197200
.375840599
.399359100
.400359100
.364958601
.396405800
.386111800
.381060400
.359452200
.375943200
.376849800
.364889400
.338736900
.365730300
.389201500
.402646100
.345102700
.396066000
.377512000
.353296200
.378538200
.403236700
.366835700
.378232500
.341892200
.393662500
.373008400
.387586200
.382492099
.409339100
.366384900
.376510900
.414472101
.378418300
.379672200
.354152900
.384042900
.413342400
.359418500
.400199100
.376771100
.386461500
.368765400
.385857199
.395981401
.352624300
.370345900
.371666699
.407778400
.400503300
.387742000
.372590000
.395303700
.447264900
.399582900
.380210600
.383151300
.377954000
.354567200
.401510300
.363410300
.375686100
.388749500
.406398100
.399526300
.349514900
.371546500
.374285399
.388830900
.398007400
.372914601
.351910800
.378571400
.363631000
.350375201
.406962900
.360080400
.382860900
.345330200
.404090099
.369852200
.387129700
.388736899
.421655600
.373371300
.371264900
.410504001
.371433400
.379585500
.351540500
.409370000
.405831900
.360359800
.359028200
.387693200
.465512600
.412102100
.376876100
.372032300
.447734300
.377883800
.367637700
.374037200
.365009500
.356226200
.377877699
.368767600
.390463800
.451986500
.395982701
.384290500
.368369100
.367441700
.438862300
.378174300
.374438400
.349110700
.411614900
.376362000
.368762000
.358644100
.467967900
.387644700
.353336800
.380581400
.465939300
.363679100
.342265800
.389452700
.378387600
.381992000
.419552400
.429728000
.409869600
.479725500
.396729200
.387526900
.377724300
.377892300
.406077600
.377846800
.383955400
.382340500
.408871200
.426883300
.369039000
.374591600
.408221499
.377181000
.356226600
.344905700
.410999101
.379250400
.378201500
.343531100
.450819200
.359286700
.386923800
.385499200
.377438900
.379634900
