.526295000
.567187300
.619113099
.584327500
.538563400
.547375601
.642528500
.367489800
.651750600
.509354000
.519942400
.652244700
.489874300
.646717800
.481513600
.466456900
.540820900
.564369900
.451993999
.550575900
.489661400
.589590401
.515206800
.495880600
.519291000
.586418900
.524601900
.563393600
.495066600
.517248800
.517793099
.557224200
.495438199
.497470000
.678893200
.498977700
.447350600
.536951500
.463002400
.616511700
.580931000
.401855600
.908744800
.695772900
.560492700
.533368599
.647513700
.566151401
.573482900
.543840500
.600950900
.545857300
.468738200
.647036499
.586591300
.499683600
.415351401
.617139000
.568902299
.646487400
.437225100
.686761101
.522721400
.659639100
.603974900
.411203600
.632228000
.613116800
.714533400
.419043100
.532643500
.461011100
.450125100
.551671900
.428100200
.605149200
.510001300
.479985600
.433302100
.465228200
.583611900
.575227800
.480021800
.676552500
.558439200
.512196100
.493847200
.574857300
.600892600
.458655100
.612617800
.603885900
.697479500
.553756499
.514503400
.495958901
.677292700
.483618700
.561243400
.490638300
.599879000
.498875900
.542399400
.527167200
.436981000
.462251201
.622311500
.567507899
.522925000
.507909800
.545376901
.508602300
.474812899
.584801001
.620434900
.438944600
.663387700
.443813900
.626551100
.595003800
.645047700
.529895700
.646871900
.510979399
.484405800
.492624200
.804656100
.351217000
.444193000
.643177301
.602307200
.583453100
.579120900
.412316500
.867106899
.402698100
.606064301
.568142200
.588407400
.550807699
.496208100
.444258000
.650783800
.473659300
.544655700
.539203201
.432935100
.577791000
.467627900
.640348000
.684815900
.398254900
.607788600
.642162100
.583675400
.564982099
.469973800
.453660500
.557230301
.592595500
.537689700
.484640500
.520765900
.571436600
.508367200
.432908200
.414963100
.566607399
.460562500
.484286200
.423174901
.721190800
.576588500
.400523200
.549745600
.469990900
.616798200
.468374000
.693068800
.501080600
.565895200
.655398400
.681020600
.518515600
.475978900
.404286800
.734756500
.520093300
.462535900
.528525000
.587043400
.514097300
.462192700
.437577400
.974088199
.471419200
.553529801
.370324400
.691595000
.585939500
.504228500
.629260000
.649324100
.467778900
.571227999
.436416400
.469660500
.653703801
.460599000
.468806300
.602352400
.488146700
.495462400
.747080700
.561353300
.699353600
.439442100
.515360000
.858473500
.618913100
.439615400
.526498600
.486105999
.428306601
.511265000
.417802600
.568033400
.443835900
.473271300
.466862100
.658113900
.406922800
.480941700
.424749900
.772616500
.453815500
.426145200
.516685500
.553714900
.449711100
.566540300
.539672100
.665860100
.476023000
.466786000
.458360400
.456423299
.457360300
.519292100
.451729601
.492088900
.455151400
.575510800
.636876500
.440994600
.470756699
.439983700
.474745600
.650111601
.390099200
.432059600
.609349699
.546950700
.584784701
.619068800
.433968500
.483036400
.583404900
.472519100
.423947600
.474015000
.554673100
.533321700
.425944700
.691999800
.588704900
.867997600
.399186900
.582329400
.435028300
.504828599
.474149100
.544225700
.426059101
.460999600
.494410000
.438859300
.593565700
.643728500
.578966000
.560896300
.467270300
.494818100
.827437300
.596106100
.393983200
.398350300
.422286900
.620373800
.643810100
.482931700
.531306900
.454639900
.438511600
.563490600
.379413500
.487989100
.424318000
.454350199
.648369400
.599297400
.510913701
.522359900
.398059700
.872145800
.518977500
.499761800
.513103200
.529284900
.521223499
.458465400
.444263600
.494332400
.441859601
.500746600
.434537400
.597857899
.426261400
.556732600
.492049801
.423409200
.403843100
.576130899
.509601900
.436208300
.392008400
.645227600
.537105600
.466587501
.469239900
.705647399
.445636900
.558720400
.484826401
.454344900
.597515900
.498438100
.520908700
.557384100
.462090899
.602436800
.566482100
.480916401
.584767000
.415302500
.477409900
.392223600
.464077300
.566333400
.501558100
.651358500
.396418701
.467609100
.532478800
.462420800
.564918400
.471785600
.370524100
.531295900
.452091000
.562349500
.403077700
.439325000
.636128199
.473760200
.483496000
.624526201
.574802400
.419126700
.465356900
.532381600
.485890600
.539593099
.410948100
.703531001
.495024800
.590977100
.763174900
.494911500
.426638799
.480150001
.597977700
.517460700
.567130100
.423705000
.438631399
.585655200
.485568899
.411878001
.483179201
.451805200
.501704400
.449960900
.495532900
.588420901
.509808200
.458755900
.475952600
.531307300
.470335900
.473102700
.443771499
.698649500
.366745900
.601002800
.517881800
.633862100
.623907300
.447741400
.469160300
.617088100
.420295900
.477828600
.417581799
.455816200
.471995701
.420222400
.392842000
.509040300
.439174300
.507186100
.390598900
.538126599
.456932900
.423022900
.453343701
.492180300
.834896300
.376172100
.549651500
.537059199
.504067400
.536735601
.549793199
.439537200
.587597200
.450342301
.473828400
.464012500
.519484600
.514160000
.431329600
.479218399
.470523200
.463524600
.616493801
.446044300
.488011900
.643398100
.484244300
.569514100
.741469099
.364712800
.481112100
.483695800
.477707900
.453217799
.479407400
.422901400
.452176400
.577660301
.518484600
.484628000
.433931200
.505555400
.476844300
.460270400
.527995100
.395594000
.493775200
.543474100
.463206600
.393669600
.580961600
.334384900
.507316300
.458640500
.534628900
.542919800
.478327300
.451835400
.491701900
.462214400
.588255600
.481598400
.466136900
.509034000
.460685200
.591524500
.507140200
.452284900
.482309600
.426523700
.440499399
.422516000
.465656500
.506074801
.464034500
.665925300
.486598899
.472548900
.546020300
.482256201
.458062600
.610494300
.504409300
.766213299
.809436801
.551351500
.532011499
.504197100
.596667600
.595246800
.632636300
.480816300
.484953600
.521968500
.558876900
.769959600
.569266400
.567646100
.485544200
.541907600
.420153500
.444838100
.404686600
.565000000
.653062300
.492953999
.594326600
.413640100
.554483100
.496049200
.468501700
.382613301
.406075800
.442734300
.446765000
.603223900
.364128800
.443965800
.631546500
.453345800
.419438900
.572893799
.451938600
.466187600
.478572901
.529390800
.459628900
.506485200
.456014100
.646498900
.652555500
.462889500
.397971800
.386298200
.453617000
.480190500
.495517499
.519773500
.554719800
.460175101
.526382900
.470691300
.464455700
.565967500
.428607400
.455190900
.527585000
.427675800
.509017600
.492001200
.791062700
.404468500
.447532700
.486638600
.518843300
.653881300
.679935899
.433623100
.409853200
.425319500
.402727400
.491203800
.583192201
.488221400
.415706100
.453570300
.527623099
.524153300
.443095500
.502799400
.535108700
.585330999
.465163900
.488344000
.423468501
.726617100
.340702900
.721482700
.924190000
.476602500
.417332700
.441704400
.576868799
.518363000
.485576200
.511768600
.469843800
.479469700
.442415700
.459388000
.462817700
.451498501
.496750700
.452974000
.483973299
.381868100
.625898100
.480929101
.474746900
.454482700
.502649600
.518511600
.630622400
.448735199
.420479900
.451481400
.460424001
.479872800
.514640500
.504504700
.474549100
.473733600
.437225000
.441588399
.718772000
.450625700
.457414100
.454790400
.500521200
.519152600
.422701000
.451870800
.494136899
.468328100
.564231101
.450537100
.428088800
.693297900
.381173000
.520220700
.487058000
.455025200
.390505800
.596320201
.418719600
.455850000
.448350500
.439723800
.537311100
.561673600
.430971000
.413157000
.509152200
.475176300
.458823700
.475451100
.452500499
.484612700
.458522300
.409282400
.461501500
.716420300
.438850301
.489697000
.457379300
.526128200
.451870800
.400623500
.500316500
.512215899
.454416800
.491056701
.483613300
.447713700
.494766200
.439733200
.443474900
.565503499
.654652000
.489416001
.489236799
.530445300
.468817800
.498477101
.423116300
.431067000
.443569200
.507951600
.487910100
.439817300
.453966200
.477278300
.424474900
.477459400
.469962100
.448135200
.462601300
.437359200
.455245900
.547133700
.433796000
.486635900
.458213499
.489391401
.484081100
.470176500
.456469200
.403663500
.581163500
.505877399
.608851500
.403526200
.492414301
.494122300
.460345900
.470339400
.483195800
.576605499
.474457600
.475501400
.411764300
.450642000
.481076300
.511828500
.472520901
.478364800
.429738899
.399864101
.468656000
.394685200
.463916400
.488331399
.470134900
.465160600
.456708301
.534023800
.399227100
.503397799
.466045400
.485029000
.458581101
.436557500
.495695000
.435967100
.426230000
.516325400
.562173700
.451953600
.552612500
.433694299
.502629900
.436135100
.407691300
.503831500
.520350400
.432162600
.459171801
.486515000
.401681100
.400962300
.448092700
.446267100
.432178800
.720661800
.388883300
.573888399
.430970100
.414757800
.504969901
.463716700
.633644800
.608512599
.533317900
.346780700
.445892100
.474463800
.527769900
.460455400
.483553900
.478539800
.485180600
.472363800
.499037000
.460831400
.471861900
.479826700
.526686401
.471662100
.470620700
.436505099
.434328600
.451772700
.439476800
.466788801
.461710400
.437518000
.469113900
.507932800
.426498000
.488642000
.472297600
.449877500
.477200599
.453746200
.435017100
.574642401
.480450600
.420185600
.470206900
.447988400
.527682100
.442451500
.451725700
.472536000
.446273200
.499830700
.549754000
.809387600
.370812000
.477088400
.482634900
.471615100
.459516100
.505148999
.429240400
.498049400
.468467700
.504726801
.438684200
.475601200
.514463600
.423420700
.439900200
.414688100
.470352500
.453314600
.478385099
.465237300
.499819500
.490808101
.496094100
.474943700
.502636700
.459121500
.466824800
.490769899
.458572700
.505767600
.462225500
.548466300
.448012900
.511915801
.442490100
.471901400
.476035000
.493985499
.502143600
.405879800
.434701700
.487528500
.518788200
.540101301
.699003300
.395417199
.618960800
.491820700
.449460701
.419410500
.567398500
.469185100
.511290400
.520527700
.481736600
.435200900
.459431800
.518873600
.503593900
.458657700
.468446200
.463763700
.484399300
.435904500
.479342600
.478509200
.494417600
.459237200
.495379400
.435480000
.490994400
.452514100
.418301600
.464255800
.468660100
.442799300
.451132399
.521240400
.497046100
.499781901
.494894000
.448238800
.523425300
.427725500
.504038600
.582029200
.463672800
.635421200
.426550299
.432479300
.509362001
.468242700
.492105000
.435717800
.471864600
.482887700
.463358500
.423795500
.478256000
.459626300
.441004000
.450365900
.432037300
.446876300
.418341899
.462527900
.434821600
.447448302
.438786100
.504956500
.437018200
.431719400
.426785400
.400245900
.494681400
.435917700
.436477100
.443152100
.471107000
.435718200
.483351600
.451170900
.408536800
.501388500
.475437199
.393258100
.443262000
.411352600
.499091401
.562666200
.428788600
.434666300
.403800700
.411963200
.380583000
.452794700
.463386100
.401612500
.446100800
.484913200
.667162600
.420540800
.450729100
.523570000
.447284799
.404077300
.429948100
.540837200
.410759700
.511122700
.443799100
.499923000
.509861300
.460265200
.443482800
.456150400
.432464699
.462801000
.454978900
