.546010599
.553871900
.512517000
.518576300
.535289200
.537841400
.536323200
.531396000
.532955600
.562058499
.497277200
.474892101
.560775800
.458584500
.502117200
.520679400
.567900699
.553417901
.469685000
.554624400
.498600400
.660420000
.548087199
.504734200
.508168700
.485717600
.555837400
.501045900
.461193001
.507016400
.486717600
.508294399
.475596500
.441708100
.500594200
.483274800
.538124500
.526736901
.431429600
.446086600
.504219099
.481751500
.545286100
.627554300
.489097900
.575720001
.544074500
.518554600
.481616799
.558874000
.470435400
.570276801
.488298200
.448324700
.521283100
.720372400
.306482000
.532750899
.441238200
.401343100
.425136901
.504436600
.539616500
.440908800
.447856000
.463541600
.502829000
.433382800
.507210100
.467731800
.522064100
.489345200
.506391600
.459786000
.443917900
.455958200
.449669199
.386611300
.467936700
.426805401
.450781900
.396190800
.461901800
.419979800
.459086900
.420420700
.475113599
.396663800
.643108400
.522153801
.484705300
.449490400
.425444500
.435305000
.478466800
.467645399
.412971300
.419358000
.457323300
.504383700
.427550900
.397555400
.526768500
.511384200
.435838600
.462730700
.446982400
.449133100
.455377999
.440186900
.474967300
.485464900
.474129901
.510724600
.399825100
.488847200
.466490800
.427459200
.445368499
.469136400
.471638500
.472094201
.513872500
.519211000
.415468901
.435379700
.494370400
.482545199
.393399200
.485925300
.408317200
.439434300
.435419700
.457758800
.444793600
.485479400
.507698500
.431133800
.438268600
.471581500
.484762099
.434381200
.521232200
.437323700
.450740201
.409903300
.431078400
.443851700
.483843300
.529160200
.541892200
.436249100
.374520300
.457401800
.476220300
.384877400
.410061500
.441457000
.392069400
.518501900
.450101500
.492052200
.491216600
.466177599
.432938900
.465798400
.433237500
.476769401
.513412200
.499630300
.471034999
.433456301
.478248200
.408462600
.426837100
.445943500
.468083700
.410054600
.436546300
.458999900
.448146600
.483821400
.458034600
.418586600
.508891100
.418818000
.467124700
.487552900
.474708800
.470588500
.394447900
.429291200
.437757100
.459909798
.486457900
.462240300
.440950701
.476482200
.465457300
.406539700
.570404400
.396465600
.463874599
.427677700
.438357800
.442750200
.475822301
.440855200
.446703800
.430985600
.501888200
.462419700
.474667100
.478446100
.509053700
.470792000
.462297100
.476025600
.466020200
.424819900
.453991400
.453530100
.407725300
.426611500
.476036800
.463809400
.463973400
.405678900
.430272699
.435330901
.544053000
.510521200
.432041300
.442687600
.433263400
.452165500
.454997400
.462395600
.462822400
.449302200
.480858100
.459444300
.439243200
.425516700
.435895100
.435760800
.406961700
.443849600
.436940700
.494655100
.454270500
.385705500
.438142000
.461898800
.412092300
.457366600
.505649100
.495427100
.457235499
.445996601
.515139200
.422665300
.436484200
.460087300
.480627000
.456761599
.445898400
.422857100
.436588201
.449763900
.418808900
.484964999
.595941500
.376396600
.453856801
.413531600
.519839700
.521052700
.450581800
.436405700
.458768700
.494523400
.493646800
.438383700
.462517400
.423043900
.423833200
.392011799
.464318700
.424614100
.417405401
.459913199
.434573400
.480595500
.442975400
.440010400
.454134900
.456482399
.429340500
.452022100
.439198101
.456247600
.414501400
.447233200
.459673100
.418417000
.519041800
.479297099
.452816600
.427180000
.415973501
.452147200
.441590600
.407851200
.500906700
.491899200
.450353300
.438367000
.433049500
.433261600
.443286500
.457866100
.401007300
.456808799
.435189401
.467944400
.407698100
.495017599
.458207400
.467393800
.450186301
.485129100
.420021100
.429995101
.425943200
.448133700
.420157200
.424023100
.465078500
.453102700
.471742400
.412779500
.477648200
.402672300
.432404900
.419377400
.442831700
.440324200
.428225900
.434933200
.482991800
.469192500
.458091000
.403474700
.520159700
.465169100
.404760100
.465029700
.483420000
.420200600
.479922600
.486004200
.483701000
.484729600
.404779700
.454777799
.441258300
.419161300
.408952900
.427581100
.465316199
.408597300
.449895600
.465290201
.441936700
.432328200
.426202400
.476389000
.432132900
.405698100
.445556500
.471390300
.466598000
.471831400
.476910800
.468689800
.463504999
.409691200
.415238200
.415884600
.501646801
.550752500
.452273800
.653241100
.351789200
.459682400
.486771100
.456140700
.440262100
.476463299
.485747500
.442474700
.423008901
.429062300
.458772900
.486286500
.452919900
.453960000
.401783900
.498774800
.400360200
.505339300
.486657699
.459312000
.424311300
.524550801
.323073400
.423860700
.543241601
.455919200
.395744700
.433442700
.412208399
.489510500
.480252000
.472450001
.472705600
.466735200
.423656999
.440465701
.460450000
.421237600
.475156700
.509404700
.389972000
.495315400
.439149500
.376619800
.449993799
.541174600
.477931501
.449705400
.457362000
.464482300
.432960600
.490178000
.455625600
.458567400
.487535999
.477579800
.442800200
.470596901
.405520200
.509620400
.424369600
.445789400
.389569000
.462659500
.406442799
.470133500
.511665900
.456067701
.419427000
.456068400
.409703300
.413773100
.484354500
.458187900
.549009600
.621862700
1.099909000
.700595600
.672340500
.643603900
.536012200
.603992700
.616738401
.670940400
.519026500
.753302601
.574498700
.603663100
.566116100
.550577700
.610978000
.563262400
.609377900
.671235500
.584546100
.555594800
.516635100
.653863500
.690992800
.550864900
.530773200
.630622100
.588036300
.574458500
.634191300
.628174400
.651411600
.619862499
.561416400
.613872900
.610869101
.855087600
.617858200
.577267000
.496372199
.715309900
.562026100
.672721001
.610046700
.564305699
.673084600
.545410301
.482366100
.460684800
.455400000
.445516900
.451683200
.470875100
.549615100
.455614300
.445180700
.442522600
.470955200
.470207500
.461499000
.460297000
.445857700
.442607500
.438500200
.465158400
.479698500
.576853200
.464850800
.390482400
.483531200
.477128400
.368413400
.464706100
.430477300
.417098100
.489599400
.455392200
.464116400
.422479200
.467267500
.450789300
.567574900
.455963000
.489882300
.445028100
.461696800
.523426900
.434679600
.447152899
.425365800
.418342400
.399035100
.466692201
.452656200
.414220399
.490789201
.418814900
.439280800
.465899799
.449661700
.457839700
.457495002
.472278200
.410835500
.496490900
.472956899
.465645799
.526404100
.497271501
.491238200
.416791600
.458991799
.491296400
.479581000
.448483000
.439971600
.416733400
.394789501
.463626100
.509308800
.431486200
.420449600
.462301200
.464794500
.456682600
.451431100
.446220400
.416565301
.431168700
.415942099
.430350701
.519749800
.455025900
.434299500
.490379200
.440790000
.423381799
.457086901
.484505700
.625533200
.462248499
.477961300
.460523500
.446935901
.508768000
.402409500
.424109600
.482458400
.457465000
.421497100
.448518999
.485608300
.448292200
.483039500
.439287800
.460063200
.432836101
.494339300
.439124100
.462810200
.448945001
.472046700
.473930100
.467471600
.455759000
.435304600
.442043499
.469621900
.443151800
.391642900
.437822400
.438180600
.407779601
.416144999
.455212800
.502605901
.499104200
.550796100
.431453100
.451594200
.447654400
.457371800
.420347100
.477849100
.465707500
.472179000
.461651799
.445671500
.495006799
.479248600
.419852500
.487645600
.450186801
.462725400
.414529500
.466398099
.454789200
.479567600
.467348401
.441946900
.453908200
.430992300
.505834200
.455220600
.426696200
.476724000
.486186900
.461916000
.472009799
.459337000
.433402300
.408391001
.496440000
.455319200
.457177700
.435533500
.432880600
.422072500
.466725899
.516373600
.441759100
.508435100
.492128400
.438980400
.463305101
.481938400
.409622700
.431805800
.418564600
.490896800
.467420700
.520006999
.482357700
.401083000
.482240901
.415712300
.447821800
.412621300
.451184000
.467457300
.486045300
.480287100
.447252400
.445464400
.462483100
.411968200
.501933700
.532086700
.452210100
.434690900
.448668900
.538256300
.478891999
.466935301
.431323500
.471526699
.419494300
.447714999
.477610900
.420329900
.446040400
.498174600
.478982600
.443281499
.480067100
.447015400
.448265501
.464695000
.405011300
.455511401
.460549200
.450141600
.407162500
.431508699
.500034800
.495554300
.459850901
.410683800
.468905100
.424815000
.397786600
.455400300
.425039100
.448364800
.470325800
.482493200
.401416000
.425658700
.476850600
.484610100
.460287600
.458391600
.448402200
.449617100
.456526900
.415702900
.467070800
.434770100
.438605300
.464129800
.500388900
.467748900
.444143800
.478943900
.556456300
.417987400
.518743900
.478956100
.454384300
.448738400
.432779900
.394595800
.503389700
.395552500
.432295500
.416083300
.460282600
.447443699
.496904302
.470210100
.486881800
.493802400
.422454800
.439078200
.470836100
.406524999
.457787800
.459212600
.467729601
.456696201
.424303200
.384410299
.493996398
.418581200
.497979500
.468841001
.476894800
.426320000
.451279500
.478091300
.461341900
.452364400
.464595300
.423399700
.390972300
.460918600
.492527100
.463282500
.475540100
.414965500
.454213500
.437215800
.462987400
.468113200
.452198599
.466506700
.465804400
.448591200
.456090001
.414999400
.515457100
.502458299
.452960400
.470132100
.462710401
.460626700
.504249000
.418046299
.467821300
.469708500
.414083301
.454869100
.479395700
.452017400
.455127100
.445906200
.450737000
.406036000
.462438600
.434313600
.433670400
.447438000
.440870200
.439319700
.511822000
.458351500
.463853700
.679790000
.458381600
.464134600
.500708200
.436342500
.460774300
.470139700
.483208900
.431696700
.459861699
.433214700
.477170100
.431074801
.459009900
.418035400
.396194900
.467728200
.509270900
.520578700
.520516200
.497008100
.523530300
.422922400
.457919800
.433317000
.460922900
.463811200
.485933900
.448615800
.497789000
.479601200
.453539700
.511775100
.460326800
.453213901
.482236600
.439318000
.478651099
.552895602
.525751200
.437254600
.483446400
.450518400
.440489200
.441042100
.456054600
.498269400
.455200999
.447708000
.442311900
.446848600
.461031200
.461834600
.431100600
.472092901
.436247300
.420327100
.449777300
.481315000
.408815200
.404855000
.521964900
.474744100
.428180499
.418339700
.509347700
.457949800
.465646400
.445047700
.376098500
.491879599
.432403700
.458245201
.622440900
.487852900
.464224500
.420519700
.469199300
.464572100
.422106100
.432411399
.444284900
.427132200
.446861500
.462467900
.452160700
.452423100
.409426000
.425282100
.446560500
.405026200
.430836300
.408535500
.433941800
.439125900
.483744800
.461825600
.452875400
.496045700
.447630500
.420584600
.494324100
.452478600
.454953999
.498618300
.446546600
.468714301
.604757200
.477152200
.467906600
.480264100
.483912600
.468630300
.453462400
.446423200
.482939500
.443152600
.465448500
.452776200
.424195100
.404386600
.461324800
.486084000
.408212999
.402983100
.406014701
.436038400
.390355900
.435601700
.482030200
.436363300
.466107099
.433818801
.421882500
.434874600
.448209200
.415627400
.437938200
.461640600
.515973800
.441562700
.432986900
.439439800
.485363600
