.277492708
.501744561
.498625267
.321716103
.518485441
.498600308
.519882751
.495742218
.490979522
.309045641
.499210823
.489757400
.535374483
.491756389
.490150964
.494220542
.317987364
.485338203
.309687595
.310025475
.493320657
.486651108
.332045149
.498501366
.496382867
.505990491
.298072674
.518314927
.501011391
.493902049
.299604750
.524481513
.527103573
.328491269
.499872090
.491067600
.502257365
.494665095
.305699769
.300597135
.498595262
.313822968
.304833037
.302000326
.308285020
.310920457
.334924424
.515104297
.302358432
.308338342
.307451466
.485085901
.307314392
.498161765
.298338773
.491505993
.311717636
.311794487
.301149724
.309062770
.502874920
.310598654
.307929525
.488512679
.311481464
.307657311
.307687158
.486193274
.307010146
.521370787
.310190868
.302540018
.305741096
.523325075
.311986648
.482698373
.309791104
.311408555
.277165910
.299812107
.495469696
.313185053
.299686835
.308422311
.307901179
.313846145
.555585998
.311343945
.308431207
.307260383
.534473253
.299081855
.324938194
.310577318
.307694287
.302192195
.303669501
.321576714
.307426827
.299569405
.307695060
.307264232
.493845935
.307956186
.308584085
.297315217
.309395915
.312656804
.306297113
.299466344
.493471398
.313844649
.302704419
.296555706
.307951798
.310510717
.299308871
.303913855
.322218929
.305879434
.304030179
.487297493
.314331294
.482201515
.304623832
.311332803
.309207397
.485198436
.310850918
.309930275
.305712443
.302573805
.528660417
.304858806
.309098181
.307718048
.299815665
.308085705
.309438538
.306836625
.301261093
.307494431
.309881655
.302519634
.305649443
.306483014
.311227325
.301298006
.319095425
.312724893
.299058181
.304745376
.304300098
.310097940
.295144026
.313777784
.304322978
.309364166
.298441217
.304584827
.307404056
.307245205
.299727838
.307619352
.311983567
.321851658
.296562698
.311100499
.305364069
.282689596
.300102605
.308909719
.309327106
.297309772
.304989771
.308249375
.309756942
.293366542
.311434681
.309605044
.310792909
.307691652
.303026718
.310090519
.306355880
.305020376
.300712995
.307205850
.309805759
.296133059
.301079085
.310313701
.309142189
.304553082
.306915775
.309902754
.314378306
.329110715
.305466615
.315983343
.296053010
.308126430
.308697251
.310129012
.296399880
.300391150
.306214365
.317801085
.301233071
.310258524
.307295225
.306211992
.296817760
.306141600
.094557598
.308461989
.299516102
.302189517
.309937454
.300412526
.297242270
.305595087
.309921960
.299080765
.302740133
.304872221
.311178975
.301095237
.309185277
.326097706
.303728378
.301145874
.304684015
.310479048
.300515741
.306421772
.308565311
.306825535
.303805924
.307210241
.314547359
.300609704
.302005545
.303847760
.320891402
.303826330
.317425403
.305525121
.314295571
.293737481
.307537967
.305784059
.306942031
.309887636
.308218030
.312724781
.495281270
.302844761
.318360311
.308708451
.307443963
.315659487
.318060285
.307233695
.311251711
.306069782
.304812205
.298155289
.305203313
.315729333
.303183690
.297324423
.308365980
.314965035
.298162752
.304238504
.307747322
.314083226
.316101394
.294792593
.304255684
.314316403
.306150019
.298533458
.314007705
.316155089
.305777406
.309914571
.308364955
.319495133
.298682786
.304012485
.306957750
.310161022
.307379700
.311659687
.313463218
.308557727
.300542276
.309735114
.314825564
.306978932
.298101031
.304940959
.307462703
.300480750
.302111594
.309569924
.309287305
.523387833
.192001747
.306239831
.310765918
.300514130
.300880306
.306954308
.312890709
.297842259
.307821540
.303898175
.311484500
.297399231
.302548665
.308150162
.308699446
.304288326
.308166908
.309346026
.299645352
.309172277
.312438026
.304366635
.301395050
.307612620
.311596609
.298919519
.305546898
.300977184
.306959618
.300869839
.304016195
.304739040
.318903150
.312611858
.299771633
.306898228
.301910861
.306628425
.297436016
.302726477
.308450695
.307453889
.300364562
.302012104
.312452991
.296943279
.306013324
.311620344
.315479692
.097032237
.316293214
.302921950
.317407135
.299561010
.301151328
.304602194
.310518913
.297179547
.308689177
.302811785
.306141031
.317061448
.301136952
.306360317
.304971493
.308106745
.308928889
.305822163
.295189223
.305910790
.312301252
.301860552
.298862090
.305417074
.309169362
.299930579
.302831308
.304140590
.318951922
.297692110
.305261467
.309485327
.309207614
.304713962
.296229938
.311424991
.308938519
.304144797
.298997627
.312596626
.308582051
.299783933
.301788374
.308869878
.309138194
.300771903
.306835247
.320865190
.317363436
.294536543
.307553591
.305825154
.305690622
.297685333
.317086126
.309744072
.309799141
.298136173
.305461579
.309275154
.310314387
.298618965
.300631703
.310058476
.314065021
.304060079
.302144231
.303889961
.309393619
.298115374
.299383499
.309739076
.310281394
.301177109
.301715048
.309131795
.319792049
.293614051
.304970141
.311847402
.313503935
.317454824
.312959112
.313585431
.299194864
.303751977
.302031530
.312965660
.297580288
.307568215
.303819680
.305987561
.298287812
.309722705
.307561719
.304985920
.300537563
.320938890
.312078251
.313026110
.302747921
.299209483
.305232273
.315994194
.308368642
.299126673
.310532089
.317714334
.304039307
.308856883
.307808470
.323264179
.300701050
.324053798
.318771710
.305893612
.310021946
.313585205
.312576140
.301216259
.311122077
.314249096
.308961622
.307391411
.308176734
.318454066
.302587954
.315026918
.311219008
.338273501
.320701230
.314533711
.305030661
.311837773
.312358181
.315243828
.301022985
.309222610
.313466216
.305048293
.308773110
.318183701
.324460304
.302881380
.310552595
.335546243
.316082170
.305138729
.308998328
.317643884
.303825305
.303559781
.316324780
.316678684
.303234283
.308996927
.312821462
.326284699
.310547261
.314900019
.314371276
.324494615
.324396644
.299700358
.314992090
.316059918
.307367136
.302750521
.309643133
.321377699
.302400881
.306674360
.315299227
.314123996
.302186508
.316658450
.313785333
.334691299
.311880399
.313464127
.313792547
.299362602
.306996685
.313903864
.308947657
.302830823
.312511901
.319852836
.310966324
.307838493
.311922821
.318783771
.300770608
.318543321
.322362955
.305721550
.312995657
.309972779
.312840699
.304535466
.313086515
.317205604
.303931485
.308390703
.317332572
.316790563
.302156927
.311999824
.311032866
.321379274
.309416427
.309624506
.315165889
.304017578
.310120478
.310126731
.327032868
.305850247
.311914684
.314231391
.322531565
.301922678
.307256940
.312660168
.310386509
.318936092
.310989272
.313870737
.300473042
.313798066
.314697206
.306916306
.304819148
.311339286
.315233416
.302978038
.314602743
.311359112
.316474900
.301652614
.310966964
.340211269
.301449933
.316982363
.312701163
.311815275
.303495010
.326859417
.314034340
.303577238
.315990264
.311446801
.319800041
.304921521
.311188813
.311015200
.311198264
.324900918
.308236355
.317271538
.301214937
.311846068
.318129281
.312366123
.303273640
.311129887
.313754887
.304976069
.306778994
.309352049
.317407511
.306841570
.314230093
.325603769
.307191517
.312157158
.313249996
.322020298
.307158806
.309472795
.310958810
.314384019
.305212472
.318134423
.319153064
.312351654
.301753810
.314669953
.317776731
.318691546
.304251973
.314050030
.310673136
.308482305
.305915902
.314326001
.315581535
.307163749
.310058813
.309452944
.318198122
.301948836
.312651377
.316871747
.307401287
.314918363
.313288821
.316097513
.299203501
.311768307
.320441891
.303066978
.305460052
.307670567
.311921919
.304892447
.315362165
.307540281
.311051766
.301041238
.313493117
.330277119
.306734319
.316965951
.311455266
.307903835
.300302181
.313155914
.313648957
.306069500
.308003190
.316208293
.303701342
.312367921
.310918112
.310662405
.303653237
.326683068
.311266344
.312957372
.315138114
.297931285
.312217105
.316825736
.308675070
.300798034
.316224825
.318300265
.308706120
.311565241
.310075542
.307186045
.287440098
.323130550
.317644739
.305178011
.312939608
.309004982
.309979430
.302872573
.313874586
.315434787
.304428254
.303971084
.314192059
.312559351
.305406802
.314135481
.311185939
.325738272
.307191046
.310718296
.316913386
.305000064
.313407052
.312795152
.310731305
.308989944
.310134069
.316118942
.307262595
.305152555
.314488820
.315511059
.307077468
.323334377
.313684603
.314728104
.300158751
.315327293
.313685581
.306905564
.309894638
.309967203
.316498818
.308700956
.313024322
.309974701
.313582844
.306161431
.316483229
.318462289
.302001157
.313653153
.312443502
.312580310
.302734669
.312844088
.316709840
.303780576
.307976386
.309250095
.320645576
.302410695
.311043601
.315494464
.307576338
.305229512
.310323047
.318464851
.300999980
.312401966
.311796430
.312536888
.306152435
.314435163
.318455718
.301735972
.322822470
.307259163
.315622865
.304181920
.311925202
.316466103
.306878205
.308406148
.310288733
.312786462
.301276661
.319714667
.319208158
.306964274
.301143732
.322085226
.313135525
.308726719
.306012754
.318793507
.317898689
.316252286
.318180868
.323164736
.309658665
.308041578
.310725114
.321275277
.305357628
.312599135
.309016933
.315132793
.308036799
.314866436
.314243317
.308378372
.310328031
.321289835
.314360800
.305231927
.315537786
.320139429
.307874500
.310037233
.312848077
.318512223
.303980854
.313594974
.320635913
.314072514
.303021761
.319214201
.315310163
.321801315
.318524453
.318866535
.309692291
.305951654
.312847065
.320497682
.306542383
.316929979
.319397756
.320066151
.304527519
.314545573
.319698883
.309947755
.307942313
.332337377
.315684560
.306177010
.315717617
.318385526
.306379516
.311306132
.323655226
.321674974
.310004617
.314275442
.312032337
.323797377
.304172677
.317072634
.315300942
.327575270
.323643942
.314776315
.313538180
.313941708
.319031049
.308999339
.305619812
.316926680
.314247195
.311647374
.309857998
.309213742
.314168353
.310465698
.315632900
.330215075
.317760615
.307006309
.306837203
.310905870
.317596570
.313351383
.316409756
.310223663
.312220488
.313366876
.312095507
.318667506
.307601646
.306096341
.310878118
.325815457
.306560063
.317244271
.315535024
.307316978
.310007910
.317980210
.318424691
.304095320
.312211440
.320942283
.309132518
.305470477
.322829076
.318199098
.310315004
.321557523
.314348324
.321770736
.307238923
.312046225
.316197223
.317191169
.304379706
.315352315
.316465866
.317065398
.304508493
.315613251
.317029744
.307703537
.313535765
.336868654
.309237345
.307344057
.314027317
.319270750
.307845103
.319158684
.315597980
.310882340
.309883860
.309804442
.319360084
.311564260
.308635670
.312595513
.316942139
.322282409
.313331853
.317397191
.307071388
.310784900
.314866919
.317364487
.302331187
.313288805
.322343083
.310132036
.307136898
.313825897
.321185016
.307363962
.315685639
.323873049
.308984326
.313897630
.312198535
.317773983
.308517802
.313913148
.316886068
.316908702
.311004102
.317259667
.312848932
.316019246
.304711465
.317547260
.316003995
.319460936
.315389306
.313946722
.309162180
.305678596
.314417172
.319886035
.307478089
.315499110
.318453197
.318751984
.302264191
.314612468
.319658007
.313420557
