.005768410
.005625446
.006801586
.005841205
.005785196
.005715706
.005806579
.005734216
.006818587
.005732088
.005828785
.005703820
.005838731
.005737538
.005865770
.005738525
.005828280
.005612855
.005820960
.005634086
.005864648
.005586299
.005714017
.005668441
.005837753
.010383549
.005793703
.005776104
.005808780
.005688647
.005893179
.005660563
.005760630
.005749265
.005760149
.005754939
.005810057
.005631592
.005760243
.005606428
.005786566
.005625507
.005816224
.005792152
.005849828
.005773095
.005757932
.005607330
.005731000
.006640492
.005878760
.005729237
.005847913
.005745344
.005756264
.005676732
.005850941
.005636181
.005788823
.005769260
.005826551
.005684201
.005704915
.005610720
.005740199
.005745097
.007635129
.005839181
.005652041
.005798748
.005606536
.005847147
.005604030
.005839895
.005744636
.005886330
.006650888
.005863352
.005629077
.005909209
.005679221
.005867018
.005655101
.005764453
.005612588
.005794885
.005698172
.005736710
.005618113
.006846162
.005636090
.005749019
.005685764
.005855335
.005703490
.005808915
.005763319
.005842158
.005597146
.006815294
.005633925
.005837732
.005652912
.005936955
.005680570
.005792539
.005634932
.005875593
.006692526
.005826980
.005572693
.005774557
.005599822
.005768342
.005617232
.005849690
.005620696
.005815650
.005633511
.006783512
.005628625
.005827250
.005552592
.005811166
.005668089
.005934067
.005653566
.005863013
.005758949
.005919682
.005646349
.005872424
.005625551
.005883037
.005691736
.005937095
.005629414
.005813345
.005559563
.005719009
.005625190
.005743208
.005710645
.005782317
.006692376
.005832004
.006730769
.005863225
.005665310
.005810071
.005729880
.005842522
.006758366
.005804732
.006765005
.005857721
.006670010
.005753325
.005574956
.005832760
.005720311
.005903351
.006609698
.005772410
.005708892
.005831799
.005696815
.005965755
.005647253
.005831765
.006675857
.005829528
.005732135
.005849501
.005638238
.005780789
.005588560
.005835260
.005720638
.005801216
.006613863
.005812787
.005596163
.007652111
.005752843
.005721827
.005879088
.005793730
.005804146
.005738153
.005815949
.005768952
.005751532
.005730845
.005771753
.005661060
.005975827
.005679030
.005743493
.005680605
.005822929
.005607360
.005842729
.005683417
.005846211
.005763708
.005821091
.005708667
.005776020
.005745477
.005844379
.005815844
.005744771
.005757884
.005848498
.006624653
.005911530
.005729703
.005777435
.006603038
.005801962
.005548220
.005846211
.005658131
.005830162
.005640584
.005786072
.005655605
.005777801
.005675267
.005846238
.005606867
.005848389
.005627842
.005793402
.005574137
.005821103
.005667200
.006760529
.005611081
.005768531
.005659458
.005812065
.005683003
.005697509
.005599287
.005829070
.005594168
.005669826
.005598510
.005863814
.005697080
.005808133
.005677834
.005781447
.005728875
.005681218
.005610213
.006763783
.005755335
.005761065
.005741994
.005704310
.005647633
.005748515
.005612063
.005724529
.006707472
.005842941
.005757270
.005746697
.005678165
.005712903
.005739694
.005709701
.005611752
.005762158
.005595271
.005665540
.005650336
.005771818
.005699265
.005785857
.005756757
.005739083
.005618372
.005703852
.005661940
.005745099
.005604717
.005693663
.005630379
.005762755
.005620898
.005741042
.005759889
.005784895
.005611295
.005725050
.005770703
.005823225
.007619791
.005584586
.005763424
.005657190
.005715030
.005567181
.005736815
.005620228
.005838060
.005694787
.005768966
.005756680
.005734935
.005684498
.005756618
.005607131
.005704112
.005662033
.005752003
.005736436
.005768111
.005749058
.005745551
.005754599
.005710943
.005642334
.005754710
.005680767
.005721498
.005630000
.005763580
.005734939
.005766700
.005648753
.005775025
.005739032
.005765638
.005686823
.005720448
.005639870
.005767715
.005747137
.005772697
.006622233
.005815833
.005681490
.005818409
.005718707
.005686885
.005663504
.005778452
.005618821
.005740051
.005645705
.005764692
.005642861
.005710072
.005758094
.005726432
.005688757
.005889755
.005710062
.005765944
.005668776
.005823820
.005911116
.006729587
.005734892
.005751115
.005730525
.005743375
.005651029
.005868759
.005765654
.005722979
.005652291
.005793773
.005786897
.005807064
.005755979
.006765954
.005635381
.005774855
.005755448
.005844308
.005629810
.005754125
.006663304
.005693478
.006668759
.005719633
.005626507
.005798284
.005653765
.005789052
.005692528
.005737480
.005630494
.005803825
.005688955
.005770699
.005588742
.005780168
.005639888
.005849820
.005618522
.005785246
.005717297
.005795813
.006641201
.005801998
.005677192
.005745350
.005808234
.005718084
.005637201
.005748006
.005706535
.007572135
.005824256
.005735019
.005757490
.005660124
.005752582
.005703698
.005786423
.005666885
.005836047
.005740054
.005767965
.005738402
.005821465
.005626134
.005769541
.005735715
.005808282
.005706120
.005760209
.005651159
.005751382
.005831814
.005846812
.005687323
.005857535
.005692479
.005777439
.005785763
.005833103
.005677347
.005801172
.006706359
.005722590
.005668201
.005760707
.005601455
.005869985
.005741454
.005789930
.005599481
.005766539
.005638483
.005789106
.005628842
.005793334
.005730155
.005816167
.006622958
.005718668
.005616351
.005726373
.005647346
.005779680
.005624032
.005764810
.005795281
.005818640
.005707301
.005715813
.005633419
.005728762
.005736323
.005689785
.006668133
.005759051
.005685108
.005752592
.005676924
.005744853
.005723217
.005820301
.005753266
.005694252
.005656583
.005732642
.005657550
.005859154
.005667737
.005764935
.005752357
.005831050
.005627597
.005815692
.005756021
.006872964
.005666900
.005760022
.005646639
.005740178
.005764577
.005750896
.005660417
.005715953
.005705973
.005725900
.005627500
.005724936
.006702704
.005792678
.005624974
.005732382
.005771723
.005786953
.006669282
.005749902
.005703062
.005791932
.005717116
.005698342
.005636172
.005726098
.005664561
.005799083
.006619899
.005708457
.005706615
.005722572
.007555953
.005768991
.005818913
.005681241
.005765161
.005681548
.005736528
.006612066
.005758708
.005703750
.005691695
.005688155
.005744371
.005708173
.005708139
.005738370
.005714612
.005725380
.005809777
.005716734
.005732018
.005678512
.005792633
.005725482
.005731709
.005681979
.005810292
.006716221
.005751048
.005617644
.006696328
.005707378
.005760475
.005700490
.005793982
.005674706
.005806278
.005737664
.005831598
.005648472
.005786040
.005724246
.005855809
.005657318
.005801240
.005730432
.005767797
.005678737
.006773715
.005646341
.006779136
.005784862
.005797211
.005637719
.005869685
.005744883
.005845051
.005606532
.005896985
.005620071
.005735186
.005692982
.005915625
.005703272
.005747707
.005743430
.005719705
.005651129
.005860700
.005736766
.005829794
.012270449
.005806458
.005694550
.005805407
.005663323
.005823553
.006724988
.005857663
.005783326
.005746630
.005714557
.005760432
.005644201
.005756016
.005681532
.006762652
.005704646
.005729615
.005670813
.006739092
.005754648
.005758282
.005755043
.006829753
.005644190
.005737483
.005671460
.005812332
.005745325
.005787987
.005636421
.005726955
.005745018
.005700643
.005588900
.005751224
.006722922
.005694055
.005689308
.005742385
.005749148
.005713501
.006744350
.005793070
.005726882
.008615003
.005707487
.005642885
.005778130
.005692160
.005760915
.005668111
.006724212
.005628524
.005882815
.005679922
.005885893
.006687813
.005748380
.005621585
.005784462
.005640839
.005823332
.005634083
.005762942
.005699648
.005734250
.005638680
.005787127
.005676524
.005795005
.006735446
.005752428
.005619128
.005731604
.005621267
.005720486
.005669448
.005741598
.005738018
.005722203
.005654940
.005785681
.005765537
.006767867
.005792872
.005805108
.005696295
.005742024
.005628315
.005793357
.005705313
.005674592
.005604506
.005819002
.005648989
.005907989
.005731438
.005808172
.005656711
.005791660
.005623355
.005843845
.005718626
.005761062
.005720398
.005775010
.005666615
.005775455
.005736835
.005823410
.005665848
.005832391
.005633114
.005781221
.006728157
.005848013
.005644290
.005736441
.005661030
.005861048
.005642545
.005779466
.005704230
.005750980
.006743941
.005779780
.005662383
.005772723
.005696265
.005734440
.006662911
.005748710
.005719470
.005828700
.005652967
.005833582
.005772629
.005824185
.006746768
.005751441
.005708025
.005854760
.005682937
.005819471
.005759980
.005825865
.005693770
.005889948
.005777378
.005862757
.006627740
.005843808
.005645715
.005841777
.005769815
.005773191
.005711684
.005750550
.006668418
.005747460
.005683780
.007640874
.005830839
.005703088
.005784956
.005760812
.005783015
.005694975
.005812799
.005786958
.005755059
.005757894
.005769343
.005788812
.005788634
.005731096
.005719773
.005744645
.005761187
.005703454
.005812908
.005695480
.005824703
.005713281
.006949815
.005758936
.006840169
.005713510
.005806159
.005782228
.005867953
.005725088
.005886545
.005673774
.005742370
.005688829
.005794254
.005745418
.005738626
.005704375
.005814503
.005773703
.005715096
.006697519
.005784961
.005678136
.005792213
.005793847
.005756800
.006758690
.005731484
.006639511
.005764929
.005850137
.005826948
.006793431
.005798836
.005745315
.005738863
.005710778
.005834448
.006659570
.005773635
.005757029
.005876125
.005715183
.005742048
.006731563
.005732536
.005706184
.005738826
.005718751
.005789787
.005737735
.005731772
.005714770
.005784389
.005766578
.005750400
.005713102
.005785111
.005811123
.005762224
.005676575
.005821659
.005719243
.005821768
.005757716
.005720620
.005743933
.005768318
.005690935
.005810995
.005831450
.005753803
.005680500
.005899991
.005722950
.005876440
.005706904
.005776949
.005659081
.005739475
.005724440
.005792681
.005784993
.005725888
.005656558
.005829106
.006633647
.005821138
.005675155
.005839152
.005735657
.005770582
.005776427
.005748838
.005663920
.007619646
.005782928
.005753419
.005752885
.005707748
.005810697
.005634182
.005794229
.005634157
.005776904
.005671038
.005752190
.005773156
.005746645
.006693618
.005725868
.005607475
.005733735
.005716676
.005790653
.005637676
.005916867
.005653583
.005770692
.005694153
.005843129
.005741018
.005801537
.005714698
.005759578
.005711098
.005686475
.005735807
.005830157
.005666406
.005756913
.005634678
.005750982
.005716397
.005842480
.005716653
.005771700
.005639607
.005721159
.006683247
.005862855
.005722870
.005752385
.005691649
.005757965
.005686865
.005766353
.005760102
.005756562
.005733650
.006832743
.005800993
.005756283
.005723071
.005801603
.005668372
.005820112
.005696350
.005816762
.005677382
.005754047
.005762009
.005790750
.005664926
.005806890
.005693740
.005767158
.005731545
.005737198
.005644810
.005868528
.005694767
.005825542
.006820524
.005793737
.005697107
.005814170
.005681389
.005734388
.006761005
.005785578
.005652221
.005780922
.006810951
.005855740
.005669377
.005758251
.005808140
.005753738
.005791660
.005846905
.005780323
.005825059
.005676277
.005865326
.005728580
.006794240
.005657302
.006771919
.005693662
.005801351
.005669445
.005859195
.005715003
.007847033
.005774297
.005768555
.005734380
