.005685670
.005771190
.005663443
.005740977
.005630800
.005733087
.005693810
.006757821
.005617673
.005781168
.005641281
.007575746
.006755052
.005627115
.005726242
.005706395
.005743288
.005658301
.005754096
.005691097
.005704874
.005704583
.005726566
.005597096
.005734880
.005718341
.005706540
.005645435
.005779341
.005728562
.005763575
.005594309
.005769450
.005752555
.005843795
.005611085
.005734470
.005709483
.005788515
.005653428
.005766093
.005669718
.005776660
.005703679
.005769225
.005720483
.005689398
.005616122
.005737335
.005708276
.005838783
.005649188
.005810305
.005678190
.005808336
.005684604
.005807184
.005589105
.005772723
.006653571
.005808080
.005586233
.005893138
.005675576
.005714796
.005651533
.006721955
.005612621
.005698470
.005719692
.005694897
.005594403
.005683010
.005646054
.005729493
.005643737
.005761906
.005645491
.005726527
.005783923
.005711603
.006567535
.005681515
.006669395
.005822547
.005690805
.005684556
.006568020
.005735230
.005718000
.005757120
.005706673
.005760335
.005643051
.007858732
.005713722
.005705485
.005609051
.005782217
.005652376
.005907440
.005617658
.006898787
.005700708
.005773153
.005694297
.005823930
.005687036
.005778825
.005699681
.005674102
.005636388
.005756055
.005707768
.005704975
.005747300
.005806963
.005733994
.005783697
.005804205
.005811797
.005633300
.005803452
.005646908
.005663488
.006666074
.005778459
.006609070
.007515290
.005682955
.005560300
.005713061
.005734446
.005744277
.005684865
.005746126
.005716526
.005767215
.005642218
.005679583
.005721454
.006670249
.005713645
.005762810
.005649453
.005742795
.006652386
.005679740
.005639687
.005729522
.006669774
.005764899
.005645311
.005789193
.005677538
.005741588
.006663168
.005783236
.005650915
.005785432
.005728006
.005774584
.005769527
.005695227
.005734666
.005852581
.005629416
.005771571
.005767395
.005684680
.005715884
.005757045
.005694278
.005769752
.005609418
.005755778
.005586017
.005675841
.005647875
.005739669
.005618563
.005843971
.005735844
.005837176
.005650669
.005869358
.005625792
.005743350
.006673536
.005732769
.005641551
.005679864
.005571688
.005760052
.005747896
.005759554
.005647465
.005741945
.005733398
.005774927
.006649696
.005760775
.005681143
.005706525
.005757378
.005759324
.005614428
.005738880
.005716715
.005741830
.005708721
.005768880
.005703783
.005823045
.005677944
.005801435
.005713811
.005742450
.005771833
.005818513
.005781525
.005823415
.005779008
.006780539
.005724793
.006666360
.005734518
.005723045
.005673856
.005841341
.005729536
.005787003
.005745426
.005779760
.005654784
.005787302
.005648883
.005711535
.005786216
.005792288
.006666158
.005678402
.006539462
.005706624
.005718915
.007624629
.005739845
.005731557
.005825974
.005670747
.005828472
.005827603
.005809251
.005651564
.005767758
.005738280
.005780182
.005663123
.005720389
.005750316
.005792339
.005660778
.005767152
.005623052
.005805100
.005717485
.005782185
.005704486
.006790889
.005692708
.005780456
.005633828
.005760641
.005643783
.005774871
.005697507
.005763902
.005763791
.005724883
.005661742
.005666038
.005620799
.005727762
.005746153
.005785470
.005677429
.005825935
.005751816
.005829466
.005658145
.006776172
.005739112
.006764948
.005696454
.005794241
.005669693
.005791314
.005633245
.005754572
.005622041
.005775260
.005625703
.005703677
.006568237
.011324659
.005703610
.005753866
.005629770
.005767905
.005700251
.005737987
.005758667
.005824425
.005675000
.005725449
.005768308
.005745265
.005690947
.005841016
.005597928
.005733695
.005720333
.005780528
.005677927
.005755054
.006651176
.005740241
.005753009
.005714930
.005810985
.005741092
.005651143
.005736019
.005692025
.005713287
.005668377
.005761167
.005636819
.005802339
.005817916
.005760515
.005714259
.005751441
.005685636
.005790852
.005662466
.005761843
.005744301
.007858170
.005616880
.005701917
.005749461
.005867613
.005705351
.005856367
.005593448
.005699918
.005699087
.005841053
.005598878
.005706837
.005641924
.007602891
.005710979
.005757730
.005787768
.006768892
.005672507
.006685396
.005813822
.005660379
.005754819
.005620041
.005747560
.005617099
.005846469
.005674189
.005804065
.005669100
.006796380
.005639103
.005752378
.005731172
.005768517
.005756108
.005806690
.005662861
.005870462
.005665326
.005859513
.005762728
.005833570
.005678376
.005818525
.005623479
.005833503
.005665729
.005826632
.005715619
.005745735
.005718014
.005767375
.005777531
.006792715
.005688940
.005826295
.005766803
.005792020
.005740662
.005770433
.005736788
.005750774
.005646852
.005753087
.005675980
.005774774
.005656761
.006841318
.005681637
.006710039
.005646498
.005770125
.005730466
.005704480
.005672469
.005768642
.005636336
.005777255
.005809994
.006693580
.006657511
.005814950
.005808991
.005754510
.005743544
.005770235
.005787140
.005859080
.005660602
.005870040
.005683506
.005861215
.005679580
.005776620
.005687170
.005846712
.005668866
.005778129
.005661460
.005751890
.005710441
.005795482
.005803619
.005701619
.005816531
.005714555
.005626946
.006782365
.005636823
.005789545
.005646493
.005817060
.005745353
.005736629
.005672157
.005732433
.005797917
.006850907
.005751740
.005812723
.005779968
.005760907
.005716487
.005849812
.005733669
.005784756
.005730109
.005757328
.005649146
.008658840
.005725302
.005606971
.005840850
.005595331
.006752174
.005617452
.005791990
.005665313
.005855390
.005715916
.005844605
.005676076
.005753673
.005724166
.005759485
.005742338
.006763522
.005736578
.006800441
.005650838
.005817401
.005715574
.006816028
.005708937
.005845287
.005698273
.005804243
.005613310
.005750253
.005670512
.005718895
.005660839
.005864998
.005777269
.005815697
.005748305
.005792887
.005715093
.005808468
.005676955
.005751151
.005700112
.005750153
.005689280
.006751057
.005664983
.005781726
.005620171
.005768773
.005744734
.005855532
.005770912
.006739424
.005611498
.006827230
.005769562
.005699993
.005617636
.005775423
.005654626
.005779240
.005759532
.005763645
.005751208
.005851288
.005637905
.005851874
.005752657
.005768280
.005632464
.005830595
.005621080
.005868100
.005744911
.005758985
.005702822
.005822420
.005649193
.005890360
.005645539
.005884552
.005819092
.005763685
.005577815
.005808509
.005785953
.005885540
.006659346
.005796488
.005776670
.005729717
.005709852
.005727668
.005704700
.005782618
.005735160
.005852384
.005725260
.005711650
.005735560
.005816466
.005784848
.005766264
.005730675
.005673093
.005718686
.005756872
.005638013
.005832630
.005670562
.005768910
.005645840
.005779594
.005646055
.005748161
.005673241
.007656190
.007860941
.005763436
.005757752
.005740300
.005785460
.005650549
.005808995
.005652817
.005863622
.005712742
.005811122
.005661722
.005759411
.005748019
.005818663
.005619115
.005813973
.005660472
.005843367
.005620963
.005767055
.005658732
.005821096
.005738232
.005771016
.005718270
.005808087
.005756843
.005724135
.005692888
.005785968
.005676359
.005720635
.005667683
.005869901
.005670778
.005809354
.005754191
.005828637
.006753180
.005740898
.005665492
.005822836
.005766048
.005739456
.005687334
.005781267
.005737933
.005720505
.005698669
.005744131
.006796594
.005787237
.005654443
.005685845
.005648174
.005714686
.005689991
.005759475
.005617628
.006719097
.005599664
.005773745
.005665955
.005768376
.005668859
.005805707
.005712773
.005765159
.005713073
.005764260
.005654030
.005829985
.005742892
.005820165
.005780180
.005740355
.005723434
.005731703
.005632528
.005724489
.005613721
.005824710
.005718321
.005754814
.005690138
.005754945
.005673544
.006750351
.005734814
.005748388
.005625041
.005802527
.005706322
.005739552
.005642834
.005712787
.005698772
.005755235
.005631061
.005756866
.005697873
.005823800
.005742153
.005729908
.005614672
.005789034
.005671352
.005809491
.005660322
.005730949
.005732106
.005805036
.005666674
.005762008
.005723982
.005727929
.008577681
.005712402
.005781184
.005757872
.005715067
.005741407
.005688440
.005671715
.005829292
.005731040
.005844359
.005665012
.005808800
.005723389
.005832342
.005788986
.005908188
.005745859
.005828805
.005803473
.005890299
.005832473
.005756036
.005676064
.005709274
.005714288
.005811511
.005669083
.005809828
.006662841
.005775388
.005783947
.005867322
.005690342
.005821463
.005634591
.005842884
.005782375
.005794455
.005641066
.005899665
.005708538
.005972812
.005651178
.005807993
.005757047
.005887915
.005672253
.005859821
.005733446
.005859110
.006747305
.005806569
.005697873
.005763694
.005729440
.005845153
.005786218
.006795203
.005752647
.005789444
.005715338
.005827638
.005724589
.005722679
.005707786
.005766148
.005665562
.005709720
.005791330
.005861535
.005787880
.005809989
.005754172
.005780790
.005776900
.005771474
.005758023
.005771662
.005657131
.006803242
.005749483
.006772962
.005706466
.005826060
.005761180
.005863623
.005785999
.005849124
.005879880
.005746965
.005794362
.005746583
.006753122
.005736145
.005682347
.005789965
.005639357
.005817987
.005708777
.006836181
.005690535
.005725211
.005684076
.005734217
.006626413
.007595830
.005782012
.005803934
.005707870
.005754982
.005628075
.005746380
.006648651
.005824947
.006608894
.007572126
.005724045
.005765211
.005807365
.005689763
.005906807
.005750493
.005716578
.005681185
.005803674
.005682685
.005789298
.005716578
.005821109
.005764882
.006705211
.005660093
.005784269
.005744593
.005750673
.005737581
.005817182
.005677727
.005793165
.005790425
.005821340
.005698373
.005858250
.005648177
.005884877
.005639483
.005811705
.005779611
.005834046
.005779808
.005810636
.005696443
.005785997
.005688275
.005898916
.005836640
.005780149
.005707298
.006820895
.005715573
.005779112
.005704915
.005828306
.006742558
.005711008
.005648645
.005780885
.005699165
.005827572
.023128713
.005860376
.006727493
.005821933
.005702233
.005795825
.005760071
.005776076
.005745585
.005772245
.005676355
.005809700
.006685963
.005853906
.005749034
.005762376
.005618799
.005876147
.005803485
.005843504
.005786388
.005736153
.005665368
.005864488
.005658482
.005827329
.005766772
.005844095
.005773412
.005802526
.005666257
.005792738
.005791505
.005814047
.005680630
.005819207
.005652889
.005759431
.005800627
.005853045
.005723723
.007860767
.005768199
.005753926
.005679963
.005774213
.005734980
.005750692
.005635208
.005764723
.005652671
.005796819
.005697446
.005764576
.005732282
.006771777
.005669175
.005813307
.005772156
.005896675
.005646266
.007544238
.005728697
.005869595
.005785447
.006686491
.005798386
.006667612
.005769403
.005715080
.005733634
.005796438
.005731358
.005733857
.005702934
.005755707
.005777811
.005692557
.005781716
.005745223
.005764645
.005686781
.005780369
.005859052
.005858578
.005728981
.005766752
.005655710
.005807649
.005791298
.005812452
.005707692
.005838970
.005703148
.005875242
.005654108
.005837232
.005658839
.006832487
.005682302
.006770946
.005668021
.005817003
.005672240
.006024621
.005721600
.005750666
.005792480
.005769657
.005829421
.005765377
.005781900
.005697702
.005650385
.005817313
.005688158
