.381614800
.443486200
.403922100
.407500899
.418808400
.445716000
.421382301
.408712799
.453812400
.426662700
.457243701
.436544800
.453748900
.414910700
.457889800
.398807700
.332925200
.477326400
.494833999
.385058700
.407998700
.436715100
.444073100
.424971600
.411934800
.426246400
.328594400
.470141800
.309165600
.476679200
.430695900
.426373600
.333566500
.435448600
.284232200
.435474700
.447102600
.401179400
.299943800
.430598500
.398015600
.496269600
.326546299
.395900900
.417376100
.341777400
.430646699
.389638700
.414337100
.444390700
.409555901
.395831000
.391088800
.406824500
.448244800
.433674800
.364046200
.368736099
.340720700
.341390000
.412280900
.422297100
.327323900
.460436900
.401388400
.470537101
.417814900
.382723600
.330217400
.473940099
.458037100
.416921900
.434127000
.365252201
.339044299
.492029200
.411732200
.414362800
.331318000
.404996300
.336998200
.352807500
.386011800
.400959099
.329791200
.322618800
.337681800
.371812701
.363238600
.414902100
.412293800
.456133400
.481345800
.439028100
.400704800
.384558000
.342628000
.420263100
.363775000
.383753100
.368152900
.436251700
.371590600
.450649500
.341692400
.370636900
.389759600
.425543000
.435461500
.391993700
.385073300
.372122800
.420749400
.409263399
.353753200
.340982800
.321639300
.374407300
.444634001
.341663700
.404258800
.474580600
.370498400
.369089300
.402278499
.378172701
.458308700
.351381400
.422005199
.361108101
.439105900
.326859500
.421513001
.374940600
.342161500
.385882100
.300532200
.339271100
.383898300
.409031900
.319651600
.430636600
.324899800
.443059800
.568611300
.603198700
.353294000
.491676600
.386910400
.537583400
.344209800
.512613901
.523109500
.362756700
.466125800
.457205300
.473783300
.536559500
.433114599
.420486600
.328937901
.483792999
.464051200
.627004300
.537701800
.516115700
.345723700
.610275200
.417405200
.327995500
.388828700
.349934400
.322356000
.382428700
.366247300
.376381500
.450684100
.361782200
.338967800
.368486700
.402450400
.333826200
.380388400
.348907800
.357208800
.368277900
.367883200
.374205800
.351625500
.366753100
.392039000
.399667000
.365586400
.378935900
.557574699
.406605299
.428746701
.479127399
.368095500
.361379900
.420328500
.486511398
.262660300
.354050600
.501788400
.330806000
.362136900
.377572400
.312894901
.354665200
.362215100
.364492300
.366400700
.389592499
.366623700
.383803200
.461211201
.458953600
.444407700
.376085900
.438041099
.322750500
.356284600
.312916600
.403020000
.384984600
.346521701
.339788100
.441190300
.363562400
.381862900
.451719101
.376528700
.354940700
.366260000
.330985599
.377586901
.421199700
.345092600
.359042700
.374898900
.365520000
.363117300
.425124199
.403062300
.372400900
.362767400
.457924201
.320410200
.469163400
.302634700
.362518800
.470985800
.365029700
.323122800
.387030799
.357498900
.546953500
.397257300
.334843500
.369355200
.411170700
.336283399
.356013100
.370104000
.371251700
.362923700
.393682100
.381650800
.354878300
.404839199
.320059500
.377932100
.395678700
.341195601
.383624700
.428444500
.312666800
.396269999
.380560301
.356651100
.317187600
.425924400
.362187700
.403882800
.397809500
.337699900
.339202800
.352990300
.350348000
.341562000
.371656700
.384307000
.353850400
.398046600
.353311399
.430054800
.399274300
.589319800
.341484400
.438178400
.325483100
.417031401
.421227200
.347806000
.351611200
.366287700
.365435199
.345314300
.382572000
.381925901
.390390300
.342014900
.348079200
.364160900
.436352100
.351444000
.349700100
.384558800
.398790000
.359579300
.354294600
.355469000
.410698000
.349761700
.403876500
.355872700
.411515100
.321437500
.331088400
.376170101
.357244100
.348493600
.384904200
.430939200
.337886900
.363024100
.388566000
.368054600
.408817600
.306742500
.351646500
.379905900
.377031100
.335342100
.391616601
.359148899
.364033900
.386932400
.387109500
.373633600
.415134500
.356906500
.400375299
.370215701
.364920400
.392079400
.368853200
.359672600
.436961400
.319009000
.381283901
.354004600
.320149300
.410366800
.332858900
.386847400
.366757200
.398421600
.316400100
.425950300
.382700100
.346479100
.365906600
.380007300
.360459100
.387632900
.399929700
.427041000
.349479600
.421749100
.389620600
.389203900
.412619600
.334108100
.408132300
.335663900
.340610800
.364574000
.372081299
.340985900
.423623600
.324120900
.448242301
.357512300
.321894700
.332657700
.379555700
.346471300
.331282800
.316049600
.359089900
.353966200
.330817500
.341527100
.403797600
.311151900
.493057500
.352698000
.341954599
.393045400
.431834600
.336782000
.412083201
.316052200
.334698200
.378668300
.352122200
.336775299
.364288600
.310021700
.456395000
.376659701
.396193300
.347930500
.364246600
.376520000
.353925200
.338873200
.344530200
.373538700
.359359700
.314049100
.387587600
.362018199
.370128600
.317306600
.323937800
.404765700
.372061400
.339974600
.402301400
.352680501
.376070899
.423033100
.372020700
.379117599
.404155000
.321319800
.496183099
.406901100
.354514700
.418751701
.301191600
.406685100
.341092100
.380777799
.351750200
.431731501
.361245900
.399326800
.353259600
.477281900
.344294200
.326966200
.382633699
.418397400
.339855200
.335095900
.321451301
.384397100
.380081900
.376486700
.379877399
.376283600
.399736700
.422012401
.431882099
.360898800
.420767500
.368840400
.397085499
.383294500
.323430800
.401914900
.328157701
.378029600
.364329500
.393654100
.347267400
.374919500
.408770199
.353887101
.352710899
.477720100
.344246401
.355288900
.357113900
.416932400
.360708500
.403100999
.401125800
.478242400
.334949100
.369968100
.412129900
.347076300
.355786800
.350793900
.374348900
.358848700
.362978800
.345068600
.426161100
.312001200
.430026700
.375984199
.337699201
.416659200
.369252299
.334376500
.393359200
.374138600
.354324400
.361909201
.395771400
.338717700
.406271500
.368023300
.451139600
.366818000
.335562800
.395884600
.395978300
.392812200
.356162600
.399383000
.384517500
.422636399
.353277901
.375951300
.329225500
.409070200
.353771400
.371841300
.378070900
.352178000
.328916900
.424732900
.377848900
.320484900
.341972900
.345825000
.383295699
.380572000
.368322700
.357305101
.377232400
.318632900
.497017200
.369954100
.370045100
.310776799
.342288000
.341632901
.333557200
.314650800
.369303599
.347897801
.421759900
.337673100
.323631800
.356172700
.392026400
.387622300
.283996500
.343849900
.362695300
.364594600
.371848500
.318642500
.378418300
.506937900
.371501400
.398220200
.424373100
.402885900
.396072700
.382942000
.370391900
.350943000
.427782300
.424816300
.352686400
.375768500
.404013400
.438929800
.351469900
.329103200
.334690000
.414683400
.390087700
.339693600
.350959600
.360818400
.364875600
.319368100
.354219100
.369416600
.371224500
.344954300
.379918200
.383888700
.506351500
.364410500
.336387600
.398991500
.333274900
.352195200
.378813600
.368610100
.360626100
.407229200
.363426600
.360358400
.447342300
.316717000
.412683499
.397835600
.423410700
.364804300
.394210299
.361434100
.364113300
.342024000
.409269200
.368491300
.462213000
.417087300
.379343201
.365845100
.334322500
.374567100
.377598200
.328064700
.378210700
.368886200
.342905199
.416944200
.320760900
.415577200
.394879801
.359565500
.344431900
.359898000
.335248299
.402034100
.309526900
.347411000
.392231100
.372422700
.332145600
.385819500
.365454301
.420078300
.335441600
.327581200
.339501900
.408958900
.338889000
.324079800
.323492501
.376726600
.375111400
.364483600
.335420300
.448506100
.351899300
.462270400
.336619800
.347926300
.355460500
.405255100
.338480800
.397515100
.400918900
.346576900
.394676399
.350590000
.361003800
.368820600
.316076902
.374203500
.401358700
.318591700
.383404501
.373265000
.331508500
.359148500
.335820100
.395478600
.348684900
.384287700
.309705300
.407023299
.346787700
.452457700
.349216400
.372930701
.337673700
.386318000
.370527500
.351113400
.555059200
.380036100
.360186000
.418659100
.361112700
.395336600
.336418599
.435875400
.363044400
.326241800
.409463901
.332592700
.335621200
.336379900
.337321700
.385561100
.374637200
.307194700
.377367499
.367967700
.451086400
.337490900
.322905901
.376288900
.341691600
.394677700
.385195200
.356430000
.368403300
.333565800
.334016500
.305293000
.362701600
.315165900
.460430300
.387016500
.399845200
.327907800
.344433600
.385275899
.432886900
.311931900
.343875601
.371943600
.420627300
.301757299
.397655401
.362673800
.403548900
.357910500
.329520200
.365657499
.398597800
.369558300
.363523200
.358749501
.360008200
.337065400
.391652400
.338083499
.375027200
.342895600
.416340800
.353222100
.357977000
.351525800
.386481100
.390684900
.359720600
.310559200
.341128700
.385309501
.351666600
.356702700
.394765700
.345660200
.407451700
.355972500
.326398800
.369260600
.399822500
.399483500
.403197700
.363075999
.322758500
.357990900
.358535200
.337818601
.407650200
.339791000
.401497500
.393551399
.333783100
.319240200
.369458000
.340460400
.401519901
.398646499
.327095400
.347783401
.408286599
.300305800
.419701800
.305995400
.434093301
.351299500
.324184000
.339025100
.406755900
.345412999
.407450102
.354053700
.373666300
.344673800
.374823600
.340247900
.436243200
.325495500
.394103600
.378927500
.368728299
.371484600
.333730800
.358645500
.346885501
.371601600
.354412300
.380448300
.344247300
.316470800
.347955400
.375374400
.363494500
.350739000
.377913200
.340750600
.396039999
.337641800
.327826100
.340993100
.353155001
.393473799
.384236900
.395095200
.307413301
.445074200
.353687600
.324414400
.333637701
.333693299
.345552000
.341016200
.329487000
.375237600
.346166800
.403498900
.306122700
.449901001
.312553800
.407808900
.359811300
.374085499
.381513800
.380654600
.381932600
.379827500
.351752400
.481716000
.366353102
.402416300
.365985300
.422551400
.312197599
.406500900
.397118100
.363698000
.320343301
.368465500
.363908900
.323540700
.324148500
.400044800
.381124300
.313782400
.370330400
.378392499
.415525900
.325483100
.330691500
.309565501
.385349800
.336206700
.350881500
.363844399
.389900400
.383266400
.354828000
.361058700
.345115100
.346099200
.471523900
.341935201
.371604400
.383723400
.392444401
.381392500
.392052800
.304427500
.343508400
.375826800
.377873200
.422165300
.367684999
.332054701
.424336100
.426859400
.329020700
.368502499
.336064300
.361761200
.332178601
.362419299
.359663500
.467999701
.352243900
.538864300
.439472400
.475543700
.479544200
.557943900
.386661600
.542214900
.548725500
.460981300
.419922000
.448149900
.483901799
.486852501
.487453600
.554704099
.454401501
.468514100
.329746400
.378660200
.394425900
.395361700
.382836200
.372326001
.398584300
.343617700
.396365500
.359973300
.354956000
.405859700
.363105400
.339035901
.425862400
.368548999
.368027700
.384044301
.393779200
.391302900
.319136400
.437075299
.469106000
.357188200
.366164300
.389214300
.378395200
.387507500
.371097000
.382596001
.331615700
.349098300
.375083100
.342083100
.399830700
.407333300
.351901900
.480052000
.396421500
.382475800
.384351200
.422895000
.381327800
.361477100
.388947500
