4.221869201
4.177576299
4.157984400
4.083859501
4.035729500
4.165433099
3.845536901
4.099757699
4.128383900
3.781772100
3.753965200
4.163669500
4.111355001
4.140252599
4.069252701
3.809784200
4.087734099
4.172112901
4.059647700
3.792481900
4.079483500
3.720353100
4.107023900
4.104315500
3.778946200
3.768316599
4.047991100
4.115477701
3.841202199
4.193734600
3.512354201
4.075633799
4.086157400
4.065249501
4.051415100
3.788076199
3.892141601
3.741095400
4.116828700
4.114542000
4.089327399
3.967767600
4.052975701
4.005722200
3.999724399
4.736031300
4.677540701
4.422870299
4.056250401
3.767376499
3.900625001
4.054838699
4.088521600
4.040690901
4.117658699
4.035469700
4.059507300
4.078065901
4.159005500
4.073534699
4.081589101
4.089635700
3.152567200
4.060485300
4.023826099
4.155270300
4.170262901
3.426143899
3.779607901
4.071026499
4.075638001
4.088739899
3.719855700
4.011084800
4.003817101
4.160283600
4.045038099
3.865803100
3.804118701
4.177553899
4.107081901
3.819826199
3.783790801
4.123607600
4.105568699
3.470838301
4.167532300
4.083566200
4.079759399
4.052617701
4.182011900
4.108060799
4.103381901
3.802123399
3.997192400
4.298131001
4.112113400
4.139346500
4.123518900
3.181369900
4.111671100
4.151259000
3.820069599
3.927917301
4.011775299
4.132426301
4.129882800
3.333257499
4.052867301
4.053593900
3.424864800
3.152520400
3.246415700
3.520863400
4.039375300
3.782848300
4.161315900
4.142699799
4.134895201
3.165710400
4.008379800
4.859361900
4.563933200
4.658642500
4.534592100
4.080286300
3.239712899
3.998549901
4.186861200
3.805668800
4.196155700
3.843010099
4.315183801
3.762679700
3.741332800
4.092832300
4.031403700
3.520101000
4.283897999
3.948827100
4.093566101
3.815979400
4.152273399
4.118482401
4.065556599
3.532861101
3.350307899
4.040824301
4.197116800
3.717675999
3.484081701
4.032457600
3.108124200
4.068994100
3.794039100
4.132631000
3.747847800
4.139296699
4.074958301
3.448840500
4.041843400
4.025474400
3.700199800
4.085903400
4.047722200
4.064643900
4.230688500
4.067709800
3.748185900
4.074787400
4.048421300
4.147459600
3.459104200
3.668242400
4.195915100
4.130830000
4.003774400
3.999842600
3.375415500
3.980237500
4.012951800
4.087729700
4.056530499
3.431328601
4.116130100
4.127078400
4.083820299
3.695260000
4.000681401
3.728278400
4.019981699
3.951593500
4.079810400
3.776414501
4.103105400
4.095641699
4.521969601
4.115081600
4.188550399
3.760729501
3.241885299
3.256618101
3.204922900
4.406561801
3.995016899
3.736794601
4.059899699
3.776212801
4.015270600
3.477640600
3.313048900
4.023129200
4.206719400
4.088688000
4.055583800
4.239140400
4.094482900
4.110999400
4.052348799
3.237115101
4.003750300
3.228752599
3.544758201
4.083582600
3.994419100
4.091232599
4.084784901
4.173661600
4.063927899
3.815352601
3.508569499
3.512327601
3.265098200
3.683975500
3.772752900
4.122187300
3.733661800
3.743788300
3.767943199
4.159346400
4.067393600
4.042888201
3.753036499
4.126865900
4.125852800
4.075218099
4.074705101
4.167651899
4.087027900
3.479764500
4.044467901
4.043429899
4.019328400
3.432908601
3.376355000
4.155122800
4.007866400
4.060152899
4.139275501
4.050974800
4.052173199
4.028154800
4.323103100
4.038673301
3.943456600
4.195879100
4.394489600
4.035477100
4.142685500
4.018779800
4.075926200
4.324042000
5.089357900
4.510427099
4.818370701
3.971808600
3.198454900
3.151543900
4.078831801
4.112803299
3.790787300
3.836928701
3.840227200
4.078480200
3.668487199
4.123282901
4.043663299
3.736253100
3.783148801
3.513789100
3.248490300
4.139728900
4.075311200
4.079884600
4.067378899
3.720089101
4.039605600
3.994959900
3.795381700
4.065013299
4.114535101
3.867976200
3.760093400
4.223524399
4.087419000
3.473152101
4.095170799
3.504724801
3.822688499
4.095687901
4.075998099
4.135431900
4.107489401
3.716199500
3.984193098
4.047395200
4.079477901
4.018448299
4.028360301
3.520091500
4.131462800
4.071807199
4.087698701
4.055617900
4.099069100
4.103723700
4.109978100
4.040717900
4.028455298
4.229620601
3.931835100
4.099951300
3.703773200
4.008388600
4.058861499
4.087974801
4.058068900
4.001853900
4.025081699
3.548752901
4.115560999
3.354956801
4.014016800
4.007734799
4.063499300
3.744155301
4.010244999
3.486226200
4.710887200
4.147566500
4.063640699
3.386062900
4.010590301
3.708140800
4.039851399
4.057669201
4.165297699
4.058575401
4.127454600
4.039510799
4.048649201
4.039191300
3.716286599
4.079481800
4.012649201
3.459757899
3.766108900
4.075878301
4.108701299
4.201612801
4.068013900
4.083526500
4.051780199
4.195289701
3.956925100
4.068941500
3.756502600
4.111554200
3.679140300
4.112765200
4.071504900
4.055835000
4.023712999
3.973145201
4.067975399
4.064210101
3.868346400
4.139158400
4.001018000
3.270526300
4.033164899
4.207651601
3.389252600
4.096506300
4.052398799
3.792471500
3.714987001
4.032846700
3.992026099
4.067531901
4.083618700
3.994046099
4.295118400
4.131702401
4.053491499
4.069855500
3.873684001
4.241620000
3.808052100
4.135661399
4.441152900
4.069575100
4.312850100
4.093960601
4.139506000
4.079715800
4.033326900
3.473159800
4.032022500
4.039876999
4.144708301
3.377745799
3.518965801
4.151434100
4.083710400
4.193315400
3.479239399
4.081594901
4.055512700
3.760442999
4.028246701
3.831991999
4.107557501
4.059660400
4.001320700
3.429524601
4.063416900
4.151657499
3.982186001
4.084769699
3.732521601
4.055921900
4.123216100
4.084203400
4.033313099
4.123816501
4.043663200
3.750445500
3.223435900
4.023431199
4.039753001
4.171975700
3.498651600
4.099979199
4.043571101
3.498837899
3.762329801
3.788559799
3.284682901
4.160194300
3.452850399
3.468440500
3.385962501
3.472362500
3.175369800
4.163672699
3.742695201
4.105308200
3.743500899
3.877113701
4.049729799
3.954055000
4.053834401
4.035584599
4.106618100
4.078911801
3.803410400
4.104147300
4.095552899
3.531184801
3.785742999
3.760744500
4.061135701
4.146863800
3.781979400
4.022834999
4.321644001
4.123366800
4.063569500
4.097084100
4.102601300
4.061889200
4.405696000
3.266148700
4.187063999
4.027730600
4.051775101
4.089885199
4.029466701
3.883078301
3.476915499
3.404570400
3.293201600
3.221826500
3.879960499
3.959346901
3.525298000
4.101691500
4.039175899
4.050195101
4.038132599
4.047591901
3.503072099
4.075516000
4.061206200
4.134340801
4.059419399
4.077912501
4.047105800
3.801373999
3.448570101
4.111478000
3.440927299
4.131425801
4.116005400
4.131631300
4.107634000
4.024185900
3.805771200
4.060258799
3.468901501
4.134837100
3.801680299
4.386243600
3.800641201
3.425031500
3.771656099
4.088619100
4.189140001
3.804783800
4.115185201
4.116779100
4.059126899
4.101712101
4.014247900
4.212845099
3.873092800
4.154537401
3.451147099
4.044520101
3.959264300
4.080102199
4.087433201
4.045883099
3.752999201
4.139222999
3.980348700
4.080093000
4.037264400
4.083487601
3.706380799
3.839912600
4.010694200
4.039362501
3.984527399
4.023895901
4.100272800
3.995517201
4.052907499
4.096436301
3.884040199
4.091587601
4.187416200
4.133020300
4.105028499
3.627872100
4.418976501
4.211255700
4.096625899
3.783793400
3.936207601
4.218806100
4.098357700
4.078623699
3.555924400
4.072703701
3.845543100
4.049600200
4.076873000
4.125557200
3.843894900
4.096679699
4.167732801
3.563772800
3.777325399
3.560452800
4.115612601
4.075363400
4.218739699
4.075879901
4.083500699
4.072533900
3.793411400
4.398937801
3.798720699
4.162637301
3.517759100
3.757521499
4.058155701
3.279182200
3.760372500
4.132685400
4.083381500
4.027663300
4.055114799
4.071706500
3.577285701
4.177158400
3.802256700
3.792337399
3.298091900
4.059809200
3.240880401
4.061871800
4.110309699
4.047789601
3.851503600
4.109070599
4.170549501
4.203529300
4.085589400
3.801260699
3.768737501
4.059738699
4.054478901
4.137093199
4.095480300
4.000068902
4.050564299
4.116957900
3.779620200
4.119568399
4.035167001
3.653373800
3.804622999
4.151367501
4.102137499
4.112502901
4.103572199
4.183278100
4.107261401
4.646642800
3.773795700
3.994463399
3.265078501
4.103118699
3.518843601
4.142679300
4.134740999
4.267506001
4.135039899
3.822990601
3.322420800
4.110666899
4.111458401
4.086384300
3.447188600
4.067041399
4.196651800
4.032981600
4.224751401
4.062123400
4.195371200
3.521640100
3.213261199
4.141388901
3.801765599
4.071196200
4.060943001
3.826893899
3.509830901
3.479155999
4.195719800
4.109961900
4.067618601
4.029446299
3.254438600
4.139626000
4.055773300
3.784032501
4.085252800
4.074374000
3.686907300
3.664561400
3.804250100
3.759365899
4.139326501
3.626102600
4.115351700
4.027483699
4.170705200
4.128956101
3.585250100
4.115572100
3.373869800
4.111518999
3.494652601
4.096892701
3.157792699
4.030098400
4.004985200
4.058705600
4.852279800
4.075373300
4.019493600
4.086905500
3.761980900
4.080907400
4.073896299
4.019829300
3.801567401
4.019745800
4.226559800
4.205434500
4.095569700
4.033199900
4.049073899
4.154128001
4.751585400
4.270285399
4.117796501
4.123837400
4.052829200
4.025657899
4.065340201
3.735258199
4.081290800
3.496623501
3.475135500
4.047632699
4.046725201
4.031865600
3.820684199
3.710859201
4.045330700
4.054769199
4.054802100
4.113852601
4.049769099
4.033653800
4.078439200
3.831066101
3.566534700
4.069972400
4.039851399
3.381168101
3.751610200
3.770147400
4.085813699
4.114867101
3.722255100
3.781747300
4.089200699
4.018324301
3.722554099
4.130660501
3.824089400
4.022787900
4.170192499
3.168159100
4.055753601
4.020364100
4.085956600
4.113485399
4.079491101
4.019479800
4.006243699
4.083978401
3.562179500
3.999821099
4.023803701
3.663520400
4.053883199
3.851392901
3.473249700
3.713888201
3.768395800
3.486807700
4.020657400
4.144899100
3.508947999
3.786214801
3.681297500
3.942286600
3.829427799
4.051755901
3.801357900
4.002572499
3.769399001
3.864485300
3.782172999
3.535812701
4.020312300
4.171278099
4.759049201
4.175035999
3.434665400
3.772468901
4.023601499
4.158180900
4.088726500
4.019721101
4.101734300
3.476871500
4.013237799
3.904426300
3.764491201
3.431876799
3.435123001
3.463939300
4.089134700
4.003530199
3.482468900
4.038118601
4.103690800
3.479967799
4.133074201
4.165738700
3.729951500
4.043801500
4.015171100
3.812821199
3.740240401
3.724761799
3.451597401
3.722395099
4.109206500
4.063647201
3.424250499
4.072432201
3.723061799
4.145730000
4.006818701
4.116262399
3.987807901
3.527134299
4.037390101
3.484977000
4.027697599
3.806033101
4.080975100
4.188146799
4.217366501
4.137750099
4.061424601
4.065271800
3.709854700
4.209256900
4.015632900
4.079455299
3.719845300
3.741893401
4.564561799
3.799914201
3.497897600
3.436603900
3.825445600
4.229037899
4.036184701
4.075156999
3.835934500
3.774907801
3.432913500
4.101484700
3.696303799
3.758814900
3.801701002
3.781031099
3.832421199
4.074974801
4.298767299
4.058208601
4.108462399
3.849840900
4.051899401
4.011631400
4.045587900
3.452092300
4.117498000
4.114930800
3.441571499
4.027931900
4.172258101
4.085599900
3.408811400
4.015822700
3.712358900
4.102748300
4.210104800
4.013056999
3.424929101
3.389116999
3.215989000
4.113632101
3.716007100
4.075343800
4.026387100
4.083334500
3.869904799
4.091540201
3.985727700
3.720926499
4.079587501
4.086123800
3.999439000
3.710819800
4.005078200
4.012447499
4.133437501
4.068095000
4.074950500
4.047819099
4.205741901
4.089754999
4.157761501
4.043152000
4.060603599
3.460939301
3.571325700
3.531734399
4.163911601
3.741053599
4.113662601
3.988313200
3.723842500
4.096895400
4.030392600
4.118143999
4.018666101
4.036250100
4.072262400
4.011161000
4.393041600
4.068280399
3.747594001
4.061081999
4.114213801
4.086471800
4.149903801
4.120301801
4.096309400
4.078100500
4.189522300
4.008557999
4.074773201
4.049025799
4.523251001
4.187217100
4.070845799
3.766533001
4.093791300
4.022562299
4.113702601
4.033613700
4.065761600
3.800888300
4.125583899
3.447822800
4.040850901
4.044133400
3.780258099
4.082153201
4.080988199
3.706837800
3.493302001
3.468955400
3.585882200
3.721536500
4.091953200
4.122413100
4.100431099
4.118479701
3.772465299
4.102163700
4.131544201
4.092967000
3.702731200
3.498952999
4.058013300
4.197710700
3.826101900
4.152164200
4.158275401
4.064525600
4.145199500
3.821676200
4.054231900
3.548367799
4.065127600
3.775437900
