.345041300
.377433800
.375963400
.351099300
.387722599
.357451300
.356379400
.360539700
.384703801
.452150800
.330934200
.398948200
.323962199
.395307300
.342350900
.285098000
.445128600
.340692700
.371826900
.361418300
.370796399
.387070000
.372686200
.357224700
.416693801
.357038200
.340840800
.375932400
.392071600
.355240500
.371147500
.357239600
.356132000
.379176500
.393852700
.367078000
.402356400
.371176200
.350413500
.357891600
.404589700
.434806200
.336459900
.345429099
.355012700
.363412900
.371144500
.321156500
.428682501
.359111000
.335653200
.333532200
.383393399
.313750100
.406690000
.323485301
.362958199
.332380200
.360098200
.361349600
.466800601
.366939600
.345086600
.345962400
.370669400
.380482600
.360388400
.322874400
.376573800
.355181000
.362664100
.331049600
.358810700
.395175500
.397069000
.348854100
.373771199
.362554000
.344093600
.369434502
.330963500
.341847900
.393487900
.332525500
.354988000
.340652900
.375027500
.380773500
.375255200
.360705400
.370201900
.363953900
.337414100
.333476900
.343325800
.328442500
.374488700
.352490699
.352759400
.337810000
.334815600
.373634001
.370917100
.352334500
.334004400
.370091500
.399377000
.323927000
.364935500
.341948300
.380321600
.354957000
.324888300
.335851800
.380308599
.349373700
.345914100
.373340700
.360004400
.359929900
.335028000
.341738800
.344297999
.387158000
.338082000
.346917700
.352334601
.364913500
.342162400
.348111400
.368538800
.333132700
.382035000
.352773600
.358007400
.357796800
.357031400
.334357900
.354601000
.336981700
.395562900
.342320300
.349685100
.324136900
.352369900
.361843600
.319695400
.371263400
.347610300
.353201600
.322769000
.339152699
.331230000
.388254600
.329440700
.360042801
.381206200
.329659300
.324691200
.341689700
.364044899
.380376400
.358119900
.378374600
.345167301
.336381000
.356844400
.341230600
.403202600
.335217700
.347043700
.352931200
.350490700
.329581500
.346732300
.332861600
.343942200
.339122999
.359729700
.325216600
.335522300
.340524600
.354900500
.355072700
.346659200
.317471600
.341173200
.322276300
.347304200
.338448500
.351419499
.361846200
.373020400
.331799700
.328229101
.353712500
.308434300
.379048800
.338972500
.374558300
.340727700
.352591300
.364771100
.378236800
.345370100
.349061000
.372937900
.404297300
.345847100
.347642200
.330037900
.357615200
.342845000
.358902500
.335857000
.370970899
.359971700
.338766400
.357277000
.380734600
.375655500
.342671100
.344849100
.332125101
.363218800
.352899800
.361072600
.356413000
.352753400
.365310000
.349097000
.340311500
.336887200
.340397100
.335232700
.365147499
.380489802
.371627800
.340199100
.331983900
.387033600
.372695800
.339665200
.313752400
.467567999
.368316100
.363610600
.345027700
.364695900
.336587300
.347917500
.335045600
.380093701
.333576900
.365925800
.345942900
.350587801
.311185599
.381308600
.349386400
.379981000
.350053900
.411652400
.330258900
.364181799
.365127401
.352065800
.355281700
.330586299
.368649100
.336489300
.336370400
.339276200
.307396599
.351761800
.361888300
.331766100
.402711800
.364321700
.343492000
.327821900
.343451001
.355911499
.360153500
.347946300
.338942202
.375369799
.356806800
.358218100
.316374800
.560700700
.381389700
.356740101
.337581199
.401652900
.343264800
.339275400
.360878400
.356253000
.331857000
.348966500
.336473200
.364086299
.361096700
.349611700
.410473000
.336197801
.365521400
.343546300
.328328500
.386789999
.347100400
.542903500
.436620301
.355110499
.331031600
.328040100
.350183000
.344367200
.313659900
.364157700
.341349300
.327609000
.325539100
.389276100
.311954700
.363067700
.300511300
.356806000
.344574800
.356073900
.500876499
.370873500
.381482800
.331587602
.387658500
.351082700
.332908100
.350632600
.378512199
.329240600
.316825600
.340877900
.361290301
.384160500
.347508100
.439187400
.374013200
.364798900
.356113800
.352371300
.337028200
.344497100
.440444100
.363737900
.326987900
.357645800
.353870300
.339207800
.373409100
.343444100
.361743000
.347628900
.329339100
.344602500
.340694900
.343710400
.351913700
.380772300
.337995300
.334802400
.353247900
.335814100
.373800400
.370904501
.330549601
.385357100
.365985300
.338119699
.340914701
.355103400
.456589500
.340657800
.332495200
.345506800
.328238900
.366576800
.341866100
.356205400
.384752000
.343485000
.348527600
.383347800
.370172300
.315625700
.352742399
.338525900
.364086200
.388414800
.355016100
.326160100
.392406100
.334192700
.331693900
.385945100
.325156001
.396364500
.331092000
.333189400
.363064399
.398797600
.353628400
.357962800
.337469001
.396608800
.352668099
.380580000
.383445801
.360688100
.349503800
.340926000
.311985601
.401523301
.318978000
.354005400
.319333700
.373271700
.535671400
.371778400
.331152000
.339337000
.363602000
.347415000
.335682400
.390322800
.327826700
.357274500
.355913100
.356579600
.319163800
.352165200
.336043300
.367456900
.354495000
.343593400
.370018600
.376272300
.359367200
.336601300
.351124300
.354723000
.336640800
.365624400
.313954400
.347641899
.375579401
.354331500
.347994500
.329750300
.357702999
.331476900
.376614500
.327653000
.357522001
.337538300
.403403600
.314217600
.371394600
.320421800
.370017200
.341150100
.354347001
.358114800
.529505000
.327994600
.385869300
.436120200
.359029100
.333360700
.380495100
.335223600
.342074000
.328146300
.341636400
.341494900
.358522800
.313787900
.344374700
.350996600
.325642100
.326710500
.370179900
.365421699
.387498000
.354764000
.334815300
.298123701
.355277400
.353926700
.319564700
.372588901
.369918900
.306650900
.342838300
.347331300
.336048600
.377260700
.377414900
.354991000
.402586800
.331766000
.319579000
.362883800
.355335300
.360133400
.356627400
.375705600
.347350200
.342087200
.355241300
.336749999
.358368601
.372872500
.351344400
.349923600
.309593200
.346518600
.362059400
.342651700
.391669100
.388990199
.374041300
.347753900
.347814800
.361862200
.387706600
.324084600
.364439100
.362949201
.316737100
.336343200
.341702500
.342759600
.350126599
.363364200
.361481400
.369381501
.355819400
.327720800
.350508600
.364200800
.394454600
.344127899
.315287800
.362840300
.332599801
.356974900
.374750400
.376907800
.336435999
.386271500
.345836800
.337896600
.364612701
.363943900
.360867000
.347425700
.349512000
.346245000
.365715100
.341364200
.343367800
.350150500
.343785700
.357289300
.343147300
.378169599
.330826400
.360792300
.341364600
.357262001
.318031000
.356439700
.351371300
.336123800
.348943600
.348389900
.356497700
.389083300
.343131100
.353505200
.324524900
.371815600
.364817399
.364549400
.346342000
.339268600
.349864101
.336437400
.354463000
.343865400
.352119800
.370959700
.378072800
.335068099
.322533201
.345080500
.352129600
.343106899
.345503502
.345655100
.554860400
.400562800
.372955399
.371048100
.380848700
.374831800
.352754101
.362023100
.358238700
.342121700
.396237600
.387808900
.424274800
.316282300
.386667800
.399515700
.360250600
.352222400
.384511899
.359110300
.325438300
.344050700
.337017601
.345725100
.394397900
.358536300
.400869400
.323278100
.344429600
.334257000
.358441400
.349825100
.369796600
.365694700
.339713299
.345781901
.337294200
.342896700
.396917200
.437496700
.494816000
.370535000
1.689016399
1.410407401
.372734499
.385627300
.379312600
.348963400
.366299000
.361875600
.372651601
.320635900
.377745900
.381809600
.347791600
.362606700
.410429000
.338824200
.380122300
.353664000
.328312000
.343032400
.361594500
.354352100
.345253500
.323233000
.391407900
.333327600
.334822700
.363240700
.325611400
.370415400
.348559600
.340171099
.365260400
.329253100
.366945400
.349903900
.356082300
.381755200
.351741200
.419863601
.345866000
.496104700
.349199300
.368457500
.530681400
.349194700
.317379000
.370390000
.375969600
.368514500
.338887299
.350665101
.356144400
.364255900
.329652300
.362215799
.352550900
.347758001
.367914200
.401990699
.307332000
.356863400
.401895101
.386734200
.382643200
.332720000
.334204300
.345619900
.370162800
.328964700
.361369800
.354320700
.347391300
.345786800
.337212100
.374882401
.347159500
.360971200
.311757800
.343456900
.337254800
.333572200
.383390100
.343439900
.367001800
.385949900
.434178900
.393288300
.341352100
.345808100
.324528300
.343673800
.348263800
.372610100
.342437100
.329938200
.377073499
.346545100
.382900300
.366948300
.333175501
.399435200
.334063500
.370901300
.330736800
.363938400
.352923400
.361821500
.332655600
.342345299
.342502100
.354848500
.385328600
.346687201
.351824700
.345831700
.309503700
.404888599
.340179200
.336051200
.348286700
.369616101
.353077200
.372213900
.358259200
.341707401
.347046599
.364420000
.344159100
.343459300
.338170901
.353173100
.445759200
.317605400
.339770600
.350719700
.334965500
.331129600
.338177899
.361556800
.360555400
.346363300
.367719101
.384795200
.380653200
.328087900
.355240201
.364138600
.338557500
.342182500
.330194600
.344385199
.393603900
.352841200
.351449702
.380756499
.342367700
.358840800
.332093000
.344873100
.402283300
.333840500
.310036600
.407890401
.319346400
.372933300
.402855300
.388994500
.352668000
.359358700
.345055100
.337312600
.348214700
.359669200
.350299000
.372777000
.313593500
.348687600
.347374800
.355211900
.350020300
.370800000
.344499200
.372168800
.346877800
.337157500
.383227900
.370673300
.350050699
.424753200
.378788600
.335811400
.349621901
.369889000
.346659000
.337890300
.373267600
.324758300
.357465100
.347815000
.309117300
.366421000
.335380700
.355705800
.319753800
.369260700
.351903100
.356447500
.341076500
.361745500
.367152100
.379990900
.342426900
.349305200
.379768800
.353936300
.329923200
.374895100
.376562400
.402232000
.317188800
.349802400
.362176800
.362855600
.363228400
.350915000
.384942800
.361268701
.357364600
.351988000
.362496900
.383127100
.355584800
.346425300
.362378900
.350428200
.356320700
.366092700
.362053200
.360449300
.370586400
.342361000
.324262499
.368641500
.364001600
.350857400
.390681901
.354730900
.354253500
.340875300
.400902900
.354130900
.353640500
.346409000
.463618400
.364080000
.324109700
.367908600
.380041900
.365240400
.339908200
.348373500
.348248600
.356763500
.353104800
.343339700
.345616901
.362935700
.356585700
.336805301
.321082299
.364281901
.375177100
.354755200
.304286800
.355961200
.368595300
.352763300
.316471200
.393368900
.409735500
.386999800
.348388900
.359015999
.334515800
.346251100
.342536800
.349091201
.347433700
.361113600
.341820600
.349882001
.410711400
.348457500
.358012900
.339615401
.355728599
.344821500
.338866000
.348499800
.353833500
.331440900
.363479800
.365340100
.349511600
.330459600
.356061600
.371748700
.349876300
.378809400
.371005200
.355479600
.363132700
.345415200
.363849700
.408465800
.360195000
.373131200
.373037300
.321179100
.341097500
.391294400
.341620600
.352124600
.321293900
.335122000
.362390200
.337257900
.370635500
.343336499
.459082800
.396044000
.370735001
.349779000
.337412200
.332608600
.330503200
.389276500
.354970900
.366925600
.375626300
.355889000
.349861900
.356197700
.344332200
.457321200
.361298700
