.421656300
.461996000
.393776501
.421750000
.481222300
.403072900
.430603400
.486531100
.407502600
.401420400
.441505500
.436913700
.449371600
.427799300
.411233500
.441212600
.377166200
.458135699
.441039800
.412551800
.436332301
.365168800
.404160500
.394687600
.506358200
.414452800
.426341800
.381356300
.401822400
.408729500
.457250100
.341452999
.463172200
.430295700
.383962802
.386882500
.576830900
.387484800
.421134100
.393738700
.420461100
.370542900
.483406999
.356917600
.410170900
.377309801
.382690800
.400463600
.385173300
.474660400
.382893100
.386801200
.425744600
.402111200
.418286000
.395982100
.429504900
.412414100
.385121900
.391702400
.427520500
.367565100
.372389500
.411553099
.399924701
.355644100
.382159100
.368617800
.414873899
.384374200
.413993500
.386905300
.432917800
.418459500
.421340700
.440040300
.377722700
.387833600
.425002600
.412068600
.395662900
.420671400
.432109700
.394013300
.386121100
.389043500
.368085900
.411463500
.393623200
.381031000
.469728600
.436709400
.386306500
.424288200
.356500400
.351664700
.435726200
.422451000
.433743800
.349444500
.405505901
.397515100
.396655900
.365587400
.373256500
.440182000
.423143200
.440423000
.402722199
.403047600
.378235400
.328462500
.404314201
.372965000
.411264100
.378802200
.384395701
.461613500
.401959200
.431249400
.460643800
.388211500
.413841099
.405044200
.418135800
.387334500
.383263401
.407411800
.366882400
.374754100
.409590000
.373697300
.393112200
.404768400
.404715699
.399272600
.406384300
.417400701
.416593099
.370674300
.381103500
.369582900
.410682500
.394663300
.399824500
.388541499
.389314700
.401047000
.382211200
.428831001
.393137700
.391507000
.468814700
.517866300
.378740700
.367024400
.407060000
.420472500
.390705800
.374853400
.388466400
.391560200
.383898600
.436688500
.380649000
.410454600
.350440500
.377723499
.416179000
.367641100
.407330600
.399529600
.420366500
.381705500
.370968001
.414677300
.403750200
.373866500
.388280300
.376255600
.405117300
.403091000
.399468000
.416102600
.372264300
.362721400
.504338500
.391472500
.367745600
.355684301
.380371100
.389409600
.369249300
.393876100
.381602000
.398405300
.417047900
.381914100
.403318300
.470083400
.375295200
.484966900
.365734900
.385006300
.396038700
.392134800
.376955300
.369694100
.371841200
.433547900
.420704300
.386672100
.388611901
.399900300
.384572601
.363994500
.376599799
.360375600
.359695500
.423729300
.400006200
.432994200
.373748300
.378329099
.376186100
.406737300
.424705100
.353943399
.461630600
.400310000
.403837600
.444421001
.414471100
.374632600
.428867000
.389608900
.379238500
.398611300
.369056600
.388124500
.507103200
.390182099
.389030001
.422787900
.377726200
.393892600
.404263700
.393021000
.375702000
.412514400
.451194500
.392867300
.422457099
.393181301
.417558000
.363726900
.431431000
.411288400
.416286400
.381054000
.388310400
.403435100
.380612400
.339134800
.403292099
.400899500
.368080100
.376696300
.413847901
.377997600
.407483300
.414920600
.392292200
.393820800
.350643600
.401410100
.372064400
.382736500
.389476800
.405039300
.382844199
.474826400
.405914300
.418645401
.399569300
.375396900
.439548800
.404381700
.395683900
.376625600
.435930600
.386036800
.410732200
.352221600
.375441400
.399325800
.406355900
.399003099
.367725098
.391677800
.368030400
.395155401
.408885600
.361822800
.401361500
.404150700
.404224200
.409813000
.390440500
.422701100
.374632000
.391060200
.403970300
.367032600
.396026800
.368082500
.377846501
.384240500
.361169200
.377386900
.390905701
.417439500
.384453200
.436315000
.398109499
.444021301
.372069499
.385334200
.422722201
.379175500
.386751200
.390186500
.394146000
.386728900
.414599300
.341218700
.399202000
.396686400
.388676900
.426446399
.385382500
.382125000
.367242500
.382882700
.417050100
.377499300
.392292700
.408130601
.352569300
.359188800
.398034901
.386432100
.396555000
.363409899
.418160301
.341881800
.354061100
.378817500
.374063100
.398663700
.379625400
.393925500
.401483299
.406863900
.371393700
.402621900
.416623600
.411864300
.394899801
.378960299
.402945101
.374352000
.394253200
.407051800
.436465300
.393707500
.360209500
.366630900
.448683100
.367272100
.378067100
.342230099
.382117600
.382546500
.378190000
.378842200
.454001600
.393357000
.422615701
.400289300
.387831700
.390090400
.397913200
.388236900
.345602000
.369446300
.406189000
.418838000
.388841900
.396726100
.395892000
.406871600
.382065800
.388736601
.396467201
.366649100
.577708700
.380861599
.413659600
.399799000
.381803600
.425700401
.547653500
.346330300
.440942300
.409019200
.406341600
.423258200
.402405400
.398062599
.385247300
.392210101
.372730301
.392167500
.409116099
.422801100
.427586900
.378740100
.386353700
.356396500
.371860700
.393665899
.369976500
.391141301
.392099000
.404250800
.367841500
.379822299
.410472600
.390588900
.434936401
.381413400
.381407100
.395642700
.370898900
.356209400
.392611400
.430869000
.417114800
.406638900
.396294000
.380022600
.364346500
.371591900
.391784400
.378473600
.503575300
.475390000
.491672700
.593428001
1.172664000
2.235110900
.416651299
.415891001
.452293599
.465220501
.419957599
.533344801
.393592800
.400425600
.402575200
.392443900
.384731800
.433911800
.378277100
.409283400
.379897600
.395955300
.414021100
.516322700
.445726399
.369424300
.421839200
.379737600
.420156100
.404025600
.416546400
.359832300
.359596900
.408230500
.386083100
.365147101
.429595200
.402648900
.365694400
.388126899
.403822300
.391119200
.405257900
.381224101
.418995000
.390803700
.381240301
.378190600
.424414300
.398172800
.440960400
.367125999
.366590100
.399613200
.407446901
.444145600
.335347700
.390970100
.380188400
.378808101
.356315999
.391888200
.369786099
.423995000
.468252400
.378393900
.452967000
.387216700
.450215900
.374478401
.392741400
.362245200
.373699100
.385268800
.553940400
.394920700
.431368300
.371571700
.430052600
.377040100
.417415099
.437643000
.378675100
.363058400
.457022600
.510430400
.400081900
.421421101
.437841300
.386412000
.391679100
.392704500
.406736000
.368042000
.391161099
.390167500
.383107900
.349642900
.421321701
.409726600
.420938600
.359383900
.416713200
.386468100
.492147100
.438486499
.404565800
.418218200
.384292100
.422150301
.375897600
.415643100
.387088700
.440752100
.395198200
.422763400
.397002700
.415199000
.441366000
.377867700
.462166799
.384036500
.389293800
.355478001
.393237100
.400394900
.321734000
.395791700
.403331100
.370467700
.383460100
.420565000
.412190000
.358350700
.382557001
.418574399
.433763100
.366962200
.380041302
.391673701
.382343200
.420511000
.430560000
.396425600
.361649000
.384248400
.407587099
.387772400
.393722300
.392413400
.413694301
.391888000
.374989700
.394995300
.408271800
.434372400
.394855100
.355355300
.395605900
.423219800
.377351700
.377873700
.431274400
.389712300
.378978799
.423715101
.401847600
.368151199
.389714901
.392268400
.370691200
.388381000
.392334300
.373085300
.412110500
.377002800
.442803900
.416837100
.375773700
.404598800
.415881400
.408768800
.365009799
.386815801
.376493200
.363006299
.507855800
.389875301
.358849400
.417528300
.368252100
.387085600
.428739400
.379307300
.426121800
.346165000
.400637300
.448144000
.378467300
.386896200
.418283400
.356875000
.434239000
.399349200
.403198900
.386441900
.403566900
.421717300
.395726100
.358861900
.413222600
.365319100
.355446500
.423868001
.403643300
.422563400
.378785300
.379636399
.412116400
.387145100
.414450800
.348827101
.390281100
.370768200
.365645600
.401273100
.413701900
.639807600
.423117800
.419161200
.375331500
.421164800
.397058600
.416981400
.366521900
.403764900
.374251500
.380586700
.383317300
.421073399
.446365900
.347251300
.425851101
.412369200
.392466500
.418447900
.358455200
.396426800
.374692800
.385981200
.412635600
.407285800
.398038300
.328949200
.382237599
.395771600
.379138900
.370661000
.441024201
.388846700
.364947200
.378163301
.377509100
.369405800
.407048200
.411546100
.421382600
.389095600
.382277300
.408105200
.426271900
.413242000
.387183500
.403736600
.388493600
.374803300
.390121800
.416557200
.395742600
.432267900
.399720400
.406747700
.412391500
.352413800
.368577099
.396168300
.382159300
.344577900
.405477901
.393862300
.375911800
.399979200
.375048599
.396558800
.377842200
.346433600
.439062300
.373145200
.488101000
.452109999
.418613100
.380690900
.390704001
.396426699
.419617900
.365553400
.374854500
.421533800
.398726700
.555587200
.417200900
.364376400
.381280000
.378667401
.360612499
.414303300
.395473900
.478986800
.371444900
.411742500
.382157000
.427365701
.432597000
.364734800
.361884400
.380462100
.382424000
.413379700
.410572600
.387649600
.422960200
.379567600
.394551500
.404665100
.364299500
.451248100
.388167400
.392049100
.375302800
.433726200
.428214100
.420272499
.455127201
.386774099
.395419200
.390429300
.356716700
.422879001
.412792200
.431600100
.422697800
.424318000
.343913400
.382505200
.404783000
.393856400
.382698600
.384285200
.419943599
.404065500
.400752400
.421886601
.416492400
.382574200
.395781700
.418448200
.416249600
.375174400
.364346700
.409347499
.391002600
.396610100
.383608300
.438575901
.377599400
.412127800
.362720999
.391310400
.426060400
.388187000
.416246901
.386234300
.378629800
.395611700
.416726099
.390244300
.317738500
.449311801
.391069399
.358443200
.369563800
.432296700
.369118100
.394172200
.371096900
.407929300
.425621600
.408207200
.389711900
.503160099
.434022000
.376612800
.396010601
.385780700
.423449800
.383528200
.373713200
.395453600
.372841700
.377854400
.359972799
.389802000
.358730000
.359048700
.365489300
.389838800
.373827000
.392315300
.414999201
.393658499
.392248600
.374658102
.380622900
.423625400
.346773000
.401731100
.388747000
.448254800
.405829000
.383481600
.415408900
.403158800
.386443799
.390320001
.415612600
.395712400
.438398400
.434881799
.442088001
.410863300
.429586500
.399165000
.386118200
.418974500
.467879500
.390162800
.400706799
.396092901
.394541100
.411086200
.384246900
.418353900
.427433600
.388694600
.365183000
.418239299
.431305700
.359500201
.431853800
.417646900
.340090000
.363970200
.383929400
.375004400
.380291100
.387619200
.393370399
.402791200
.401614200
.364172301
.395470499
.399848200
.489851000
.400825000
.373858400
.359564999
.396284901
.415559499
.400289700
.371552900
.424681702
.375420300
.438378500
.385548300
.395999199
.416778700
.398512900
.380831000
.388852000
.403256400
.378881800
.382302200
.427814601
.406527100
.406895500
.344493600
.402189300
.377772300
.349122200
.367897900
.406549800
.403363800
.417555600
.433062400
.368261200
.321728400
.380510100
.437045500
.441755200
.397079500
.381983799
.379797101
.386288500
.430960000
.444981200
.418630200
.375885600
.375951500
.414359599
.417063400
.372204300
.369279700
.479152601
.376561500
.382577800
.402040100
.393879800
.391232000
.358265400
.369037300
.604637700
.378886500
.435890400
.387116299
.439671100
.360518500
.402459700
.418995100
.388000300
.398409400
.448760000
.400113400
.383916300
.339537101
