.468726400
.457633900
.455958400
.466998800
.478283000
.488695100
.489271099
.454678100
.382622900
.439406101
.394977100
.459150900
.382387400
.445758598
.455346100
.437660600
.532601301
.486478600
.474200600
.534193200
.410246800
.605586899
.483098901
.461148700
.842313300
.462022300
.469251400
.438740000
.506863900
.549354700
.391896100
.460447700
.396587500
.456573200
.460812199
.494637900
.487739800
.467092400
.488516700
.482404800
.465278801
.435973200
.382232100
.452464700
.383461200
.487542500
.463565400
.405621899
.465225900
.487916000
.461545801
.443350700
.521127300
.475273300
.485289600
.430445600
.444892000
.463519100
.457344200
.573334100
.466159100
.468439700
.448574100
.478504300
.403621500
.457760999
.607012701
.503986800
.397421000
.487088200
.456463200
.407424500
.459818800
.431572000
.471905400
.453808900
.435163000
.443509700
.473278000
.454065300
.502813600
.423707600
.510209899
.393802400
.497096000
.381822501
.455261400
.387834400
.444763700
.464438900
.462217800
.434477600
.473009600
.385140900
.625467700
.486039000
.441733400
.446342400
.446651100
.499887000
.441316500
.429337900
.438924500
.480962100
.430458500
.400231299
.479156000
.429723900
.477257901
.444478200
.472673600
.457022200
.492532000
.450830300
.429570900
.478307600
.462044100
.422976800
.454188200
.462096000
.454621800
.484164599
.461262200
.477391300
.479282201
.917898000
.506596800
.716821000
.492859999
.810927200
.674484500
.458795201
.475068400
.467799500
.468785399
.494516000
.460600600
.457378001
.412928400
.433425400
.459509400
.508180099
.457110800
.413925200
.505304901
.475712400
.443307800
.412378900
.480590000
.463213100
.454168000
.454750400
.490375500
.453504900
.442216900
.443304600
.466993700
.408315800
.612705600
.385032700
.449336999
.382813701
.605356600
.470123699
.409988801
.473052100
.458275400
.382996600
.468989199
.382519801
.460353800
.480471200
.429599400
.588386600
.501981200
.476778899
.496706501
.461234900
.455751500
.432608499
.472795300
.386204900
.413355901
.507878700
.486315600
.413218700
.387741800
.477686399
.434583900
.406069200
.452337600
.374940700
.445295301
.475263100
.462594200
.478908300
.474161599
.453253300
.423230400
.467503600
.465824900
.440677100
.462096900
.441220500
.436166500
.463599501
.468829700
.433465600
.415482200
.472483399
.439782800
.434530500
.443840101
.412790500
.466337000
.451746700
.466594400
.467992700
.453567500
.465513800
.467015800
.419087300
.491508699
.481928000
.468898700
.503307401
.472228900
.455031700
.452108100
.541050100
.388357200
.398005100
.475070300
.458597000
.451415000
.374830500
.441099500
.491091200
.458983900
.491573900
.451885400
.460922499
.478402200
.433742800
.426956501
.476164900
.386897200
.466639800
.392577700
.481129300
.427917100
.418230400
.444125900
.389857200
.428546000
.413649399
.451351200
.464709100
.373815900
.490508600
.447121700
.475786000
.463203500
.462068400
.426270600
.490132200
.458167400
.515805300
.386470501
.451455700
.440598400
.476811300
.457494300
.414922500
.472991200
.451929500
.515428200
.424620999
.369191500
.461678400
.425802700
.453951301
.493787800
.459948100
.426700800
.487301200
.450988600
.439444200
.463995301
.462747800
.382331100
.459911600
.388629400
.423445500
.464913200
.476653200
.438004200
.420746300
.499753500
.463369100
.423053100
.411815599
.395594400
.450837100
.513335201
.457261300
.458056000
.487888500
.458190200
.459994100
.431358300
.471937200
.443463100
.431484400
.463126999
.439121100
.453238000
.448303801
.479816200
.437744200
.422807800
.474264000
.440647600
.378832600
.433604100
.402789500
.463782400
.422069800
.551128600
.449920300
.465486700
.479471400
.455420899
.423260400
.520847100
.385569700
.451580500
.396318800
.439594600
.427122600
.482342601
.474475400
.460522500
.621321600
.394166200
.463305500
.459817900
.380656899
.463579400
.419568100
.472081401
.522817800
.458315700
.428235000
.468821100
.445839100
.417557200
.468811299
.488765800
.455543700
.475338900
.452887400
.484774100
.486116201
.446160200
.468781600
.443742600
.471314200
.457556800
.445771500
.445961500
.452297400
.451002800
.523457900
.474308800
.455584500
.467548100
.452281299
.432521400
.388853101
.460396100
.380232900
.430812700
.513467000
.524524399
.462123002
.425494000
.489619900
.419345100
.389928199
.467406900
.376256700
.459870401
.491305100
.455162800
.538803700
.500875399
.460577300
.472084601
.460308200
.474711500
.429322600
.516747800
.435962000
.453446700
.536986899
.439314600
.462003000
.486395301
.484284700
.423634499
.402760301
.446189200
.384385300
.463453200
.467288499
.460615400
.441849900
.484307600
.439665000
.487156400
.437970600
.459598200
.379138099
.464557200
.380666200
.455010500
.376258299
.451399801
.481985300
.473814600
.379606100
.455778200
.428662300
.424219600
.449331600
.412120300
.446278000
.435220800
.548336000
.453354899
.428250101
.498765600
.460270800
.412023500
.506675800
.433518800
.391314299
.472896900
.372058800
.444424700
.638634000
.472569200
.492864300
.451708701
.474348800
.433038300
.422084300
.494758900
.386359300
.432177601
.478332299
.443978500
.502609500
.443115701
.448278500
.447654299
.424587000
.376655200
.452866900
.368193501
.439044399
.416940200
.465336600
.425393401
.496792700
.414547799
.452236100
.503126701
.445139000
.420959799
.524576300
.445670800
.469969200
.476447799
.478180900
.458410500
.587843901
.460102500
.462867500
.539214099
.442958600
.416059200
.451529800
.469712400
.475954800
.413774801
.477389800
.448430700
.452823000
.476690199
.675511300
.389939502
.472996900
.438114500
.447712400
.502509599
.463575800
.423890800
.483852802
.487386099
.420596999
.452901300
.471262600
.423054400
.369545100
.487940000
.493529600
.388444600
.508451300
.445817700
.433990799
.574206499
.444339400
.374690600
.444541601
.469789200
.478425800
.439541500
.477431600
.461978100
.464254900
.487796000
.451094900
.389939600
.455808000
.372213000
.451677600
.485328199
.477190200
.458064600
.397281301
.478608399
.505235200
.412344100
.476229000
.390338100
.467230300
.462175400
.481775900
.522653100
.431204200
.470264900
.464229500
.458824201
.472351299
.449805300
.463669800
.554751600
.459184900
.460126200
.615737701
.469897300
.446200000
.556549798
.450058800
.388554100
.488063401
.391592500
.423001300
.445834600
.473487700
.461967800
.418439000
.455469601
.477274900
.475280700
.474360200
.479452800
.414329100
.373675699
.501317800
.424044500
.417981101
.500495000
.413124300
.458198300
.467345200
.384786200
.418848800
.440468799
.460942400
.462419400
.762459901
.452434600
.462181600
.459074000
.544243000
.503706200
.485761500
.392736400
.441455200
.404307100
.442256400
.394242700
.444562000
.481276900
.382551300
.459795300
.408320199
.477463400
.448447600
.421747601
.489003799
.466557300
.414783100
.508682800
.474125200
.420052600
.542452600
.504002000
.423442900
.534343999
.474715100
.423212800
.373879901
.448743200
.465218900
.549900000
.401096900
.446714100
.477896400
.464616299
.508992200
.470002100
.489744401
.464131700
.438091900
.484922400
.437492200
.436746400
.419500700
.475368100
.451632100
.437528501
.401465100
.435193500
.380085600
.417698500
.512293300
.462187600
.439219900
.432018300
.503085300
.459478001
.473311900
.380457100
.422641400
.486550400
.470377400
.435887300
.478025700
.460566600
.446022800
.731200500
.459005200
.390026800
.459954000
.392866500
.439177300
.414778300
.467667599
.441744500
.413621100
.450089201
.470466600
.404655299
.453091601
.380586000
.456122500
.439299200
.483400600
.481866899
.455815700
.492183801
.403726800
.454783600
.454059300
.474579000
.451612600
.376931099
.514231701
.391901300
.485912100
.464949099
.489807200
.467907500
.422858900
.432732500
.500654500
.441363400
.389704100
.467120800
.457965400
.542878699
.431980100
.440828500
.493667200
.486809200
.438714400
.540702000
.402190500
.470712100
.388458199
.471645600
.429054200
.456559601
.547102999
.486468400
.444022701
.495150799
.389372800
.390302600
.493508400
.477573600
.450291000
.437716500
.468666900
.503537400
.458350899
.478303200
.462098700
.418252401
.480431601
.393565200
.440019500
.408805999
.497726500
.478698600
.411660101
.521082600
.399571800
.433142100
.465541100
.492651900
.435743701
.468512299
.490410500
.475640800
.486338400
.519854100
.507136702
.486484300
.459788500
.412150400
.479216399
.383984500
.453597900
.379897100
.468496700
.438969800
.416092600
.513779700
.455768800
.386853700
.486090900
.400109200
.460748900
.451636700
.483022200
.487103600
.473672800
.484171300
.491789699
.506114401
.552155399
.576106400
.955315201
.469890100
.635702400
.712045300
.725553800
.521247400
.545711100
.726930700
.470020100
.908651300
.709387900
.712404100
.485081900
.681420700
.650281400
.533286500
.587243700
.512762000
.695304300
.510364600
.546136100
.838127900
.781622000
.552766100
.508847100
.664754801
.604090799
.574787700
.451525499
.475423900
.450021500
.458326901
.485671200
.446627000
.456328100
.493075399
.479850300
.506787200
.568476999
.489919400
.432448100
.420188198
.468784200
.407481500
.484704401
.466928000
.446878500
.478143400
.480249700
.487693300
.438130299
.468623100
.459254600
.590299501
.484809000
.379686900
.471693000
.379314498
.677735700
.433348001
.415267101
.464463700
.385522100
.475636100
.475470300
.403746700
.455093600
.501294500
.455113900
.494879400
.522688700
.432310300
.436762700
.503707301
.455487600
.382653200
.486114600
.381909900
.441735500
.377311400
.423859200
.494589500
.391625000
.477752000
.468679300
.447856800
.478559700
.402629000
.444061900
.463961500
.483892400
.423346400
.462727800
.482578100
.443079200
.472084200
.487336599
.480135400
.454573100
.475500701
.496300000
.444050700
.468883999
.514254400
.449422800
.461917501
.507039700
.429118200
.455254000
.384020600
.463327400
.434628700
.469984200
.482131800
.463250200
.478440100
.465120700
.451336700
.465833800
.383886500
.452308000
.364194600
.487949000
.389375900
.501100800
.476976400
.595333300
.450598000
.399187499
.428942000
.462198600
.520047601
.485822700
.460403400
.444098200
.535051100
.466344500
.440266100
.479803900
.445067400
.461696300
.398959700
.438841000
.376471400
.464950400
.390721300
.508529700
.431086200
.495482300
.462973200
.460733001
.474320700
.406781900
.459162300
.397134400
.470201600
.460139700
.489917800
.467584400
.486919600
.462740299
.483184400
.462642600
.387678001
.472679000
.383698700
.473688300
.398473500
.473210399
.526560900
.395290801
.465814600
.460533000
.496147700
.405392000
.456851200
.470077700
.461779199
.455310000
.458850000
.482618201
.465688500
.469456100
.492811300
.472385300
.387493500
.444388500
.386617300
.489728700
.381189400
.491811600
.446137700
.384802300
.448317600
.476934200
.473472600
.421780500
.496032000
.468744700
.461587000
.467613099
.474670900
.462394500
.482423501
.395801000
.439891500
.531918300
.471556100
.438598200
.415182200
.493607900
.444045200
.436648000
.495742499
.450128200
.468524401
.506885900
.475413500
.459581799
.425066201
.455059900
.441745700
.487367800
