1.328172946
1.567322203
1.602188373
1.567106993
1.594744682
1.589888565
1.598795007
1.589544116
1.723489732
1.228243568
1.567747996
1.838579473
1.491573643
1.584475329
1.623593468
1.237632127
1.577864288
1.582809227
1.233873545
1.582204535
1.616957534
1.808449293
1.575747658
1.589308574
1.251214130
1.582835554
1.586267799
1.226373032
1.577810937
1.585951586
1.228020029
1.575995354
2.557197265
1.557062598
1.593639212
1.799280610
1.219570162
1.585828231
1.775896903
1.217945168
1.571202119
1.713796051
1.223321881
1.588968700
1.708620092
1.210549061
1.557409138
1.693231930
1.191356835
1.541737408
1.694384182
1.185189741
2.535908559
1.581562250
1.595312649
1.583316674
1.695493213
1.169858809
1.596180746
1.649182251
1.558815833
1.589957316
1.700840325
1.259375828
1.632285872
1.775047435
1.494198827
1.643421554
1.638865330
1.655151229
1.653914330
1.670511567
1.658185548
1.656974989
1.737658764
1.606020473
1.653286982
1.676805102
1.638274515
1.669496064
1.650653588
1.659791139
1.659871790
1.647417629
1.662223892
1.666848879
1.654483343
1.660322712
1.644094781
1.680842514
1.656699839
1.670489028
1.684396158
1.654036102
1.662945172
1.652524247
1.656504641
1.663411336
1.670656777
1.669873068
1.651099871
1.674543504
1.664413524
1.653580920
1.680607643
1.658581150
1.654980717
1.690123878
1.652674401
1.688914394
1.648355417
1.652168814
1.664658220
1.655902042
1.677559882
1.655142086
1.639088398
1.666702839
1.639643029
1.684630989
2.660236550
1.648659285
1.263389221
1.651129452
1.761740560
1.270279594
1.648757466
1.781121832
1.262927928
1.658863309
1.768676733
2.238590676
1.629188500
1.213736850
1.623448583
1.665003502
1.255862651
1.665856665
1.719269651
1.285703073
1.651544787
1.779409555
1.249612979
1.640540671
1.775806404
1.265353347
1.665052804
1.778844227
1.262266137
1.634182014
1.769026275
1.270450858
1.626804446
1.651833776
1.659911229
1.657986021
1.669207023
1.661932308
1.673026418
1.665926390
1.651939534
1.668491851
1.792484648
1.250715938
1.633815109
1.660950191
1.644915629
1.659064799
1.669409295
1.732382646
1.582026088
1.675467115
1.648437501
1.667972280
1.664566135
1.649625855
1.666587747
1.890340998
1.581873855
1.596454431
1.625183942
1.634004872
1.623404720
1.649805020
1.649413947
1.630636163
1.674949298
1.634084388
1.649081619
1.652998116
1.628319484
1.657973418
1.787994216
1.249904970
1.621474531
1.669622447
1.644858410
1.649909399
1.667416587
1.670454435
1.649356571
1.683627077
1.641501692
1.659921736
1.658890569
1.635035710
1.664550288
1.659953416
1.654667095
1.653955316
1.666267402
1.666168311
1.648302977
1.683910994
1.647301592
1.658108553
1.678480528
1.646943740
1.664601608
1.663329509
1.642787588
1.673506795
1.655390622
1.664198482
1.664423264
1.674368498
1.663664192
1.649777323
1.676526302
1.691540100
1.675251173
1.711262953
1.687867484
1.692346110
1.699502766
1.683840717
1.689967806
1.706179431
1.657735572
1.681421942
1.704960862
1.688029632
1.707295882
1.704891587
1.685144108
1.691783103
1.705677108
1.699746951
1.680746376
1.700773218
1.742640168
1.627142268
1.702180803
1.705515361
1.681312228
1.718956505
1.682635969
1.705463573
1.694850966
1.695711071
1.698825750
1.703369257
1.674802588
1.693251878
1.694441924
1.690240491
1.710378845
1.690381514
1.767214344
1.617162128
1.717282092
1.690822913
1.687540777
1.709974980
1.692214886
1.677063139
1.700222325
1.696971726
1.622800358
1.725743674
1.722947772
1.674270854
1.753908492
1.713251500
1.705750016
1.735737298
1.792848862
1.650481503
1.733156323
1.713321466
1.704346059
1.738219467
1.703690100
1.707298957
1.733628350
1.702564720
1.719677269
1.708520552
1.705815892
1.725904547
1.725796256
1.722867957
1.703449445
1.741718088
1.767665070
1.653051201
1.719174252
1.702136412
1.722906252
1.719276154
1.696184201
1.738801236
1.717195655
1.702549911
1.620453955
1.725068938
1.705980295
1.730838192
1.720588905
1.705045646
1.714446366
1.713719196
1.792407507
1.640650441
1.729753777
1.717967437
1.699300914
1.730911649
1.724936511
1.707298661
1.725347873
1.708804994
1.727048919
1.754069349
1.751018653
1.732454059
1.750540608
1.744147965
1.738445367
1.797092034
1.759917419
1.690671567
1.743156495
1.733372582
1.724817792
1.730235951
1.742118715
1.760288028
1.726902179
1.762989467
1.779941566
1.797983683
1.729687400
1.728305497
1.724441925
1.711290259
1.748556387
1.754980482
1.726921874
1.746699797
1.769801624
1.733052911
1.741677197
1.746617367
1.742504307
1.723554916
1.761662944
1.734611011
1.745130744
1.783056060
1.574805596
1.746482885
1.765991650
1.733592326
1.741282386
1.847125652
1.694835237
1.712287149
1.733792519
1.741115355
1.730545618
1.768152152
1.767282231
1.727791359
1.763828509
1.746586432
1.753192941
1.802793192
1.734798896
1.723101505
1.729396114
1.715332120
1.722890813
1.761919586
1.739591647
1.739703345
1.833126135
1.718281443
1.741710182
1.865281361
1.776648105
1.771405074
1.786019062
1.798253374
1.755896123
1.814214574
1.796239973
1.788657087
1.973067062
1.780104064
1.763883666
1.784399947
1.874474986
1.726887140
1.978704698
1.764842010
1.778883260
1.779776598
1.789247412
1.793732682
1.863425353
1.776347267
1.776058688
1.769533180
1.767037999
1.803233482
1.800508088
1.790873732
1.777789431
1.980036136
1.728712504
1.758013759
1.824082760
1.400095325
1.803298341
1.343322468
1.778781727
1.771616761
1.341252855
1.782607552
1.782247445
1.776959254
1.786368975
1.811057824
1.793344144
1.781928722
2.003211824
1.764704734
1.807727123
1.855921757
1.836242653
1.846882554
2.033435327
1.802932724
1.811499037
1.890287475
1.842314044
1.827815587
1.377614056
1.836153798
1.841876525
1.360971547
1.815551874
2.032749911
1.804337587
1.833572688
1.371774033
1.835582728
1.921672633
1.344749419
1.822141439
1.837226242
1.836370530
1.885382170
1.352630995
1.816006576
1.836131609
1.379545076
1.833975509
1.849256231
1.824797132
1.912707820
1.350421633
1.821607593
1.809471971
1.350229121
1.846640241
1.835911854
1.837515914
1.843004977
2.017671199
1.843296102
1.850998626
1.375455887
1.837139186
1.842122220
1.376799093
1.860571881
1.796605474
1.825049478
1.845390640
2.004500648
1.826340119
1.832155095
1.854279612
1.885204762
1.907098152
1.410312363
1.884282698
1.996019333
1.398053392
1.894454536
1.880907562
1.980816623
1.853574840
1.388411120
1.869208031
1.999773473
1.399618708
1.887247758
1.961837180
1.893309638
2.529928034
1.415814179
1.882980325
2.004223079
1.399069246
1.885649581
1.876505263
1.905812229
1.812947854
1.396197194
1.903760021
1.999146535
1.399268747
1.882544094
2.048635030
1.892511710
1.894449117
1.404205377
1.886197365
1.993280581
1.372318685
1.889581587
2.110762906
1.680420024
1.999055409
1.424555552
2.010958435
1.962160897
1.962036762
1.978102842
1.449540701
1.976054875
1.985093015
1.962556688
1.980655800
1.453294364
1.952809189
1.976610403
2.045424093
2.490713137
1.609910034
1.967434387
1.978027732
1.983927362
2.586660154
1.514894174
1.941321524
1.966581748
1.955958167
1.973032487
1.457972521
1.983480863
1.981864862
2.064156912
2.616053699
1.492936650
1.990018944
1.975383211
1.971585696
2.598394785
1.484289676
2.005117044
1.994382070
1.977638770
2.698098521
1.486607182
1.993924095
1.995057647
2.048119006
1.931720306
1.447817012
1.954822343
1.966132999
1.977148222
1.880941637
1.444099283
1.975462723
1.989624408
1.989161449
2.690248801
1.499518840
1.971142786
1.980832355
2.057625828
2.638938290
1.477410591
1.980161056
1.978900025
1.963284688
1.873109762
1.448321738
1.953908217
1.978310864
1.989262048
2.694364999
1.470143057
1.981960594
1.984069536
2.067574285
2.501746818
1.613832510
1.969254568
1.989611346
1.987508310
2.479835613
1.739558713
2.056344710
2.166123704
2.054015389
2.146280474
1.492965862
2.059127411
2.075096383
2.202120816
2.094184728
1.519193950
2.049817894
2.080411986
2.068016620
2.223945328
1.506156244
2.051361307
2.213341467
2.083360366
2.166469417
1.491976579
2.055384019
2.077142257
2.088201336
2.202233509
1.546063663
2.050309912
2.082414110
2.062811543
2.194329472
1.499774000
2.068615639
2.233333994
2.066300854
2.168009369
1.498599634
2.063477910
1.670000112
1.375836767
1.430112111
1.757872602
1.261651195
1.408013331
1.398975353
1.393031176
1.407320909
1.428039849
1.857571198
1.178922446
1.405586787
1.399314628
1.436967633
1.410142308
1.403562349
1.410030816
1.095124363
1.413412451
1.386182182
1.420300258
1.360140234
1.401788165
1.389485532
1.092294749
1.413073866
1.406063705
1.401752327
1.419349327
1.403833882
1.414465977
1.102857914
1.406633122
1.387842727
1.437826877
1.400252799
1.418165257
1.550200152
1.069957032
1.395420134
1.407284967
1.444476833
1.373786505
1.424738863
1.412030042
1.104891388
1.413370979
1.401606410
1.428063633
1.409714887
1.411763171
1.420549277
1.105633285
1.403479138
1.396934526
1.447106669
1.066548982
1.426620471
1.551504125
1.104645809
1.386995932
1.388997578
1.426278361
1.417637250
1.409790278
1.586014983
1.109884625
1.404226034
1.417082758
1.431820157
1.415259702
1.425058948
1.571634004
1.091262477
1.422868399
1.424387762
1.434805809
1.422153314
1.431077237
1.579982555
1.119514052
1.419164745
1.418631205
1.429383957
1.383154039
1.430550662
1.436468492
1.114195415
1.417876691
1.408648972
1.451563072
1.424993769
1.424488575
1.760876971
1.250719241
1.408890103
1.405880116
1.411003948
1.417844205
1.447762108
1.577837168
1.112283015
1.416279628
1.423966984
1.465611259
1.380735436
1.415943123
1.565914334
1.087023071
1.403977626
1.411841780
1.428244442
1.431453186
1.424122934
1.569287098
1.110274666
1.404114238
1.403794637
1.446612980
1.423243257
1.431643876
1.576720108
1.104294741
1.433210848
1.434728968
1.493561643
1.463541149
1.449620287
1.589392366
1.133237323
1.429464710
1.421530687
1.485984200
1.428574965
1.428125460
1.612972521
1.439236346
1.426786837
1.453358613
1.457378399
1.450760012
1.461092719
1.608469830
1.131572399
1.428939778
1.423173240
1.634043296
1.435093426
1.452876321
1.583890133
1.123036770
1.440096149
1.453188031
1.617958729
1.427014011
1.415199706
1.778812144
1.268857774
1.441121858
1.422033536
1.461280640
1.459543104
1.440682673
1.586254419
1.132559561
1.430817212
1.482668594
1.639082966
1.425852512
1.431866275
1.422880673
1.436965697
1.422622321
1.902133691
1.184382800
1.425914629
1.422884554
1.466093433
1.442883201
1.471710679
1.594815402
1.131591564
1.446711701
1.451877428
1.427262083
1.429117911
1.448116598
1.373195622
1.103417003
1.460630040
1.448777472
1.452182291
1.447383505
1.455931131
1.585003497
1.126211795
1.450500389
1.449991330
1.457339775
1.446077665
1.466757637
1.592090003
1.123915171
1.451258969
1.454715882
1.465595986
1.440392078
1.447113239
1.595323692
1.132040015
1.446954534
1.450016716
1.491903459
1.454365865
1.483939664
1.612948831
1.145151163
1.467706665
1.472658345
1.147638174
1.469167053
1.464937483
1.525134464
1.480629936
1.453924422
1.602137195
1.139604744
1.461789392
1.478431578
1.148312869
1.464647693
1.460798702
1.477976109
1.481460390
1.468843813
1.636899376
1.132049674
1.463827154
1.455771476
1.133871960
1.474027147
1.561659049
1.534738544
1.505551338
1.566199507
1.489587283
1.145310248
1.469259631
1.561300621
1.142778081
1.467902142
1.551463997
1.536976769
1.486144684
1.457160313
1.580660488
1.135865104
1.431329873
1.519624201
1.142891460
1.553431254
1.498556248
1.508957066
1.471132935
1.468357456
1.606360821
1.140036802
1.468157933
1.481741174
1.139113609
1.485934298
1.447071989
1.486516726
1.465753457
1.478055479
1.610592258
1.140323964
1.559242505
1.556357449
1.126951517
1.623116001
1.468955559
1.472420933
1.475009053
1.556689885
1.625885074
1.131652657
1.458359235
1.553231869
1.096410351
1.516326843
1.475729869
1.503035542
1.460522185
1.533468665
1.568831542
1.147087082
1.596141310
1.502677185
1.108517537
1.474501149
1.470750914
1.521537477
1.422169553
1.484860158
1.616172782
1.142688986
1.561060027
1.557750802
1.099902240
1.491848065
1.461561466
1.497864310
1.615382982
1.527535600
1.590670232
1.144028645
1.559024695
1.561503964
1.278990095
1.477780555
1.479175598
1.143813226
1.495350932
1.510447422
1.530590609
1.522804159
1.522397762
1.656919293
1.151085695
1.505774415
1.640420887
1.171140370
1.502652902
1.498268113
