13.375147201
1.929526699
1.884492001
1.923119700
2.232994000
1.997008600
2.301513800
4.586799800
1.291268900
1.952008900
1.120868600
1.871237600
1.843028800
1.131394600
2.234571299
4.312204100
2.314700200
1.406429000
2.018661800
1.721291600
3.403284100
2.083689499
1.196873800
1.342458301
3.000345000
4.818827800
1.888480200
1.015231600
1.472187500
2.875611901
1.452424400
1.736464800
1.996370001
4.600748700
1.756193800
2.547985600
3.620278100
1.297747100
2.416851100
4.053471100
1.547811000
1.090951600
2.938835000
2.653963900
2.505791599
2.069811901
2.260617500
2.505999900
2.447381300
1.444989600
2.781225299
3.041604600
1.109822700
1.750625799
1.096703499
2.285721000
.915982300
2.548229399
4.493438600
6.893178301
1.962419800
7.286548700
3.330050600
2.206038100
1.494614400
3.502057700
2.606827800
1.998725800
2.056973200
3.903767000
4.727223500
1.612312400
1.214688100
1.223104600
2.111620100
2.497380200
5.479684999
2.889541400
1.367992200
1.324779799
1.844887100
3.386352201
4.389148900
3.633699100
3.753503300
5.022767800
.766172400
1.496598500
1.618797100
3.186639599
1.839469700
1.695655401
3.620745999
6.978169301
4.685378200
4.781035700
3.886589400
2.665585100
4.335203600
1.494676199
1.655795400
4.547398401
1.704223300
3.318005600
2.081580800
7.017066700
4.033847799
1.702917500
1.997091301
2.202342499
3.463674001
3.484031099
4.844459300
2.527000800
1.148133299
3.709124101
2.324456300
3.709064500
12.228091300
3.129334700
5.740283500
1.465417900
4.668326700
5.917111100
5.730455100
7.586997300
2.389626899
1.216836401
1.403114200
1.560678700
3.220620000
3.248058100
5.885062101
9.988512400
1.943205700
2.129168700
1.619474800
4.848639199
13.057482301
5.181544299
8.054012200
2.438830400
11.505296200
2.780180500
2.863140800
4.157695600
7.941901200
1.325353900
8.093046300
3.486019200
3.026834700
8.636495400
9.411393100
12.579684300
6.305494500
2.720395100
7.273574300
9.104001999
2.495887100
2.299139200
3.711511601
4.246149100
3.862608700
1.649174900
1.553231600
8.465295000
13.378435100
9.404811400
4.430731000
10.361898200
5.768735900
2.629773100
7.268575600
4.127476699
4.964797201
5.830504200
4.304680999
.847481600
2.981874200
3.113401100
.939388599
6.075587901
8.535660899
7.220801701
1.963435699
5.934478501
1.591005399
12.924913001
12.316268600
3.867424699
3.488650800
1.870348801
1.336566001
14.416888800
8.003226500
1.614705099
1.249994801
2.393186700
9.330427900
16.312154700
4.320207500
6.117465000
5.774488800
2.171387200
7.888387400
10.775260300
4.724329500
9.796467699
4.958252101
2.754948499
5.011532901
15.022009700
4.193813099
2.161396101
2.593940599
5.597182700
6.493937100
5.163766300
1.540456600
2.684412800
5.727621100
4.032483200
7.990403700
6.207144000
1.522674399
3.807275601
4.457594100
1.511396299
5.999202500
2.374022201
5.424268000
6.267750600
11.430057200
3.538722000
4.787211700
7.828185499
3.616113901
5.005588300
2.009613300
1.520096700
2.475689000
5.107397100
3.145483499
4.540256401
1.676410800
6.023406300
3.047309200
6.798374499
1.660139601
1.767210100
1.952175900
8.993408401
3.727112000
5.159700400
4.987510200
2.828196000
.839615700
11.894251400
5.591503300
1.927531900
3.211407699
4.012714301
8.475882399
2.387297401
3.079089300
5.897652500
4.711502100
2.811309499
5.362680901
7.366005200
7.741384900
1.209078700
2.877253800
11.689482900
5.661214700
2.830718800
1.170006601
20.090124899
10.815576599
3.529022901
3.577602700
4.109355101
3.458189700
3.833073900
5.881614200
3.807777299
1.438707201
1.604413499
1.012778200
10.738257701
4.338241499
2.633223501
3.718421199
3.032496401
9.370145799
7.183204501
3.599073000
2.252194400
5.966341300
5.304105100
3.342570800
2.426939999
4.155573201
3.831327900
4.666326100
2.922483300
3.068413301
8.015970400
4.633237000
3.235782100
4.521977200
5.915226300
1.863519100
.998979799
1.997234401
2.698724100
3.252586200
3.079761900
3.607679300
2.004705000
4.021903300
1.691843999
3.812812401
2.400370900
1.493016799
1.700074401
4.890692600
2.499556300
2.397349300
1.931311900
3.994726800
4.813047200
2.886635599
1.289094301
3.407082299
3.820556700
5.246814800
2.200967099
1.858613701
3.148584399
2.240061801
5.273834100
2.621546900
2.637103999
3.768523301
4.284247100
2.290143900
1.248172100
3.360194000
3.245961600
4.581512400
2.813606800
1.627274000
1.406754400
3.572050901
2.668874799
1.387173401
4.673860099
1.711295201
4.339495500
3.042859200
2.025576800
3.559719100
4.307402999
3.063966401
2.280575200
2.465785099
1.888720401
3.255507399
2.278451102
1.945147498
2.938539401
2.138383900
1.796653000
2.017876300
2.497004400
3.725799200
1.526759200
1.865182200
3.899725700
4.191469800
.849533600
.915861799
2.709834101
3.825311399
1.634650401
1.974486000
2.708880499
2.757896200
2.228618001
1.697730600
2.800459800
3.990845600
8.008133200
4.515235800
6.600252301
8.646809200
5.554503600
3.506496100
3.952190200
1.451847899
2.313026601
4.116550201
3.841437200
3.997226000
1.757722000
10.581657600
5.660481100
2.598039501
2.017340900
6.712792000
5.226852600
.844665800
1.676980500
2.248645100
2.847385900
1.878152000
2.944056100
2.225828900
3.624318500
1.965182300
1.207434800
1.645047100
6.395956500
1.395659800
3.141263999
4.498935001
2.590921400
6.495280199
3.792728501
1.969791399
1.879783700
2.813609401
3.288851600
2.607403000
2.893321000
2.050956098
2.537247501
2.276156299
2.289503301
2.646221600
2.122589799
2.259954700
2.167444401
2.826666000
5.056150299
1.238569001
1.193866900
1.705431499
4.011944000
1.596717900
1.771879800
1.099533300
1.224638500
3.434068400
2.150824600
1.306528600
1.188258800
2.358215400
2.228494500
2.131823500
3.102802300
2.150439700
1.519472900
.904240500
2.429101300
2.821401900
1.802178900
3.153441100
2.549582499
5.001801101
1.452910500
1.210216800
1.255154400
1.006751299
1.524756401
2.387655300
3.619154500
2.907891100
1.513490100
1.684918800
3.378173500
1.524882400
1.769779400
1.807172800
1.766046600
1.751448899
2.114981501
2.540173800
1.195773800
2.406150400
2.631092000
1.970671700
3.035457199
2.010696800
4.616781400
4.384533200
2.779288900
1.009182000
3.519149200
2.709846800
3.809352699
3.197425901
4.611506000
2.413430400
4.348703200
3.144804200
1.614191700
1.196942900
3.236038101
1.348630399
1.722805801
3.353625000
3.446147799
3.386331000
3.711308600
2.580162799
3.452392501
2.636900800
1.372753499
3.331719201
3.675179901
1.392706300
3.570599600
2.332856600
2.902616699
.910919099
1.396863401
2.949591200
1.973663400
1.490574702
4.477972200
5.729755400
2.859253299
2.075781201
3.067818900
2.839064200
2.688513500
2.291775600
2.692341002
2.499753699
3.820457301
3.066747600
1.519368300
3.555933599
2.682721000
3.248023600
1.536864500
3.343185900
2.206746100
3.095372900
10.131189900
10.982566300
8.199894899
9.170330500
9.129063000
3.014020201
1.487442000
5.950849199
29.470673301
4.744322800
3.785713400
2.823892900
1.867965500
3.663855600
1.190664800
1.624596200
10.300867800
4.556498900
5.965551300
2.354520400
1.599778400
6.421931300
3.623728500
14.764808200
5.042935700
4.209437501
2.785858200
7.551612300
1.052066800
1.101482900
3.692650699
5.136397801
5.981987100
.858964000
9.041737001
1.065684700
9.190631599
3.183135101
8.594782500
5.095099700
1.963720200
6.095421100
7.703269900
5.829804899
8.707518600
10.829703300
6.137708100
4.477997999
1.407539001
2.331886600
3.015503900
1.884427599
3.963788801
1.518335700
2.700859100
6.206774600
6.669977000
7.636508100
6.641772199
1.584411401
1.413238399
8.501209801
3.058514500
2.304234700
1.240648600
4.949021200
2.599972699
5.539864401
3.341227800
1.978314001
5.947860700
4.049333700
5.556994699
1.543686500
1.954608400
3.231686100
4.310176400
1.372117100
1.248342900
1.606610199
7.083527801
2.109345200
2.473419400
7.102834499
2.389008901
1.548691700
5.513057200
3.817757300
10.873256200
8.898419100
7.785580100
7.405945900
3.188883500
9.026180100
5.127440700
4.460951600
11.758869900
5.951236500
8.524540600
40.372611200
8.497195400
4.442956200
4.192415300
1.266247100
5.061246400
10.107931800
4.000305100
4.876481700
6.037680100
12.472585300
16.600541600
9.397532400
2.221330700
1.252137400
13.174025300
8.351956200
8.189519700
1.178257300
1.446290100
1.662305099
1.138109701
1.092401900
6.815390500
6.854954700
6.016108899
12.121981101
1.171534499
1.164874900
1.920367400
3.458604401
2.004368801
9.361218200
12.290486400
5.594251300
1.204996899
4.591924501
2.170316800
5.944513400
7.666122398
2.565040201
1.485749000
8.375173300
2.989716200
2.510581300
6.966617700
1.281823300
5.873293600
6.857444200
7.732661600
1.475158699
4.806567799
5.639547101
2.280046600
4.595644200
8.188584800
7.954785800
12.192667400
5.450526200
3.136505500
23.845703800
5.052678200
5.068496700
2.880109300
6.449968500
4.302278799
3.516956801
3.420535099
1.906759100
2.172659999
4.098145800
3.103052500
4.023059000
4.870483902
4.524051400
5.540092399
3.142733601
4.486273200
2.242939700
14.797176700
5.753410299
5.301303601
8.450907100
6.866146400
1.535490900
2.473354400
6.856148000
4.139252000
3.368002200
6.652705700
12.395715100
8.219821900
5.960987200
6.696060999
8.100076700
12.579492501
7.446668300
9.739078000
3.896641700
4.096392800
6.299200599
7.406162301
6.196845100
8.237980600
8.200867100
4.126584300
2.598590099
6.523035101
7.022210800
8.352510700
4.739037200
17.036285700
10.207186800
7.092182100
9.944599499
5.950674201
9.744551400
5.932776700
3.501668400
10.170205499
2.061281801
5.916443500
4.005491300
9.937588800
2.426861500
8.954635400
2.692039800
3.236649299
6.767374901
2.033533900
2.272120600
5.560827300
5.476835100
5.270201300
3.890264700
8.230465900
4.181130500
3.989239100
1.136448700
1.995043000
4.509459200
1.879571100
1.305686600
1.778334500
1.827096100
4.760157700
7.202049700
11.406915800
10.169556100
2.077121300
2.876510000
1.964733200
8.583237500
14.433221700
4.158874100
5.246648499
4.838541801
11.472386199
3.337891600
12.321052499
1.371321201
5.380018600
7.954780399
1.986309701
6.207680800
1.562434000
3.931250400
.681303000
3.765136000
2.312684499
4.446560601
1.326581800
2.909993300
6.182745500
3.080735200
3.680695999
1.170978801
5.556864299
4.071732201
7.849941899
1.589533301
3.413278799
3.581185400
1.472544900
6.747802500
4.286880500
4.999376700
7.570235000
3.118655599
7.403726401
4.647666100
8.184945800
1.287854900
2.749785999
5.670639601
7.038290900
6.593390400
3.812653100
1.545581400
1.797782700
7.200239399
8.593857901
1.378214800
3.153234800
2.084248500
9.328462100
6.937380400
1.948246599
4.996235901
7.025653100
1.523891100
5.969561800
1.368654200
2.371773900
8.056143400
1.073027100
1.165073600
12.871830200
6.673815900
4.190409500
5.296695399
3.323348801
7.067297400
1.711429200
9.609489999
.895077201
1.641796600
5.377191800
1.824922900
4.873938100
7.457131700
6.990233500
10.088907300
4.497898500
1.610510600
7.905758900
1.422347099
1.135213399
3.377341299
7.523977801
2.371177499
6.178340001
1.005128299
1.575286801
3.922445100
1.415671800
1.075329800
8.708347300
9.628940299
12.885023301
2.494726500
4.633261100
.936294499
8.714110000
6.809173901
6.841232600
5.332561700
8.138180699
2.385273900
2.173808200
2.273385300
6.522788501
6.956150800
15.644912300
7.567183899
6.135323200
6.736381201
6.092853000
.887700800
12.515945300
16.489244499
8.126035501
9.318866100
2.320405100
3.173586100
7.747178499
4.474684900
2.534112200
5.632060900
.990255099
1.961358101
6.199583000
.708900300
.855803099
1.616788101
3.180207100
3.022503000
5.882533200
1.437231400
3.202870900
4.769386699
3.332277600
6.143062200
3.709102000
1.361932200
5.928820900
2.344170900
4.410108700
1.670116600
8.129934300
1.857771000
4.084489400
7.051111000
.998564399
4.099184201
2.872161300
2.330384200
4.799378600
3.074776700
2.586313200
5.513177000
4.185096300
3.500207899
1.665594001
.884862799
2.959284000
6.267541800
1.813476300
1.340521700
3.388197900
2.963370500
8.382532300
2.265411000
6.795219500
5.739138700
1.782848600
5.517738600
6.388856600
2.284993400
6.331172500
5.678142000
8.329744000
5.065721100
8.200754600
2.877563700
6.562467000
2.978802400
5.974409401
1.390093799
6.914204999
4.763838402
2.083519100
8.905897000
2.091825600
2.540586200
4.042700500
2.896122999
.966150100
8.952628100
1.764190600
