.265179800
.228981900
.254138200
.269966699
.271869100
.241611700
.235832700
.237496200
.230090500
.302647401
.255425800
.351522100
.247382600
.277070200
.231132700
.266744200
.273041400
.265187900
.235479400
.238952900
.236846199
.321240900
.276440900
.234691400
.250011300
.229753000
.268400800
.241356500
.226349300
.264713800
.240716400
.228149700
.279920601
.229062900
.284431100
.233654300
.269841300
.232666500
.260284700
.310566000
.238148700
.250966400
.246552900
.276210299
.278558000
.243012200
.251297400
.263555800
.231171300
.262436401
.225163200
.269822900
.233011900
.229669200
.233518700
.254769200
.256864300
.269173100
.267378400
.229905900
.233571700
.252836100
.277692300
.225583300
.231689000
.240713700
.245491700
.273460699
.268959500
.245993600
.238655100
.235997600
.236524701
.308707100
.272312000
.302539300
.241980800
.234374400
.232507999
.273866200
.268960300
.279067100
.235889500
.229354900
.261396401
.234728000
.340125400
.239905500
.298633700
.238482500
.235987200
.230386600
.231181400
.228312900
.237365300
.232117500
.256411000
.230144400
.225560900
.232997500
.261686600
.257067301
.271540999
.230430600
.276226601
.237354400
.239936600
.229028100
.265179100
.296030600
.263609200
.235534200
.231651200
.225493001
.251808101
.265630000
.237105600
.222106200
.235338900
.235267500
.241276800
.288008200
.250756500
.227310100
.228355300
.237868601
.237420200
.281762500
.226708700
.226146300
.271010400
.276834599
.236096701
.280181400
.239985100
.231890400
.235033900
.231025799
.223457201
.239268000
.240686400
.221758500
.247393900
.228532800
.266333500
.229595200
.232950600
.232582500
.236237200
.244280300
.282333900
.260536100
.226245900
.231959000
.358394000
.231592899
.238641800
.238248600
.269625500
.235543900
.236172800
.233965800
.260389401
.275277100
.226456700
.226368900
.235737600
.224837600
.272951500
.229765500
.243638400
.228600200
.237970900
.239365000
.228264800
.263906800
.263695100
.268786800
.231323500
.229354500
.233533399
.240628500
.265551500
.247347201
.232619800
.228111700
.269725800
.293150500
.237061100
.239029600
.227965000
.228620601
.277475798
.275692400
.234425500
.231156300
.233867600
.234284300
.277436301
.236000900
.234410000
.237270000
.231729100
.285291400
.247446701
.269539900
.234216700
.229881900
.224829500
.230366800
.265672400
.229559600
.230722900
.230547500
.281566000
.243026900
.276679900
.241698100
.232535600
.240567500
.240582400
.230889900
.270876700
.263901400
.234524200
.229791600
.238193600
.235278300
.234331199
.231305400
.227821700
.242454100
.235104000
.240162600
.270934000
.241924500
.284808800
.242339600
.310876500
.299593800
.495163100
.532830200
.380160201
.287532400
.435395700
.364494400
.249027901
.402974799
.396751700
.308660300
.296320099
.424238500
.422363301
.398147300
.247956799
.244238201
2.349866000
.232522698
.260010200
.289620399
.270395600
.255981200
.263514800
.242282300
.238865601
.243252600
.229832700
.271607000
.252789700
.242852300
.233010000
.273698299
.235550900
.226749700
.235657700
.238950400
.242011702
.272695400
.239859100
.232609200
.228066500
.227954200
.228928600
.261330300
.234819400
.270236700
.236983100
.231292900
.227823300
.278052699
.275986300
.235027500
.230103300
.231789300
.238466300
.233185401
.238223400
.243933200
.282903400
.236758399
.236395800
.272261901
.237056300
.276370400
.235234000
.232926100
.230823300
.270486600
.272722100
.266357800
.274791200
.239406300
.242064100
.237474799
.231149500
.273724800
.228972600
.230669300
.237500999
.225230400
.226816500
.263010600
.247127100
.222070400
.218726400
.271997600
.261869500
.242552700
.243280700
.233853200
.257445501
.243425099
.220007299
.224709100
.232304500
.433296900
.314221801
.274287500
.271200200
.251556900
.232519700
.233023600
.267650299
.228992100
.236807300
.229060700
.227015800
.234558200
.232968801
.256881800
.287877700
.277717000
.234973700
.232948600
.267087700
.278949700
.233455100
.236264900
.234402600
.232633600
.281224399
.239764500
.236754400
.239490100
.234486200
.238502701
.228238100
.228160700
.283431400
.271564600
.278326100
.235528600
.237722899
.267443000
.245266500
.239564600
.242318700
.234851900
.235199001
.270337000
.264751200
.236854000
.245900400
.247701300
.230674800
.228433800
.231080800
.227728100
.231734000
.225801200
.230511900
.300563400
.270789700
.240947700
.242604300
.240351001
.234400800
.261928700
.225007800
.226404900
.250805400
.233870500
.243108400
.271201100
.275384900
.240304600
.234271900
.236188800
.278538199
.228037800
.230056200
.263991100
.238920600
.227937400
.265778101
.233239600
.234630200
.230117200
.242372500
.239083300
.230312000
.234783600
.275949100
.239136000
.231435700
.237082600
.231524500
.227300100
.236907700
.234189500
.236654200
.240702000
.257082200
.233935300
.278042200
.233032900
.228677200
.241498700
.329069100
.257826600
.240435900
.226128400
.239757900
.224329200
.278758900
.232214900
.267649700
.240311000
.233996800
.228592900
.229329700
.224199400
.247120600
.244697900
.233281400
.224062400
.230462800
.234245000
.270914900
.266193800
.236053100
.239459100
.244215500
.238139500
.274184800
.234669800
.253794600
.236535200
.271573399
.227116600
.235054400
.231410500
.230545100
.247617200
.227165901
.246805600
.296869500
.233559800
.226917200
.232674500
.228318500
.284782400
.234963300
.243341500
.234676900
.228819800
.225420700
.263021900
.279632300
.288852600
.228871600
.233239100
.238423000
.223950700
.275150200
.275476800
.236385600
.234448100
.260271400
.233764700
.270336300
.233391399
.236636500
.233117400
.233004301
.230716000
.224906900
.267280400
.234470200
.227666300
.225391500
.264580700
.281177300
.232373700
.246016400
.239586900
.248699200
.267039001
.234482800
.227940100
.232736000
.235607200
.223415800
.270186300
.300655200
.232326100
.241969600
.229514500
.228675600
.273965499
.289558000
.257642900
.238508500
.238184700
.277541401
.280441000
.230063500
.223638700
.233088800
.231718800
.267969100
.268149000
.263569700
.231725000
.234163800
.229025100
.273737200
.272576600
.225549900
.233319300
.226963300
.238468400
.278384299
.284019100
.241162100
.232879800
.278250600
.245281599
.223759001
.241616700
.228719600
.263611200
.232050699
.244944100
.229366501
.222064000
.266504599
.226689800
.231470201
.232832300
.232143900
.290421700
.268789800
.223761000
.235309500
.234930700
.231382700
.233105900
.227391900
.266561800
.230400000
.233307800
.228410201
.232754300
.235085300
.256416200
.232240900
.232157900
.235332600
.232739300
.237489800
.232074900
.245734200
.228802300
.229073700
.226328099
.361508300
.246733500
.242811200
.246110401
.244156600
.270516800
.234967400
.239447100
.243178600
.234620200
.236049700
.231201200
.232353100
.231627800
.238826600
.234656600
.232743000
.297392000
.248698800
.236964600
.244645500
.239384400
.237696900
.274690100
.242484800
.269094400
.239918600
.230233200
.224640000
.279557599
.227075900
.234110900
.231675600
.239742900
.241594000
.277815501
.261202500
.237748500
.233944200
.228400000
.237291100
.290464200
.271119500
.277599700
.234998599
.236333100
.234874001
.238579899
.276821100
.235295400
.246602500
.230161900
.226180400
.242115100
.234683600
.236817800
.235395100
.226432800
.230747400
.240533200
.225709300
.290242200
.259293099
.246780900
.239020701
.318592499
.285503300
.225614500
.245126500
.243347000
.233939900
.272024500
.234147700
.290298000
.248086800
.235087300
.233539399
.232947000
.252873000
.267115500
.246526700
.260353200
.267222601
.268131200
.268347500
.233722100
.226077000
.264293600
.245582900
.258323700
.222753000
.229508700
.231302700
.236384200
.270368000
.280067000
.233083800
.245928200
.228397700
.232210600
.277331300
.255566600
.235433700
.236110700
.233275100
.228597900
.266411900
.291721900
.227212100
.261698700
.226769800
.228012900
.232577400
.230727700
.230073500
.231099600
.238039200
.234168400
.232938699
.230554599
.234141700
.234975600
.268511600
.232601300
.236232900
.228724400
.275075000
.240701000
.233861700
.231703700
.236138400
.284414299
.224001700
.236538000
.229072700
.227326700
.240823800
.273591701
.268205600
.265019700
.275607999
.232885300
.250998502
.248064300
.265316400
.262091900
.272801599
.230497800
.234189001
.273559600
.271407800
.231970200
.241551800
.240618899
.278900900
.232128300
.271081900
.283972900
.231348800
.223109600
.272970500
.263366600
.284725800
.240511000
.233460900
.235656600
.232310500
.275333500
.234395100
.219684500
.229538200
.219851100
.264811500
.273815200
.272508100
.296146100
.229415300
.232017200
.281931800
.242493700
.227338200
.232573300
.247861300
.245645900
.272563399
.276961300
.276333000
.230956500
.231432900
.242441299
.239618300
.277063600
.234779900
.232213100
.232734100
.232024500
.282425500
.238635600
.228139500
.239510900
.236556300
.250959599
.302960099
.279794000
.235500700
.228215000
.239379700
.266369800
.244932600
.229717000
.227819900
.235432700
.237374700
.236202800
.232625900
.225001800
.228769300
.231582200
.225446100
.241973300
.232584900
.285206000
.241262600
.303624800
.237420000
.239304000
.289412199
.257098100
.239501600
.231941300
.236443100
.236671500
.271630600
.232580000
.231700900
.238081000
.230716000
.233223700
.227115299
.268352000
.235226300
.229185500
.229266800
.229352400
.238461301
.233403400
.266967500
.229815800
.233682400
.244349700
.295186699
.264649800
.234033300
.245243800
.236500700
.232244900
.238694001
.247990500
.239204000
.235916000
.222188500
.229426300
.233364400
.228945000
.279717600
.249963700
.260011800
.252154300
.285373600
.279572600
.266560100
.233674700
.231738700
.228760000
.232773000
.228147699
.240386900
.236736100
.234989100
.244098500
.281901100
.269156100
.238712600
.235196800
.238484101
.261124400
.230193600
.273650000
.268643300
.234088700
.265966200
.242020399
.231455201
.240076600
.277567400
.233936600
.225631200
.233094400
.260451200
.280413500
.236006400
.232047700
.237469800
.231678100
.233048000
.282229200
.282922900
.230961600
.236609700
.239861100
.288429799
.236783100
.259666400
.227697000
.230695000
.233972000
.224154300
.270539200
.241340300
.237353700
.237494800
.242412200
.245978301
.242314400
.234417900
.250940000
.243693400
.240933900
.234884999
.270954500
.234132100
.248139900
.273336800
.272687201
.225203800
.287357200
.237234800
.233823200
.233977200
.235937700
.229968100
.371838600
.272489400
.228195800
.229168800
.231637200
.276441700
.243533000
.224752800
.240088800
.242368900
.268616700
.223952800
.265492000
.235555100
.242792900
.237202000
.220543000
.268484300
.235277900
.224634100
.227091900
.224613700
.233060699
.289699901
.233910900
.265051400
.258041100
.239070000
.265403200
.237220600
.271987500
.265199700
.223821000
.228037700
.225971900
.273192600
.301352200
.240361500
.226458800
.233543200
.262707000
.231898800
.265054400
.227880200
.229590400
.241651600
.289762900
.256413300
.235284600
.239517100
.236309500
.232709000
.265635999
.268868500
.296242300
.270299400
.242045100
.255086501
.234893100
.235670300
.233852600
.221948900
.234982100
