.310721200
.327308300
.310928600
.354478300
.321579600
.264731100
.352376300
.318953899
.323185900
.312030000
.328082100
.257586900
.337017501
.355441700
.321336700
.319656700
.311660900
.340947300
.324878900
.314020100
.318154600
.312149899
.372614100
.295161100
.295811200
.264322401
.323024499
.356985600
.298357500
.324105600
.299263501
.339313900
.315070000
.261480000
.314919700
.360243400
.353344000
.270672100
.281959100
.299253400
.327308999
.301422800
.330682200
.257731700
.267044500
.313515001
.359420000
.357910000
.338326500
.348748099
.303668800
.304978000
.303488900
.315067900
.324075001
.338553000
.281532900
.285752800
.343684700
.359530600
.312419900
.271939000
.265717700
.261794300
.318527701
.342644500
.288138300
.333855000
.311336599
.305774300
.311565700
.303668700
.289781400
.318774400
.339422800
.273364300
.329578500
.309822700
.260532801
.333913100
.316454100
.296323400
.252846200
.260896700
.325335700
.266394600
.247868400
.285217100
.341678700
.385345900
.265635900
.317994500
.335229900
.306538200
.331897600
.330815300
.305547700
.332811300
.306590600
.305659500
.292331500
.300192400
.260221800
.308320700
.322069600
.372820600
.257944800
.335274999
.315186600
.287409100
.321358000
.270362602
.318124000
.262866500
.327430799
.260460100
.297256902
.362917200
.303125700
.256181300
.255236800
.307758600
.296014700
.318466200
.277659400
.263187700
.300476500
.304557900
.289204000
.262887400
.300488000
.260533500
.309066800
.299879200
.295586800
.259245800
.267746900
.294585999
.324130800
.315568900
.262592200
.255668500
.333065801
.272413200
.300838700
.306685000
.277511200
.311370200
.255138800
.323254500
.255442200
.269625899
.322413101
.306947600
.304326700
.317661800
.289116400
.316943099
.305342900
.312221500
.264589300
.320454800
.331844101
.324379700
.265422000
.325405100
.309835600
.333224901
.276516600
.299632300
.274493100
.255402100
.302110600
.283510000
.254973500
.266199700
.293053400
.304786199
.263768200
.292538600
.294176200
.253923800
.305816400
.348161200
.259192300
.289308300
.299591700
.258532801
.360491800
.308337100
.313674100
.258402100
.253233200
.350275600
.245966800
.308266800
.258297700
.315869200
.295524300
.268449600
.299192100
.288832700
.304051300
.323165400
.296381400
.306224000
.257731000
.435236800
.414256101
.329616599
.275240199
.260372499
.328418900
.369733300
.318480200
.272480600
.326124500
.288693700
.312654600
.280373200
.258476000
.318169500
.266765100
.293240800
.313789600
.320336300
.300619100
.308271400
.303144200
.344403300
.261794900
.321262400
.297753400
.264351500
.258358600
.294541700
.292539100
.248211700
.294937100
.284349600
.302771499
.319945200
.258578100
.317533800
.301757500
.260584300
.324679501
.340039800
.307970500
.262787500
.301342400
.312970499
.303199400
.306487100
.261771800
.257978700
.284989601
.307372400
.261365200
.299517000
.299096299
.332192201
.310519700
.321723000
.256872200
.321441699
.300684800
.374623100
.295693900
.337251900
.267523700
.304836201
.328951700
.290784100
.270384100
.248191700
.350309300
.322868100
.295743400
.251650400
.253149200
.322642200
.341641700
.269119000
.316208000
.253274299
.321563901
.292843400
.298966300
.305981100
.277211700
.308472800
.312731300
.295686400
.312492300
.259096500
.315506999
.350351400
.257309300
.309488000
.264898401
.287783600
.323376700
.277538400
.281022999
.262641201
.301800400
.320041600
.250796400
.258503700
.298451901
.293763199
.300332300
.311564900
.288973801
.296388699
.357596199
.310200901
.293521901
.256394100
.299808900
.257511201
.297544700
.299590000
.295824000
.245838200
.318136400
.312491800
.313932700
.243168300
.261291400
.316271200
.304727500
.249278400
.251063800
.257323700
.306305800
.338679400
.476587600
.283284000
.264978100
.283881100
.299882500
.327586700
.265632299
.257804399
.283706800
.316433100
.311121300
.312352100
.262270500
.308519400
.308611700
.299295200
.258872400
.252417600
.321073899
.320795800
.279050000
.271789500
.246250500
.325172301
.321428700
.261907400
.298807300
.272856100
.300528799
.304275100
.309159101
.307157800
.256266600
.297786400
.299140899
.279811700
.255797401
.251993799
.355222101
.326740400
.293304100
.309723100
.268246100
.383862700
.311369600
.296139000
.286782700
.261979000
.302384599
.291876300
.291762400
.296799400
.275477800
.302740400
.318923900
.324578300
.309059200
.299783002
.333992601
.335736200
.316062400
.254122400
.259780700
.314151799
.312342900
.313672100
.250478500
.290296000
.300003000
.318879200
.292229900
.281182900
.263101100
.278757300
.327410300
.311051300
.257230800
.255852000
.323228500
.308456300
.296380900
.255502400
.262175900
.338076300
.314022000
.251647500
.260256400
.285417400
.304703700
.316100600
.279965800
.275435000
.268967800
.300704900
.309050100
.320452500
.288347200
.273870000
.298455399
.337707300
.281641600
.307174900
.252312300
.304156800
.310486200
.339846300
.257965800
.258722900
.330094601
.314954600
.277510800
.327218800
.253533600
.318202600
.307068600
.329619900
.312823900
.274685400
.340376799
.307475100
.306550900
.249429600
.262337001
.320312701
.302209400
.320147300
.263326000
.314814099
.312547400
.330560100
.251446600
.251781000
.314422799
.294909301
.265781300
.319025500
.284731100
.277644300
.305498600
.313730100
.295864100
.312386700
.251236300
.300835400
.304481000
.268482400
.261184600
.284473700
.315126299
.336193100
.260164700
.293862700
.272411000
.370629701
.282855400
.288130400
.301210000
.254921200
.292116000
.286609400
.309710700
.312643300
.278217200
.318567400
.302225300
.321303000
.265079600
.312831300
.300274500
.263886700
.311465800
.312688900
.293926300
.311603800
.316921800
.308336900
.286194500
.255197399
.303196000
.312917700
.282437500
.255984800
.248352200
.307620600
.299417500
.293562500
.254615500
.310284900
.305326101
.312851900
.310349700
.263366500
.248037600
.352810099
.271392300
.374936400
.312286400
.311485402
.316606200
.284516900
.326052500
.274268900
.257874200
.307633699
.320361799
.303194200
.349793300
.329784600
.305758300
.301922400
.318128600
.285743202
.306323300
.312774800
.368070500
.284935599
.285336701
.273003900
.314811000
.293837700
.255771000
.251938500
.313849800
.348597100
.282524800
.270180900
.268971600
.327395999
.316091200
.280740400
.310878801
.265214500
.330560599
.309197200
.252504300
.298368601
.258922199
.305328800
.342897700
.300354600
.281682001
.254806799
.294189799
.332366500
.265143800
.262144700
.313035500
.312788400
.313602100
.298838900
.281500300
.257621600
.312509800
.302133500
.287610800
.365712900
.265971601
.264302800
.320349100
.296374500
.300765700
.265224600
.286788100
.311883800
.271543900
.281502400
.293080200
.316357100
.320854300
.277121700
.292270900
.250668400
.296926299
.264162300
.390079100
.336218300
.298711601
.849302800
.918698100
.389987100
.312773400
.293315300
.314447400
.255758900
.290541600
.309292000
.301508900
.316484300
.289868700
.320206200
.325889200
.266868600
.323875900
.304941700
.273447100
.256571400
.258027500
.300345799
.248569500
.307977700
.284497500
.304154900
.260390301
.296453899
.283637800
.284425500
.290474200
.272686800
.304096199
.311893900
.290173100
.258283200
.258203600
.316212401
.298512200
.448778300
.287997000
.300812100
.307591300
.254892400
.262588700
.255078400
.292661501
.308646500
.288663000
.311852300
.306971800
.254607499
.368484200
.272258900
.280173400
.252027000
.347059401
.315691000
.298838200
.283398000
.288468100
.314247300
.249355000
.256988200
.306664800
.256834300
.280687200
.341745199
.326695800
.297031600
.251451700
.253285800
.299882501
.255352500
.248387500
.304294699
.321156900
.298094601
.287342200
.283979000
.275197900
.265013000
.257380600
.260166400
.324898900
.267631900
.259008500
.280079500
.325701800
.299440899
.309320900
.263209500
.303427102
.264160800
.291808100
.276585300
.269644500
.265325700
.303115200
.310458200
.343634400
.280725000
.260690800
.277346000
.320960700
.342540800
.275194800
.275125700
.309418900
.311988400
.309133600
.297126500
.271081600
.314516199
.310591400
.257538700
.298395300
.286265801
.286229700
.325987000
.305560600
.295944800
.263111401
.342506200
.311582500
.321723600
.263061300
.299410300
.312700700
.313784900
.286446600
.254751700
.322264300
.301606400
.306271600
.304058300
.318420400
.308920900
.308524200
.272517200
.308833499
.287810501
.328217700
.270144100
.301665000
.242179300
.260877300
.317144300
.335075600
.266602400
.258220700
.302402600
.292920299
.297946600
.298521900
.270887900
.319387100
.277663300
.277716800
.318350200
.286141700
.293386700
.382397000
.304916700
.314659500
.312555000
.293779900
.312703700
.318894200
.322127600
.274797200
.255556600
.297744299
.316514200
.306996900
.261932700
.263587200
.314643001
.270843500
.260058800
.307886400
.252688100
.307414099
.264600900
.299608400
.306703100
.255279200
.262322100
.308863901
.311685499
.266097900
.272474100
.259533800
.293560701
.311357600
.300148100
.272485200
.262138500
.309982900
.304620300
.256987900
.274316000
.253412100
.301743400
.321909100
.302110100
.252188200
.262245300
.333142900
.317898900
.277956200
.289301300
.325817800
.323260600
.312326000
.344822500
.315272500
.269741700
.315019300
.270927600
.257370600
.248330200
.258642900
.299677999
.319686000
.309511000
.281754500
.311018100
.307898901
.302946400
.274870800
.260318200
.297014400
.292884200
.316694500
.294180900
.266535700
.303138600
.321070299
.257921800
.269685700
.259822900
.254119900
.255002400
.359083701
.302937900
.273097499
.254831000
.318531901
.288926000
.322832200
.275220300
.263012000
.262073999
.316789300
.346959100
.306942700
.280560000
.261706801
.304693498
.321671500
.295719400
.318637801
.251702000
.332190699
.259776400
.265504400
.259527701
.263196601
.258055900
.249530800
.311526100
.260897200
.258871799
.309144500
.249266100
.302493100
.304507101
.290205599
.311358501
.312200900
.315960500
.266335600
.272514400
.257502400
.287067601
.304528800
.251982400
.284422300
.259672800
.315494499
.307383100
.259626700
.256385900
.303730500
.247614701
.307333200
.306812700
.262952000
.256522000
.316271899
.316155400
.300396300
.261653400
.295723700
.279036501
.298401400
.291430800
.261070101
.293859099
.263520400
.304873400
.334797500
.269412500
.316459100
.308877300
.312152500
.288253301
.267461799
.256638699
.259883900
.301332401
.267152000
.305136200
.326291500
.263857700
.311256000
.312149700
.303798100
.267156700
.317566499
.316807200
.322857800
.298141100
.259364000
.295020200
.313410200
.299015800
.255728700
.304742200
.259370999
.301096700
.295655000
.286187400
.256525800
.260037700
.309381799
.300563000
.286225800
.267886000
.262659400
.303537701
.328663000
.272286300
.254253200
.267157100
.302922400
.310374600
.242067400
.295897100
.309246900
.340042199
.318579900
.314737500
.314265900
.247301400
.336354001
.279603900
.298510200
.268404600
.300849300
.279828399
.304997600
.307122700
.253259400
.285206100
.332371601
.300098000
.255584500
.287064300
.296364200
.322180800
.294901200
.389625200
.307424700
.268583800
