.278939700
.335387700
.279313300
.315432100
.291655000
.299226800
.332633200
.301400400
.279451600
.305376900
.278181001
.280588999
.300819900
.295163000
.282186200
.301810700
.313924001
.330701200
.297368500
.249491100
.285974000
.333056600
.277138300
.250430900
.295154700
.282078100
.287581099
.291513900
.319114700
.259113400
.266713700
.291513601
.311258600
.253068500
.317536600
.292484400
.311767200
.272737200
.300481900
.278606700
.300233800
.235355200
.306543300
.310822600
.284491200
.250113700
.284584300
.276093599
.313651800
.244460100
.248989800
.309930601
.373902199
.301793100
.246845900
.251217600
.278494700
.307084301
.254261100
.259569300
.292775000
.284801900
.339842300
.299049000
.291405500
.257383500
.238235000
.300998500
.304547400
.310625400
.287030400
.280554300
.337734600
.298179400
.243938100
.246376100
.239542900
.269718000
.317237198
.239876700
.282246100
.334947100
.270628000
.288291301
.292613200
.299177500
.308057100
.275626300
.299215200
.301170200
.307355500
.264675800
.244392800
.308712099
.287110900
.243096400
.273077700
.245332500
.301721001
.270442800
.331204600
.247521900
.273227000
.236008600
.304827100
.255886000
.287614200
.280119100
.274314000
.300871899
.285442100
.315716900
.288441600
.246095300
.293407800
.280327100
.306776300
.269897100
.254613900
.232031800
.309780501
.280451400
.259669500
.250295900
.299499900
.250683700
.309638300
.260914000
.281975400
.251425600
.292948200
.246650500
.276483000
.242344200
.254823700
.254138400
.287280499
.299747900
.252251800
.241754800
.299912800
.253419101
.373487700
.342435000
.292926700
.256656100
.326154500
.274545000
.280902000
.249386300
.267168200
.242841200
.286235199
.299091200
.247740800
.246562100
.280589100
.294027100
.265998100
.294208900
.312130400
.244827800
.301952200
.282798600
.307184700
.259147500
.279416400
.320641600
.314184500
.304255200
.256493700
.238413500
.277320700
.312731900
.278809400
.242440900
.244904500
.254484899
.417802401
.302240100
.268434100
.261643700
.259131400
.321411299
.273432600
.237484600
.279387600
.266137100
.292605101
.300443700
.274770000
.240635800
.292115500
.254309099
.242114299
.306747700
.258566500
.244674500
.306065301
.331455699
.281480900
.251436400
.247981800
.242544000
.276701100
.283383700
.241743000
.240641200
.258144600
.295945500
.250712999
.301626800
.350062300
.272194600
.242925000
.298070200
.287548100
.272337800
.248826901
.266086800
.249970100
.289080800
.273860100
.254134200
.285801600
.277672000
.241139699
.300627400
.285713800
.292832501
.250860700
.242726400
.301402100
.293284300
.257950100
.246687400
.251124900
.349374300
.290070600
.295699800
.310088700
.253950300
.253680898
.294914100
.251858201
.250660500
.242451700
.259033500
.301182700
.246071100
.265585700
.256597900
.261113799
.306991601
.312455400
.278089100
.261011000
.263706600
.276974400
.246637600
.269582000
.241809400
.251700200
.243083900
.248443000
.339490100
.294885100
.245347700
.251808800
.249996299
.297702800
.299791600
.247508100
.262040700
.241902400
.310384501
.261638600
.289106500
.230299100
.262514900
.247919400
.264729100
.301449899
.277476900
.255609100
.242497500
.307447200
.260744900
.274038000
.258472300
.254227700
.246560401
.298924499
.285262600
.259162100
.242890800
.241570601
.488165999
.285998500
.253434700
.249763000
.244546400
.307447899
.290137300
.253611000
.259238201
.256293599
.317810701
.289087800
.273904100
.233349200
.250326799
.248969602
.295040699
.278605200
.279067400
.244149600
.240008000
.271373900
.252267200
.281614700
.234288001
.248073500
.243994900
.278277001
.267775800
.283121300
.285928200
.250797500
.296253900
.256664800
.275831700
.255695100
.243740200
.255200600
.272984900
.301606900
.240315200
.262490500
.266390800
.237505500
.241249100
.285620000
.281575900
.279254100
.256310300
.242890999
.293699500
.295758700
.246918100
.247521700
.283813901
.293142900
.250188900
.245623500
.267444500
.247106800
.244163500
.274999900
.354828300
.253813900
.245835800
.257724801
.292329700
.303662300
.252073700
.243984700
.250476600
.309071599
.278862700
.244680900
.244803400
.242440200
.247452100
.257205201
.299001000
.274190500
.241553700
.246900100
.282705000
.294847400
.297191100
.278019000
.252499700
.279243701
.294671200
.288468900
.247774500
.258939900
.268547000
.268384700
.241990600
.291989100
.264047600
.243938900
.252743300
.288326600
.308211200
.264486400
.237935400
.242286100
.303000100
.304880900
.247105300
.257957300
.233999500
.251961400
.265048000
.297354900
.247521600
.253910500
.245679700
.250902000
.262512600
.294372700
.243088700
.246770100
.242098500
.280789400
.393907400
.290474500
.249467200
.244504800
.290626600
.259138100
.274205900
.247504900
.258301200
.238484500
.310243100
.287265000
.252034300
.252860600
.243406100
.315092599
.257958500
.263628800
.242376400
.239230100
.262243901
.305633400
.287298800
.250712000
.239494000
.344630300
.303477600
.255136900
.276266400
.268560000
.238584200
.249631801
.284018300
.361348300
.250478600
.241771800
.260569400
.238951300
.302255500
.253744100
.239643900
.259682300
.246301600
.295691700
.278730900
.296348800
.254803600
.239832800
.245826600
.314600300
.239235800
.251746800
.232242400
.243190900
.266912499
.245651600
.238945000
.264505400
.256246300
.246769601
.289030500
.264183100
.248527800
.251212300
.251186699
.291804501
.287131800
.286500900
.256315100
.269597900
.250976599
.234858000
.313063200
.280656300
.244070600
.246204100
.294890200
.305977800
.247311100
.264218500
.242447100
.288943602
.232642100
.278724000
.252716300
.290994700
.245040500
.243120300
.292387900
.294580600
.266717200
.236650500
.258772500
.316222400
.273222700
.256431300
.236344000
.268937400
.310115699
.302609200
.250946200
.259113400
.242832400
.240524100
.304021898
.286779900
.274185600
.251449200
.249661300
.301199201
.282698700
.294298500
.314657300
.258780900
.321289500
.297886600
.249708300
.264283700
.296597400
.283475600
.291944900
.308864300
.254388800
.245580500
.244828499
.291083201
.276045200
.280954900
.247245100
.260105900
.289965699
.318262900
.249540700
.261296100
.246228400
.246913402
.248988200
.249702400
.287825300
.238446300
.247679300
.246910700
.288323800
.279058500
.245083000
.238854000
.236781800
.309858300
.277910600
.294591800
.258848300
.238348000
.259595101
.293219800
.281809100
.269933600
.243129200
.279194600
.303213800
.311648100
.252296500
.299641700
.245660200
.278299200
.235694100
.307472500
.357841900
.383997500
.362878799
1.032625200
.650430701
.285111400
.287149800
.246494001
.301883000
.286755700
.248218000
.250547200
.300981700
.251972400
.291196100
.306852100
.298765100
.260984400
.265858200
.296888500
.309733100
.286340500
.245055600
.286089800
.315428300
.324715800
.273131000
.252331200
.240651600
.245100900
.315460300
.265826100
.296663700
.243159900
.251014201
.311428199
.298168800
.244080300
.240974300
.275765400
.316665199
.289449800
.241270100
.248869500
.271998600
.258776301
.238285900
.302219200
.382080400
.283650400
.359561100
.278986400
.260055800
.249462400
.244661300
.291170700
.304572500
.286174100
.255037000
.249075400
.240573899
.323812900
.296217000
.301824400
.258170200
.251127300
.243745700
.274612800
.349257100
.281333100
.258669900
.255890899
.289063000
.280137100
.245739100
.274154900
.251504400
.291301601
.280506700
.277983300
.251043500
.245272700
.255515399
.305820301
.273819400
.301891600
.249152800
.252336500
.270442900
.319009299
.245564600
.299851700
.251112200
.237189402
.280605600
.282041500
.229891500
.251119100
.242263700
.310331800
.284881200
.280973600
.252126600
.253620000
.266957899
.236525401
.287188900
.298847900
.289551300
.257946700
.275090400
.282597500
.267927700
.248981700
.250117200
.301301000
.242217500
.259669300
.262914800
.297707000
.258654000
.236604299
.290646500
.290914200
.275505200
.240043801
.249737600
.314135700
.253183500
.259200100
.260946000
.251923299
.259349501
.233864600
.249464300
.243344700
.300968900
.247240600
.242754600
.307109100
.294301400
.257698100
.236169500
.253480400
.322592700
.275765500
.263239200
.241119100
.248482000
.305186400
.252664300
.241869600
.248059900
.243771200
.247858700
.243113400
.307576000
.273463600
.316941700
.272747300
.314524099
.296140800
.243492000
.254556800
.248553000
.276202501
.232762200
.284237600
.252920600
.246532300
.266199700
.238755299
.251078700
.310959700
.256181200
.243193500
.252404001
.241278200
.246322100
.236269500
.258719900
.246491100
.249311700
.271805399
.313794900
.270831800
.255848700
.250583000
.288111500
.304489200
.283500000
.287537900
.258781200
.240955801
.294249200
.299674300
.243299900
.293684500
.246713100
.288282300
.303562800
.265091400
.264602500
.266461700
.302202399
.282938900
.253462700
.238679100
.243192900
.246045002
.280699900
.307522800
.246839400
.248420600
.251802600
.302941599
.284445700
.232486700
.251832800
.268088500
.251431002
.259588199
.289772400
.288112400
.242829700
.238120200
.244219500
.298934200
.293712100
.238754000
.309302100
.267165301
.283800699
.245902900
.289894200
.267802700
.264455300
.279741399
.297403200
.290612200
.259530600
.255098700
.252285601
.274067000
.295045700
.237682401
.256224300
.251502800
.277940899
.268867800
.260322900
.340286401
.250687300
.248641500
.249700700
.331025500
.253550200
.253073500
.269765901
.282493600
.242776900
.249817200
.245157500
.259393900
.230740700
.292201300
.248473700
.246612900
.248533100
.244823000
.295747500
.262831500
.282868600
.241459600
.247927900
.242977200
.249281400
.318432800
.313514000
.294488000
.264589200
.282148299
.292215300
.256624400
.248079800
.247674100
.249028200
.277514001
.251515900
.278674500
.259343100
.263039600
.274504900
.319771000
.275997600
.257043000
.258127500
.252492300
.235273200
.237979400
.279635700
.242995100
.239068600
.250118300
.282838900
.288684100
.237476000
.245265700
.292839700
.269959900
.253215700
.288357500
.273261300
.252412200
.256808200
.293831499
.298095500
.245344800
.249095600
.259283700
.274614301
.312998600
.276913100
.246007900
.258104800
.253228499
.283570101
.292836700
.251947600
.249310800
.257278500
.296760199
.291103501
.311989100
.256926200
.257858400
.282813600
.251805900
.290841300
.246847600
.247325200
.228854400
.302436500
.350192100
.248105200
.250257800
.246419400
.289678700
.254627200
.370727700
.260648400
.252641800
.266824300
.288273299
.300767500
.244929199
.246719401
.242425500
.267822800
.287062500
.284405000
.248132200
.237872100
.242061300
.321779199
.264289100
.308220600
.248243800
.245784100
.238769500
.279230800
.364177800
.257339600
.246756500
.241713899
.274036900
.310310300
.244991000
.241450700
.257402800
.288146001
.289680900
.278091700
.246120300
.283046000
.235753000
.246218400
.275826300
.246325800
.255838900
.260983200
.305426900
.296698300
.266102000
.285098600
.237977900
.260557200
.273097400
.280300100
.270449100
.298018300
.248422900
.271793299
.307259000
.275764700
.251216800
.248395800
.296242400
.262920700
.306564200
.242598900
.249429200
.257088999
.290666901
.293002400
