.441120300
.316389800
.356107100
.394772100
.385140900
.384591500
.407722199
.362444500
.409174301
.415574700
.335595600
.377704899
.381739400
.359365700
.378597500
.348824600
.402767100
.337903700
.400514700
.364718800
.402424200
.340730800
.359691000
.311803300
.371003600
.345384500
.365888600
.339491800
.310332899
.371134100
.352824200
.334817900
.405664100
.391373600
.408426400
.298089100
.329951001
.404231000
.360120100
.398442100
.387428899
.404279201
.380802600
.330570300
.327439400
.375343400
.389308500
.367815700
.339244099
.331577700
.394176200
.371857800
.379597401
.329442200
.375170100
.373151200
.347706100
.364906800
.291051800
.340313600
.407837900
.461222000
.335103900
.324748000
.366800100
.365638100
.307076900
.297043700
.280533500
.401274299
.376307600
.325750000
.326095100
.351732500
.390557200
.406294700
.385569900
.347211901
.297813100
.329559300
.350558900
.303130500
.373676299
.306026200
.278457200
.341854500
.331908601
.334807300
.340893600
.388132900
.335494199
.332525700
.292770200
.367732400
.361298200
.353174400
.315357000
.414954800
.296999902
.341940899
.345209000
.389165800
.310202501
.424223899
.353577100
.339348500
.352542600
.290587500
.301136600
.287267400
.274600400
.300233800
.302175200
.377667701
.324312200
.360970000
.291597800
.320010200
.389559200
.359749900
.358257300
.352132699
.376231900
.379069800
.341319101
.368279300
.331716700
.322292300
.300014400
.303206400
.336199200
.321053700
.315246900
.352598800
.454907300
.315594600
.348185000
.352999900
.341665300
.332149300
.378539400
.292440500
.284823000
.318761900
.334165700
.303379500
.391136400
.401395698
.402703200
.307008700
.302469000
.284681701
.350287900
.298486200
.285007400
.353392500
.340840800
.319248600
.278114700
.296514000
.309981400
.353556500
.377172100
.386149800
.286339700
.337961300
.286072600
.308569800
.289680200
.325701300
.347197400
.312957600
.353954600
.283310200
.307716500
.357840300
.320197900
.320304600
.332920300
.325679000
.325914100
.284707600
.289658199
.293767200
.345441500
.339614300
.341913200
.294965200
.369390401
.340724000
.323331500
.301855200
.292838800
.327367799
.353210800
.328139900
.339662900
.315106701
.384417000
.464674100
.286052500
.313032600
.309568700
.302266400
.298335200
.348021500
.351831299
.287003400
.323448800
.367786000
.326940601
.376087500
.347943000
.380089200
.314864500
.327925699
.342919300
.315139200
.360615900
.322741401
.303854400
.367194300
.304029800
.285262300
.409836200
.381049100
.291517200
.293840600
.489846500
.374554900
.291502600
.300056300
.376243700
.374266200
.288837600
.290423200
.318639800
.332159800
.319387700
.321217900
.423780800
.295489000
.334841900
.289246200
.337703800
.287443600
.342781999
.318399200
.377926400
.293923200
.337153401
.389337000
.294031400
.351783400
.458727800
.404609400
.408012100
.431767500
.467661700
.387199200
.424442400
.459994999
.365696000
.316962400
.286778400
.302351500
.368677101
.323533900
.295083300
.328632000
.332340199
.359510100
.352123600
.320054600
.301574100
.392295001
.274993200
.310490800
.308219300
.420877599
.332505600
.342791900
.311984000
.323814102
.321422900
.336078100
.293319700
.312044500
.282783299
.335886800
.337045300
.305339000
.293878600
.357900900
.348425700
.283615900
.299123800
.320580401
.367624499
.352153700
.276600900
.334175200
.352482999
.346920800
.317624200
.289872600
.288340100
.330155400
.382454300
.293234801
.343495500
.329012899
.310337700
.310878700
.298787401
.300358899
.357385101
.285269600
.322620300
.317317500
.459123900
.280352900
.307782000
.337404500
.323479900
.312176200
.381392800
.283912700
.304530200
.333547200
.331182000
.242235900
.298744900
.344350300
.325852500
.324908800
.312122200
.334259700
.320626900
.316173700
.340340000
.338761000
.295324000
.331456299
.333311900
.312771600
.318500800
.289615700
.295817000
.377235000
.300816700
.293633400
.343498599
.389269101
.298304700
.287740000
.322376400
.345071500
.316937999
.378067600
.332280300
.400535601
.321632000
.333042000
.297444800
.298482800
.344595900
.350596700
.289191200
.293842000
.338200699
.348425200
.313016100
.285342700
.301799500
.360104401
.301447600
.327214800
.286631900
.290064900
.330928100
.344626500
.314441200
.290389400
.342693900
.313570500
.283630500
.276112100
.312186200
.296438699
.331704300
.350573800
.321756300
.309414601
.327167900
.328312700
.276840400
.306166900
.319698600
.335141200
.319504000
.267069500
.277628300
.337794500
.271004900
.293913700
.283245300
.330600200
.333111000
.310275000
.275318800
.328226700
.293515101
.296041000
.321377400
.332733900
.282265100
.286293300
.355955500
.290633800
.329757800
.285479900
.282112500
.360103100
.349045800
.321858800
.294106800
.337611400
.299284200
.303015200
.322239400
.297155201
.345788400
.327758300
.303550300
.305114600
.374417800
.327163800
.319014200
.347171300
.325180600
.340925500
.329233400
.293709200
.291339100
.364343700
.313569900
.287423600
.308962600
.277562500
.321976900
.355109800
.362790300
.325928800
.326829400
.365899000
.384717300
.303053000
.302715500
.295326200
.321573300
.285343900
.309745100
.304421900
.342641700
.325617600
.304532200
.276163700
.339979300
.264796400
.292192700
.282442200
.300830200
.316224800
.361756700
.364523800
.290297800
.356557600
.375957700
.324866100
.317213300
.359142300
.320020199
.301719500
.332073500
.282966300
.296324900
.384147601
.298346100
.296924200
.328996600
.316170400
.275730400
.280812600
.322451900
.285493600
.396954900
.354741400
.300776900
.292441400
.297808000
.323278800
.314537000
.295046600
.316742500
.285566500
.344309200
.318929000
.325793500
.275929200
.290904300
.333984800
.348025900
.318562100
.305497200
.339390200
.319974300
.314731400
.326986600
.387654399
.348105900
.288084000
.300287800
.275813100
.400965200
.424964600
.286777100
.315715600
.451387401
.321762700
.295921100
.307650800
.296542800
.415834700
.350407500
.352637400
.281495600
.296210801
.314763899
.285224000
.290941800
.316898200
.340832700
.295570900
.292975700
.323016300
.294531300
.294282000
.312031100
.323793200
.348421500
.322401699
.309899400
.380725200
.299623800
.284784900
.329976001
.307859500
.296581800
.299594400
.312593000
.331593599
.329616700
.287081400
.285133500
.282262899
.342037300
.309252000
.280106500
.290172600
.325613700
.352760900
.318150000
.343342000
.315113700
.330468501
.286474400
.293331300
.313604600
.332626800
.362625000
.355264000
.299258300
.333846700
.336961800
.345310600
.293298900
.291432100
.294052099
.314638801
.274534000
.314982600
.305643700
.362200200
.316624400
.301592300
.276128700
.338146300
.316040499
.342023400
.289038200
.336260900
.286922500
.351409001
.332633300
.321185600
.324639800
.280217300
.337030300
.328162300
.324898600
.294561600
.336777500
.359402900
.333951000
.292326300
.294153600
.352904600
.316577700
.281153000
.282150100
.315834500
.340895400
.336518900
.285787300
.309536000
.352810100
.339382400
.292571400
.311223800
.322547699
.415680000
.278927900
.337659600
.292800000
.381564901
.335686200
.285192300
.308172700
.295480100
.338427600
.284952800
.303809500
.315394200
.334761500
.343361500
.367742400
.325036400
.317642700
.367530800
.328826600
.303448800
.312959100
.349981499
.331646900
.330798900
.309729100
.295846300
.314614701
.293965200
.284329400
.291365400
.275291100
.326904800
.332553200
.295127000
.285348100
.323627100
.350358300
.327752800
.316088800
.344987200
.333657700
.364128000
.329537300
.297577900
.278122401
.353538300
.385892200
.302883700
.284986600
.417595200
.312273600
.290631800
.321549400
.288540800
.350344800
.313691300
.301941000
.283222700
.333295700
.283689200
.285246500
.298380600
.323984500
.294416400
.348527200
.320567500
.304676901
.314321399
.369738401
.353703700
.327720600
.294544100
.332901499
.361467000
.295454601
.328851800
.341893899
.352839801
.301946800
.287610000
.333816300
.320316200
.330013900
.316598800
.288775100
.283402700
.348690200
.308456100
.335804500
.288213500
.283687100
.363790400
.395819900
.305360700
.283158200
.345645299
.348459900
.377760800
.292552400
.344296301
.433935400
.286815600
.311385000
.320887900
.335631200
.333739200
.288842200
.329862200
.381081799
.328837100
.339657400
.288885200
.315949502
.341379100
.335725999
.317057000
.305355801
.287448500
.352988200
.278535600
.306838400
.300098500
.361968300
.305118500
.307074100
.324314800
.307803300
.317234800
.289864700
.324058600
.305107100
.290633300
.371149999
.357899400
.331787700
.336549500
.346148400
.358635700
.307729900
.279619000
.294653501
.382388098
.319935700
.278890200
.320601300
.321379800
.305920800
.344903200
.292372700
.288045700
.421606300
.434107300
.292403100
.317520000
.324324200
.381796200
.311542500
.301589000
.296160602
.346199600
.313142100
.304755900
.314219000
.352729000
.332976900
.301035700
.283811300
.308105100
.367460499
.367867000
.312594200
.299995300
.277878601
.330244100
.326415300
.307898600
.290777100
.326835699
.317298900
.342969500
.303534100
.319539900
.341796301
.286245000
.319566900
.322868499
.374586601
.374631600
.321541100
.297433700
.288350400
.356640400
.320549700
.282783300
.305807200
.349341200
.327997900
.327911900
.299315500
.303315400
.459551699
.364721000
.343506200
.279251200
.339872301
.349348100
.301573700
.281751200
.278622300
.363507600
.308322200
.327915900
.291528700
.313722900
.315295600
.291183800
.329142900
.336674100
.349567199
.376186300
.293701400
.283189600
.303399800
.282117700
.323043900
.328076700
.311381000
.291329602
.345218600
.293674100
.281455500
.305136000
.362580700
.346176900
.364034800
.293403600
.291665300
.316096800
.337501400
.283337200
.287620000
.311759800
.338933000
.292184200
.301743300
.301924100
.323100200
.360715200
.331889600
.364902799
.364348601
.413816400
.307917100
.337695400
.316413200
.292461199
.339848200
.344358900
.307827400
.280304500
.319350500
.353893900
.294318600
.309526700
.316437700
.338410400
.241614100
.292224900
.291330701
.327847100
.320875500
.345361799
.277329500
.323849300
.343612901
.316403600
.303018300
.317394599
.319381700
.351923000
.347878300
.342274300
.295777802
.289097300
.282508000
.304101200
.288445600
.297466900
.350391000
.272865600
.278794500
.301535400
.315663401
.309412300
.308965200
.359426900
.348379800
.375797100
.362669400
.294468900
.276283800
.308421600
.285427500
.320522000
.294985700
.292521700
.289035900
.347341100
.344963700
.318165900
.289892500
.356187800
.325958000
.337165800
.271135600
.287416000
.331827799
.337815200
.295359700
.288341000
.317998101
.339540700
.308382600
.289820400
.277068100
.288782800
.324433200
.325777100
.320980100
.335260100
.339057800
.349817100
.276653100
.302881100
.281134000
.324955400
.332396800
.279240300
.296328500
.279983400
.294907400
.289576600
.284343900
.354362600
.331086700
.359554700
.343543700
.315106200
.287128700
.317454500
.314933100
.315224000
.309330300
.314613100
.354684000
.306571800
.304677000
.316759100
.332155900
.290602900
.332966900
.324278000
.298354600
.288569800
.302704900
.329268800
.313141500
.307108300
