.392783900
.492335001
.437759900
.447170100
.419980600
.431775300
.391624299
.323788100
.414100101
.395240300
.437250400
.385644400
.476257900
.406540200
.463619500
.494023000
.403606400
.428387199
.399458701
.469252900
.429353600
.398027300
.445042600
.404110600
.451710100
.469119000
.388566600
.460382000
.515580300
.460828800
.438650600
.376127600
.420498500
.291129300
.381439100
.358784100
.350783800
.383259700
.345677200
.371499100
.392126700
.474526700
.343318500
.426866400
.377015300
.397421800
.305191100
.362208800
.379229799
.328900700
.369900000
.320408500
.419449000
.475776700
.371340400
.427718901
.388863000
.295109600
.403880900
.332433000
.308907100
.401259900
.357605300
.405443400
.344310699
.337982700
.389225900
.362851600
.371448500
.384192600
.361582500
.398445800
.420456701
.382995200
.431234900
.418349300
.348229000
.348782400
.405022800
.412880600
.419208400
.374494400
.398830300
.452040800
.351785500
.384184200
.385452100
.392862800
.356112199
.354030500
.345719600
.413766600
.389178900
.352926400
.446119601
.397448700
.350268200
.378539800
.469066500
.418376100
.412946400
.347892900
.414405100
.328705700
.377446600
.401529800
.409427300
.383197000
.387325300
.402674000
.400806100
.404505899
.324550300
.348287100
.406764000
.374707000
.333583500
.375304502
.415907401
.437309300
.351759200
.456725300
.383063900
.311243900
.307875201
.332563501
.393249400
.378320500
.348949100
.337100500
.353595100
.383297200
.376522000
.378341800
.365250400
.371024400
.328232500
.304328300
.359504299
.324790900
.347084900
.305854300
.326794201
.360982400
.326731900
.387501600
.276866899
.402747300
.392465300
.359227600
.445623501
.410600100
.416909800
.327797500
.450680800
.368232500
.348550600
.321036300
.418225400
.351368400
.390805900
.370818799
.454965700
.362395700
.344780100
.410436200
.343075601
.406292400
.403544000
.331288601
.377776099
.388299600
.356043300
.356764700
.417154900
.402054100
.307276200
.340054600
.342537100
.338700400
.369094500
.358821400
.464722899
.330667800
.352886000
.357983900
.351709901
.465407000
.341611000
.383772100
.376040999
.336046800
.340419300
.291162600
.332223499
.384748000
.314005200
.314052800
.305954001
.360872200
.386842600
.328316100
.354429799
.339454000
.498485600
.364336500
.380028401
.339895300
.358327600
.376154800
.331957501
.382032100
.335959300
.357410700
.494512499
.479308100
.347276300
.395989800
.358799200
.336960000
.331460400
.296370400
.295405401
.329730600
.346777000
.296399500
.356645400
.328954300
.322471100
.354536200
.407806800
.416557499
.404135700
.392738300
.296413600
.376205001
.367393800
.301258100
.306908400
.293162300
.323451201
.328223100
.296482900
.330149600
.480898400
.401575200
.383039199
.354584100
.375077500
.336872200
.391788200
.309681900
.322840801
.367703100
.309621700
.334778000
.356912100
.370408300
.338879700
.302054900
.375069800
.385484100
.405376800
.373458800
.342010300
.398578400
.377428500
.361697300
.347453800
.388244300
.353935800
.386787500
.432718400
.389822500
.383851800
.401096600
.404743400
.376206800
.399568600
.359504800
.363526900
.349001900
.301348300
.357892500
.367510799
.350157200
.363262400
.376320000
.365451500
.395290500
.374667600
.368974300
.477449800
.405741200
.332440800
.406891300
.363115601
.364640900
.327728600
.358447300
.412115800
.382758700
.434473000
.346106900
.470346099
.405087400
.409325400
.358225301
.364999800
.348713500
.369828100
.315673600
.415878498
.374466800
.367341602
.296881399
.360444801
.345616500
.379473600
.321731500
.357738599
.340664400
.344544700
.354783200
.359173700
.389554100
.382632100
.394925700
.393077200
.375378400
.446419200
.345914300
.412795101
.406404600
.380817300
.382773500
.391659000
.302280400
.348882700
.378969400
.444184500
.398689100
.314576400
.326404200
.364457099
.322005100
.349107500
.325033900
.390413500
.396663000
.365067300
.375590100
.331069099
.361541100
.443697400
.340362900
.352484401
.430924900
.349970400
.293083600
.388517400
.296485200
.366000100
.316611300
.356059000
.289852800
.300052800
.349993100
.368490700
.447663400
.408335500
.321182800
.394968400
.362302600
.290604300
.325572700
.374951500
.360873399
.320379100
.345573300
.318914900
.375455101
.437672300
.365504800
.334234200
.366834300
.336522600
.327247900
.350933100
.301456300
.399347600
.347011700
.300294600
.336557900
.325025699
.366906000
.338182200
.309292600
.391731300
.337100900
.373072600
.383244400
.395041601
.346795300
.389620000
.342996000
.412626801
.320589499
.368801000
.398421301
.416170799
.323893200
.321396700
.383925300
.398807001
.391362600
.351397800
.325372400
.387545700
.403191000
.416317800
.387228100
.420321999
.410475900
.328442400
.352819400
.385366400
.417161100
.384717900
.354403500
.389983201
.400956800
.341156700
.299505500
.372507200
.394599500
.304986100
.346617200
.397841499
.390374600
.366866200
.354958600
.385048401
.391921200
.294185900
.328837500
.366200900
.374137600
.342042700
.316510000
.381876600
.438650300
.354807600
.439174300
.408820599
.374339600
.388930600
.312145000
.345570500
.351484800
.329779800
.351981600
.374539801
.436700500
.475462499
.343659300
.406427801
.330150700
.376951800
.307579000
.340913899
.373969101
.380731200
.392017900
.353470100
.347661700
.348442200
.354086200
.408898799
.418215300
.348391400
.327516800
.298196301
.412855000
.379386300
.389722700
.399283400
.372777100
.316729600
.342070100
.335569000
.381730200
.426446500
.355374900
.397719400
.348757700
.301359000
.372415400
.294387200
.350086800
.310095500
.330433000
.305039900
.342088100
.328199700
.356749900
.298245100
.341286499
.401706200
.323501300
.338784600
.348306201
.351085499
.335313100
.347738100
.320155200
.332690300
.322195500
.328057600
.317911900
.345396900
.350091400
.361379700
.421568100
.386078800
.369568600
.328590700
.294744400
.321750800
.297897699
.390427500
.362110601
.371501799
.363059800
.324226200
.314046701
.367146800
.351911600
.368117600
.367198300
.352176200
.372094100
.358909700
.397962200
.358113700
.431114500
.340244400
.339625400
.391894799
.353366401
.375704600
.452135700
.350810100
.391393799
.362609200
.344043000
.365874201
.342877100
.343053800
.356050800
.325524400
.320272200
.295161900
.351020100
.351430000
.393622100
.404177700
.394204100
.357153000
.320391900
.427222299
.309475600
.346853600
.339181800
.334224900
.362031800
.381825502
.362300499
.383941799
.428178100
.339666500
.328403000
.410804299
.337558600
.318389600
.370408800
.328661801
.371675500
.299733100
.347987900
.293804400
.339546900
.336610100
.355132300
.359975100
.365745600
.362830300
.282701800
.355984400
.299285800
.359311500
.338095800
.354232600
.323928200
.339614099
.327002800
.310947100
.400917000
.405787601
.373641400
.353949700
.413907700
.399970600
.446014700
.409730400
.326221600
.386597900
.361988900
.338673600
.338942700
.502735099
.385467500
.405400102
.380475899
.382646900
.366417500
.397678200
.327287499
.389888900
.370831800
.302464300
.308242901
.365340099
.356778500
.413089000
.357612499
.382953600
.318414600
.342085100
.308356000
.367123601
.316410000
.358802800
.345389600
.367905199
.338279500
.316173600
.345344900
.326550701
.416809000
.361767000
.343480600
.338870600
.345387099
.296903700
.343073300
.348799400
.369447499
.328326700
.381719800
.316891300
.371722101
.376834800
.348870900
.372879901
.364494499
.452389300
.343333700
.433338401
.380746400
.429644900
.351083000
.338167900
.359241700
.422365000
.324380800
.326002300
.397731699
.381127700
.330723100
.332020801
.368649000
.363640600
.337358700
.311122400
.324352099
.338425200
.343363300
.303251199
.288927300
.412809201
.410334300
.409900500
.354086900
.361865800
.335993100
.347483800
.281920300
.333620400
.332758100
.328672100
.301183400
.338707000
.292664500
.349097900
.362734800
.383731100
.441856000
.377622900
.342725700
.307531600
.346022799
.328146100
.326312600
.362558700
.330020501
.296133600
.323645800
.349817500
.302030499
.356038001
.395852700
.388186700
.328243499
.398996801
.302142200
.328915800
.357344900
.338809499
.335893500
.291734900
.302860900
.346205200
.324076501
.297310500
.387410900
.353550200
.411418800
.390000000
.293050500
.296704900
.307110600
.383942300
.299898600
.360626100
.300546000
.332851900
.347049400
.374738800
.311683600
.428665000
.429778400
.418174300
.334031800
.308468500
.285578200
.356280100
.321691100
.349625200
.360382400
.349768900
.391800800
.373318100
.344673200
.329678800
.362386500
.401664900
.379891400
.386452500
.341447900
.323768600
.320678399
.351346700
.343975600
.460955700
.446306301
.447827200
.398337800
.512941499
.376139300
.379728000
.395236201
.454679500
.370202200
.367361900
.349795799
.440270300
.366092000
.346764700
.317030001
.360320200
.399882399
.381099100
.439560700
.407717800
.389664400
.365367400
.386297200
.345965500
.407814900
.351874301
.368715800
.386147500
.361493900
.398417300
.363836799
.430479801
.365047400
.378194700
.404598800
.401430300
.378237600
.365917600
.378145900
.336561300
.345145400
.312005100
.328282500
.454093000
.339814600
.324982300
.387110600
.340894800
.291408300
.367569100
.352905300
.366992500
.358211700
.325133200
.333134200
.330606500
.387577100
.361325300
.377459799
.490112700
.387633000
.335167000
.430009299
.398924700
.369514400
.337504700
.391131601
.368503200
.329213000
.393022100
.412671400
.450981800
.351299600
.328250600
.439753900
.353239900
.299916800
.311677300
.356559900
.340709500
.331731800
.368221600
.297592699
.361110500
.361454900
.436862000
.393819601
.336344000
.362293600
.357092299
.322109801
.375407299
.354674300
.337480600
.310507599
.373732400
.338711900
.307397600
.395349401
.403367500
.372960800
.362068500
.294565100
.356779199
.380883900
.293614400
.304586200
.332644601
.328625100
.351153300
.309954000
.300525901
.409163599
.338643900
.383068501
.361796900
.365030700
.424216200
.365914400
.396903800
.426933500
.375732000
.320650600
.300605199
.350483701
.348907700
.316217900
.357529900
.362776000
.399003300
.325312600
.385111999
.290946501
.274762298
.362824700
.346701700
.332940400
.341418101
.366810400
.335033400
.297265800
.395304600
.375053000
.369386800
.386994001
.390167300
.368613000
.329935200
.314242600
.312305600
.353544899
.372847400
.326682400
.369130301
.319011000
.343278700
.372807100
.360186100
.389823600
.353989500
.361564700
.318685800
.357437900
.348590800
.312528300
.392126199
.387547401
.324411700
.362085100
.317499900
.308261901
.377881199
.401515100
.323596100
.327369900
.385780200
.341335800
.298090200
.330699000
.390255600
.334637900
.380826900
.293486100
.287878900
.365530801
.348097000
.418056300
.328027500
.376561000
.385931000
.298270700
.290944900
.349004800
.383062000
.343489600
.385292700
.352865700
.352239100
.328224000
.324177400
.333250600
.331324700
.370195300
.424999400
.367985400
.294507600
.370405100
.400601900
.362246000
.326901900
.427119400
.383861200
.447594501
.307418500
.335572300
.346139000
.312894400
.308159099
.360462300
.361046200
.352366501
.433090099
.416539700
.349207300
.339912699
