46.071534600
4.693560800
5.448094300
5.437051900
5.281190399
6.203140100
8.549764400
2.099243500
2.198148700
2.262943400
2.055859300
2.735366200
3.404330100
3.512119800
2.634411700
2.523343799
1.588201601
2.380353900
4.314937300
12.993774700
2.243138000
2.286728900
2.279611900
2.204922100
2.767547300
2.763895200
2.528274400
2.176052100
2.681506100
2.267801900
1.535074300
4.473016200
2.249703801
4.355792099
5.380921501
9.157246500
2.536892600
1.282385200
2.809898400
2.508032800
2.834392700
2.442990700
3.124141700
5.078845500
6.221945000
6.564399800
7.010656800
7.221421100
7.909849500
4.425081500
8.139355000
7.569862799
11.338398500
9.999137600
11.127404500
24.327969400
6.529791900
7.808447600
7.795476399
7.603712301
4.398842000
4.315047700
5.125222299
6.191623301
12.579707700
10.417787500
7.200636799
8.347618200
13.841741801
2.711217400
2.621863199
3.037522201
4.041998500
4.283669300
4.436021299
7.375027001
4.085503600
9.925309200
10.627394700
13.817171400
5.874804300
8.605788799
8.086823001
10.506462900
3.276266700
9.008092200
9.399608299
8.373488201
10.800689399
12.423159501
6.828537900
7.616836800
8.119432999
8.679907700
14.420661199
21.623429501
7.526587600
8.051233799
5.302439200
10.067012401
7.675746099
10.000568700
6.404713601
6.684675399
4.389253601
12.240979300
7.730365099
5.140888601
5.077446700
5.706260300
6.693885100
7.993595100
6.887641500
6.926401300
11.041875800
10.417935200
6.731141101
11.792247800
3.263653400
3.696022400
4.063202399
4.076324301
5.049194300
10.091059500
7.878764400
8.375546700
7.247373600
6.435676699
6.145601800
6.540762500
6.628661001
5.438895001
6.417215700
5.950107400
6.636613400
6.177627199
4.600959099
5.439239200
6.764858000
6.870707400
7.830723400
8.513050100
5.878512100
6.288180700
6.776797101
7.805921600
16.470137799
3.204185400
3.705696600
4.571832501
4.392368800
5.962586001
6.586324900
6.449607599
6.329741000
11.135759900
2.793068100
3.869610900
4.251820900
4.599660800
6.068757600
5.535595500
6.002937699
6.270188400
6.425483300
11.391247500
3.427356300
6.017950300
6.614038300
4.620946400
2.749076100
6.555319700
5.499983700
6.443231800
19.034349300
3.328662099
4.410252901
5.495980200
5.115877800
3.966902700
6.057792500
5.310519800
7.075180599
14.946255600
6.416101401
7.009605699
5.111918800
7.843459100
7.718006500
7.238630700
8.704557600
11.622382101
4.459968101
4.595013100
5.765264800
5.721922600
5.741323999
6.534973100
5.434223501
8.240581700
21.441638800
2.962606900
4.077059700
4.348351000
4.461971000
5.770205900
5.567766700
8.192229201
6.865274100
5.971136899
6.897362101
3.956614500
7.821457700
8.997246599
7.049222900
8.711322901
9.686306600
9.788469999
6.722837001
9.252801200
8.551281000
3.590045600
5.878181000
14.626922199
4.028680001
3.396713699
7.711113202
8.455045700
8.520592200
9.903328800
6.246082800
14.555396500
4.038557700
1.462760300
3.627629200
6.044853100
7.822923501
5.356558200
6.348618800
12.440659200
9.976188200
8.537506300
7.897262500
7.899939600
10.901727100
16.921762500
3.857455400
5.516572500
7.025730400
7.761222600
8.097660300
7.206571800
22.071416800
3.962616900
5.750210100
5.785223900
9.023684000
7.720911300
27.825307600
3.656577899
4.214522501
5.834995999
5.751641001
12.478764100
12.406776500
4.325997800
7.099137000
7.221941700
10.504851900
23.418571400
3.177045900
4.603477400
5.365645300
5.708743700
6.661391699
6.513158001
26.314145400
2.861512200
3.929214801
3.675972500
5.319285600
3.866293400
8.084341300
7.734817400
12.974982600
8.437372000
7.691476900
6.713754800
23.837188400
4.350793600
6.899798500
6.524582700
8.226638299
8.450245701
10.478025799
7.207153400
5.127850200
26.469167400
4.554916900
5.173221200
4.698940401
7.727172400
8.079186800
17.643057900
23.632330699
3.341286101
5.247849700
5.108377299
5.363942901
10.354030200
5.978456700
13.952288700
18.614074101
4.382483500
9.420287201
10.595107399
7.632275000
8.109102300
8.434847000
10.993285700
6.742855200
9.294774401
26.489665900
3.926402499
5.710245501
5.518571301
7.829718700
10.238273700
9.035358200
8.668813600
16.223587801
21.339650000
4.808893200
13.087385900
8.819505500
8.737809100
10.896850600
15.971357800
11.669417400
3.315580400
3.342556800
1.465712299
4.582639601
5.602392500
6.786987500
5.683178600
11.515523599
5.614341701
35.445030700
2.747134600
6.250964700
5.437860300
4.509166399
7.725094901
6.751599700
24.599565300
3.403627000
3.648348400
6.115729600
5.027529600
4.971756699
7.225551200
28.664630299
4.347220401
6.740409400
5.497939701
3.447281100
6.431271199
7.125978901
7.632892400
9.277187300
22.506379200
3.449152700
5.281194200
5.960646000
7.395494700
9.977130400
5.509637600
7.645012100
12.580169100
21.960429000
4.086075500
5.998239500
9.229412099
7.509609001
8.884919900
11.702730700
14.250365400
18.673475100
3.581692200
5.489381200
5.717234700
7.472314500
9.409874900
10.950255500
26.669605300
3.996053100
6.338492400
10.400580100
9.655157800
13.114197300
11.407579600
8.689092399
27.214175601
3.787611800
3.757414400
4.619735000
9.866592000
11.390422600
19.490210300
25.381014500
3.531022200
4.221755200
4.688303200
8.847770200
12.401294300
14.637292599
21.653031300
4.182158500
5.153352899
9.411110800
11.256267300
27.357108300
4.797295300
4.043255199
3.484414301
1.486352199
6.103878701
5.168184200
6.299480600
13.100089800
7.445371000
12.293729200
8.560542600
20.709481600
4.962813799
5.514140800
11.836374001
26.035132900
7.117524200
5.959717199
3.787606000
3.727426701
5.163326900
5.613190299
4.134016601
4.596088500
4.377428500
6.683839501
29.537882199
2.587498200
9.942850900
8.422291500
11.947600800
12.262364500
17.295606300
9.788222100
9.262125100
7.429679300
35.917541200
5.918466399
8.794241301
9.834156499
12.199445901
9.562457700
11.398939200
26.355543900
4.480652900
4.114965701
5.810052997
7.107518800
8.685920700
7.884530299
32.840669301
4.455429300
7.788199600
6.510000100
12.414682600
10.670772900
7.347345101
12.701914100
25.530881200
7.063781199
1.208166600
3.175196300
4.477225600
5.134653300
8.940638200
33.253483199
3.087527600
2.712168099
6.657963700
5.086908000
10.018862500
8.953399200
27.026843000
4.259294500
3.753498700
5.086262799
13.744197001
20.825548100
19.248183900
4.611449100
5.235676500
3.108010799
5.030883701
4.827145200
18.739506800
25.741138999
3.738758701
4.566108300
5.020644899
11.012263401
2.853652500
13.894431600
16.686334399
27.223049801
3.304475300
3.677837300
6.898238699
9.078444701
17.645383000
15.658381800
24.083012200
1.444696999
4.364273301
5.840945900
9.035441600
8.484711899
13.600447901
20.591887599
16.614148301
3.702876700
3.680018800
5.086543000
7.224431100
4.933545700
11.134996000
24.936901900
3.851493099
6.754892899
4.307981701
10.890820400
6.827676300
8.800415800
6.316306000
11.562882600
12.523473300
12.440929700
27.662879399
3.880821701
4.761191299
9.494635401
13.901430800
10.521377899
34.187862100
4.115336501
4.024022900
5.695982999
5.385607401
13.810839700
13.097075099
13.435000101
11.880750100
17.771771000
3.959283900
7.572327100
9.078995200
10.228653800
26.925663800
11.360411100
3.822067300
3.568953199
4.632780401
5.008704300
5.080557700
3.776555500
7.058815000
12.754741799
9.306742500
9.987425301
8.035908900
9.791977799
7.297404701
17.607758800
30.739080499
8.942812401
2.005373099
7.282752502
11.848868600
14.302378201
35.381372200
3.643351499
1.170529000
4.936841501
5.261352700
6.500144702
36.954140200
3.396435200
4.692725000
3.766482400
4.239244900
2.754380900
10.240416100
8.487481001
10.739280800
17.926096300
3.283210199
5.374107700
5.784460701
6.733078500
15.278145099
32.959418799
3.757490301
5.184331100
7.279062999
3.228136100
5.474342300
11.361536901
13.658781699
29.202005601
3.567656400
6.007683399
5.615125200
13.380668000
21.625447500
29.291068400
5.286145501
8.000418899
6.832481801
6.168336200
11.405295000
9.212809000
10.441677600
28.918782100
4.299180000
3.763269900
6.117953300
14.829193200
17.013303100
22.801003800
10.178993700
4.741490099
10.374838901
8.062582100
14.607122500
6.811216500
12.330758800
27.839085800
3.305410699
1.305809301
4.178967000
5.883493599
13.019085401
14.501262799
32.902483501
3.832734500
3.791069100
5.512697900
5.589986100
12.130465399
38.303666101
3.153940300
4.227541700
6.195944800
7.086340500
20.937263000
28.724605000
4.096089500
4.357081900
4.444159700
5.143522900
5.441903400
10.748357500
43.374242900
3.812404100
4.227325199
6.717532800
8.996859800
15.222734200
32.250955999
6.784707801
5.803809700
7.079014300
2.835516600
4.783653700
8.597254400
7.558105500
14.451374100
13.808810100
6.869712500
5.667147500
10.695374100
4.672083799
5.322637700
7.023110901
8.658623099
6.347807699
19.259860701
22.631243500
9.153946699
8.880830001
16.642889300
11.618219300
13.124483400
15.588231800
24.992184400
16.117760199
6.137252601
10.320881400
13.793724300
4.666219800
14.503765800
7.616799100
14.172547500
9.601765000
6.364932899
10.618947300
19.818020600
3.657632700
6.729812899
12.502314801
10.509750000
11.986469899
5.977493101
20.956420800
10.724925200
5.508528100
9.065125800
14.854834400
13.843577000
13.498479600
13.015420700
19.211976700
2.753767600
2.906711900
2.579351000
3.741047600
6.896360100
9.709309400
14.134735300
8.145608800
21.051359500
18.365944600
3.710910200
8.242235700
10.000014100
6.910945600
5.334306000
3.785260200
10.070281700
27.285429600
8.789324800
2.350385100
7.572155600
11.878499000
8.425312800
9.671953299
8.386661801
6.246399800
9.518789300
19.223283600
8.467265300
14.799511500
12.350636799
14.362959601
13.740119700
9.925914400
8.036650500
34.292760500
4.324391500
3.573040799
3.552629401
3.322911799
3.778514801
10.113355000
26.818883099
4.881116201
5.537927200
40.566260301
4.565277600
11.373679399
10.251025301
10.386774100
8.760882100
4.124468399
9.865684200
11.821402501
27.084790800
1.520820900
5.878095800
12.839167300
11.994025100
18.559614200
37.515499200
3.438411900
4.861513100
4.270489299
4.257758201
4.921597100
12.841125000
12.234495200
21.273729700
21.837745899
5.945093401
15.234230000
40.452620600
4.824618700
10.624803600
2.010256800
5.998017100
3.427413800
10.229366200
12.872147300
31.041952400
4.817810200
6.091083900
6.318595700
5.663017800
8.262638200
42.977068400
4.703358900
4.070510800
7.226118699
3.210964901
6.345181000
7.898658700
6.126741400
35.858297900
4.384913900
6.051168900
10.448216800
13.026852600
10.256554000
12.864838599
13.913270301
37.239970799
6.398225900
9.264949001
12.955192001
13.075101900
14.954846900
29.992760199
3.932028000
5.235371601
8.246830900
10.824103500
11.892296900
8.568848100
10.928514601
15.043757600
16.311858300
7.888630400
7.528598299
3.784947001
2.613879300
1.888056700
4.085112000
8.175816000
5.133752400
8.734570900
12.096429200
27.559021599
3.695368401
1.731239100
10.376814100
7.992899000
9.549828300
9.879354399
16.697891900
16.376230601
14.335762000
5.823016100
13.312921000
16.728208800
21.281718300
3.327442099
8.001525901
4.929484200
6.649389699
2.786176601
12.884993800
8.482514100
8.448671300
9.018261299
18.224169099
9.367319201
1.815732499
4.226886901
7.947052200
10.878185999
10.741886900
11.456900400
4.317550700
7.991172700
12.112322699
33.046319500
4.637323401
2.070461500
3.352460200
7.862000600
13.331529500
17.894726900
12.320967500
23.460898400
4.511856300
3.481803000
3.174919899
8.156719201
6.436460600
9.481383699
7.937125101
23.480665000
19.214059800
3.578373300
4.952566300
7.359728999
9.192227501
6.785028600
12.808091899
31.981025102
4.788267700
10.414081900
5.764524299
5.276849101
6.691278500
7.173101200
7.524173699
20.695115301
18.331700100
4.501438900
6.716220500
12.796104200
11.946777300
8.656221299
10.124752701
15.085170100
9.993947200
30.559296000
4.484120199
8.867060500
16.641398301
15.047959400
11.078972300
6.403802300
9.748737100
8.991854700
16.549779900
13.808761800
3.353276500
10.036576500
17.958284500
12.897674300
15.876498600
10.862327999
10.600158400
10.896364201
24.328492700
3.354621100
7.111452699
10.397522501
31.188134500
5.315128700
3.594721099
3.502001801
1.414905300
3.204555799
4.212228600
4.548806200
5.773145700
8.280240900
27.368068400
5.198125999
13.091349801
13.532528100
15.442801799
4.579387001
6.780618800
9.801155100
8.664605000
11.909466700
29.490905700
3.354595199
6.442050300
5.851700300
6.296208000
9.876247601
6.583300300
5.346603200
7.409984200
10.319076400
4.316538500
17.001607800
14.439758400
8.129304300
6.784615500
12.300773201
24.775337000
5.886295500
7.329577500
