.005873997
.006214783
.010307529
.005235601
.005296872
.005965622
.005987178
.005311874
.005603294
.005312316
.006128259
.005261434
.005280242
.005521231
.005369099
.005238126
.005333147
.003838530
.003793141
.005481134
.006274622
.005486600
.005289652
.005936138
.005227217
.005245095
.005192870
.003697780
.003750412
.005196000
.005208053
.003915822
.005433795
.003731939
.005271762
.005534675
.005329592
.005301562
.005341440
.005303930
.003748656
.003856240
.005362851
.004047418
.005996916
.004034222
.003815294
.005289200
.004007652
.003884585
.003766867
.003728337
.003791890
.003693325
.003742894
.005269759
.003739322
.005257932
.003870851
.006303001
.005218316
.003716514
.003748447
.003747441
.003785621
.003692524
.003729265
.003716151
.005560617
.003742359
.003677946
.003707162
.003753104
.003755642
.004589411
.003843549
.004760292
.003722330
.005308751
.003752542
.003760927
.003778522
.003833206
.003776820
.003772433
.003798101
.003712290
.005329058
.005573903
.003823447
.003744773
.003755577
.003905671
.005322706
.003762180
.003742121
.003800963
.004439592
.005967781
.004186203
.003950955
.003748685
.003856613
.003739380
.003733666
.003702879
.003722775
.003687604
.003736806
.003713514
.003692240
.003679463
.003732159
.003728701
.003671183
.004605214
.003826042
.003787146
.003755536
.003750429
.003771394
.003946945
.003767473
.003805322
.003780366
.003779777
.003780098
.005866861
.003803394
.003755049
.003779082
.003757088
.003749927
.003773913
.003859167
.003787630
.003793409
.003749712
.003801458
.003766458
.003783038
.004744087
.003780476
.004278655
.003806310
.003756442
.003768778
.003826132
.005326640
.003755259
.003785581
.005293718
.003784046
.004251078
.003747108
.004445219
.004290847
.003784738
.003810489
.003829232
.004294860
.003751169
.003941148
.003766968
.004460222
.003788735
.003773511
.003783768
.003778818
.003791653
.004306578
.005500964
.003812519
.003768503
.004324509
.003805521
.004322339
.004241438
.004676454
.004262908
.003789264
.003760135
.003753438
.003753053
.004629495
.004017737
.003728176
.004425744
.003761995
.004371912
.004435328
.005122774
.003752961
.004384984
.004305668
.004253296
.004807154
.004590612
.003771896
.004262103
.005314511
.004546632
.003758608
.004913700
.004787164
.004322457
.004239662
.004390607
.003736289
.004195655
.003763621
.004245133
.004183356
.003729108
.003728100
.004375802
.003698911
.003709063
.003739967
.004248426
.003752115
.003699633
.003714084
.003687877
.003806829
.003715630
.004205882
.004260403
.003689927
.003734629
.003859885
.004326076
.003822608
.003797552
.003754126
.003773031
.004309930
.003835042
.003749685
.004238015
.004629401
.003792173
.003742197
.003896053
.004371685
.004687695
.004030353
.003761550
.004391596
.003759764
.003798202
.003772065
.004738622
.003750637
.003785940
.003813806
.003726995
.003721393
.003716029
.003721422
.003703510
.004212386
.003712727
.003706898
.003716556
.003705265
.003815954
.004613621
.004644417
.005582138
.003949268
.004745669
.004627749
.003774640
.003806873
.003812680
.003759210
.004821772
.003771727
.004222094
.005163696
.003918405
.003797288
.003757179
.003858908
.003788019
.004599625
.003749529
.004306076
.003960336
.004257590
.004762409
.003766519
.003825080
.003767068
.003757685
.003912466
.003776281
.003777345
.004727579
.004687089
.006037169
.005486247
.004272440
.003743752
.005154080
.004196654
.003891109
.003731030
.004198580
.004147985
.004213139
.003767127
.003664389
.004416188
.004282936
.003752479
.006879934
.003736484
.004192400
.003755983
.003744113
.004198945
.004202617
.004193132
.003707271
.004610549
.003864500
.004244595
.003772893
.003957913
.004656409
.003746197
.003799554
.004413482
.004273646
.004321043
.003796625
.003808037
.003829860
.003759623
.004294038
.003789538
.003837024
.005375970
.004364440
.004663321
.003792914
.003818568
.003839454
.003771738
.003844343
.003757096
.003782325
.004390581
.004304946
.003773425
.004262285
.004338751
.004258133
.008551898
.010995102
.004454420
.003701826
.004187403
.003804813
.003725178
.003738372
.003756414
.004605552
.004447143
.003797248
.003802108
.003847829
.004316706
.004318262
.003744640
.003839789
.003872622
.003877054
.005089978
.004192391
.004135757
.003848632
.003739377
.003759688
.003722674
.003689683
.004202038
.004740084
.004404050
.003812636
.004325502
.004264357
.004718453
.003771631
.003705377
.003767009
.003682716
.003768672
.003701810
.003712595
.003749028
.003707859
.003695522
.003757916
.004180161
.003698436
.004202163
.005677494
.003701227
.003705646
.003698057
.003686580
.003825223
.003748098
.003780015
.003694573
.003671820
.003723458
.003705548
.003853847
.003735982
.003703146
.003725110
.003689731
.003690549
.003867808
.004721174
.003798166
.003816282
.003736978
.005290030
.003767016
.004646347
.003744248
.003795672
.004262239
.003800087
.003774223
.004308477
.004267218
.003762609
.003749860
.003763249
.003791600
.003935035
.003783891
.004265458
.003792854
.004261692
.003753455
.003775424
.003758026
.004258062
.003801675
.003845813
.004287372
.003740287
.003815836
.003800915
.003777204
.004275475
.003861134
.003751675
.003858646
.004274625
.004270213
.003803347
.003770923
.003746480
.003726692
.003849341
.004294390
.003751186
.003790158
.004361608
.003781902
.004267805
.003780155
.004764852
.004255969
.004338074
.003806213
.003798473
.003835938
.004675291
.003801902
.004291020
.003753757
.003917050
.003814595
.003791365
.004260465
.003874920
.003806712
.004246495
.003791380
.003759731
.003776727
.003738091
.003697958
.003747373
.004251583
.004226562
.004757862
.003771220
.003807966
.003777943
.004266932
.004426956
.003738400
.003721565
.003724495
.004194783
.004613799
.003808129
.004776389
.003756658
.003714783
.003820141
.005031530
.004498867
.003750005
.005342797
.003781453
.004400815
.003708430
.003691914
.004211373
.004571797
.003851300
.004722520
.003898398
.004283952
.005266457
.003822906
.004754476
.003753816
.003750632
.004271563
.004681989
.003737002
.005266096
.003767236
.003717074
.003706915
.004216523
.004695131
.004381302
.004687688
.003695713
.005516794
.004849589
.005219358
.003743063
.003740135
.004200006
.003709196
.003864255
.003718994
.004215985
.006656035
.003846653
.003755484
.004634135
.003683626
.004193784
.003693642
.004157715
.003716258
.004147341
.003693098
.003852742
.004230710
.003686716
.003732695
.003729475
.003811602
.004286072
.003774482
.004270433
.003784120
.004241093
.004279738
.003897121
.003831026
.004780783
.003740330
.004905129
.003777728
.003793497
.003766585
.003732797
.004462387
.003797461
.003758785
.003779103
.003767376
.003824310
.003734208
.003744083
.003754360
.004680261
.005269444
.003748716
.003696247
.003698351
.003691638
.003763952
.003711832
.003708519
.005165696
.003698372
.004158208
.003710935
.003768791
.003736013
.003668657
.003941256
.003757063
.003672506
.003736665
.004200920
.003710492
.003713446
.003724882
.003798695
.003723053
.003706257
.003689592
.003707977
.003674007
.003716630
.004162464
.003697592
.004249881
.004364372
.003876333
.004261381
.004753068
.003767783
.003750118
.003747116
.003792316
.003813602
.004235778
.003786863
.004382058
.003792485
.004218562
.004671305
.003887125
.004752553
.004442310
.003844173
.003780223
.004709285
.004279904
.003777585
.003737886
.003685328
.003687410
.004361199
.004142552
.003411138
.004084602
.003893246
.005266681
.003817109
.003815347
.004285123
.003780197
.003852870
.003771963
.003779007
.003810249
.005103693
.004257345
.003784177
.004348009
.003735587
.004190925
.004213675
.003698295
.004698545
.003698526
.003764117
.003693358
.003911822
.003730044
.004276354
.003702576
.003724257
.003740328
.005760584
.004629246
.003808230
.004306843
.003842383
.003783852
.003755666
.003803754
.003801765
.003764840
.003768432
.003777740
.004299405
.003758415
.003755106
.005179636
.005185496
.003759458
.003774023
.003782492
.003821718
.004369830
.003796414
.003781774
.004483643
.003753490
.003873960
.003803061
.004758222
.003739965
.003729953
.004209931
.004226789
.003872721
.004238596
.004185448
.003832280
.004469987
.003723055
.003750967
.003718013
.003713457
.003713513
.004590475
.003820142
.003790567
.003796009
.003754290
.004293399
.004260013
.003876018
.003802520
.003773192
.003757016
.003787617
.003768521
.003743046
.003771532
.004417577
.004268628
.003741788
.004238881
.004230014
.004308279
.003776725
.003780149
.003734414
.004374430
.003815190
.003752885
.003769793
.003757223
.003782325
.004380654
.003754070
.004281998
.003723767
.004276109
.003752933
.004246507
.003765079
.003771166
.003788400
.003742273
.003773306
.003742374
.004280285
.003782684
.005229644
.003804068
.004250113
.003718773
.003763479
.003750331
.004229915
.004642642
.003802154
.003820653
.003778748
.003767940
.004406045
.003770903
.003801843
.003776291
.003795737
.003799988
.004670112
.004410371
.003705830
.003729460
.003738045
.003728836
.004790528
.003797270
.004568053
.004292117
.003763559
.003765045
.003749710
.003751133
.004420895
.003749313
.004318384
.003778947
.003762191
.003726793
.004696862
.003797574
.003737308
.003737286
.004650050
.003744022
.003732269
.004655759
.004427378
.003698760
.004194637
.003678625
.004148985
.004343277
.003704592
.003689138
.003773095
.005984023
.003716462
.003880944
.003710316
.004233842
.003814906
.004186115
.003805077
.003757925
.003740036
.003781661
.003790993
.004233500
.003713617
.003713229
.003675236
.003736524
.003754640
.004168046
.003865940
.003715058
.003713719
.003729968
.003697728
.004145300
.003852387
.004222567
.003795273
.003710650
.003686376
.003679524
.003692165
.003697130
.003861402
.004731851
.003767868
.004227974
.003700381
.003837490
.004223108
.003803748
.003686794
.003839040
.003745853
.004232326
.003801249
.004208123
.003817939
.003744237
.004334843
.004632017
.003879935
.003783739
.003767665
.004274632
.004255231
.003827647
.003738335
.003771659
.003767610
.004764853
.003781244
.003790399
.003809389
.003796372
.004380557
.003773830
.003808730
.004265790
.004218102
.003743565
.003767365
.004738190
.004279823
.005206237
.004262742
.003774004
.003776163
.004734627
.003775875
.003759169
.003764846
.003784390
.003743655
.003740825
.003743428
.003761558
.003919348
.003796950
.003739743
.004263830
.004250769
.003761209
.004380505
.004715449
.003751295
.004264345
.003793678
.003772020
.004246660
.004209340
.003761816
.003753076
.004383772
.003807972
.003756218
.003763217
.003775855
.003774185
.004332337
.003832866
.003766308
.003778283
.003741648
.005233161
.003763751
.004721695
.004274298
.003839280
.003809327
.003767085
.004240795
.003758617
.003807157
.004336403
.003726502
.004282715
.003804992
.003792592
.003746105
.004738904
.003747000
.003767935
.004230558
.004368400
.004275987
.003787980
.003809750
.003735585
.003795032
.003754791
.003770433
.003761280
.003772199
.005599611
.003725944
.004366731
.003710540
.004177343
.003709321
.003674320
.004243213
.003791585
.003788080
.004284420
.004418295
.004335360
.004275160
.003770786
.003742098
.003782813
.003795405
