.006588513
.010873715
.006321857
.007273921
.006311270
.006292757
.006281324
.006610191
.004027338
.006386561
.006319671
.006286683
.006947093
.007072857
.004000738
.003892033
.006317702
.006276842
.006285572
.006274308
.006261304
.006288228
.006239191
.003945212
.007508495
.003985158
.007112422
.003955013
.006471554
.006284110
.006271464
.003910765
.003931295
.006313446
.003938760
.006217037
.006399904
.004136841
.003966483
.007452200
.006378835
.003932671
.003993508
.006318899
.003955057
.007450243
.005002116
.004804792
.004065877
.004064364
.004808134
.004981836
.003926172
.003974606
.007013283
.006739643
.004108435
.004079508
.004968220
.003931388
.006427995
.006295361
.004157550
.003973097
.003952285
.004091328
.006365142
.006639173
.004005203
.004022614
.004111133
.003981732
.004061972
.003994920
.003980880
.004114150
.003960620
.003917748
.003931572
.004085497
.003965958
.006338880
.003920103
.003891567
.003936138
.003925535
.007643032
.004041332
.004684199
.003987313
.004063169
.006903106
.004941341
.003949685
.003937420
.003960321
.006086176
.006308589
.003950465
.006611833
.004971501
.004840052
.004943731
.006624756
.003978940
.004922412
.006525287
.003946517
.003956461
.003951588
.003950388
.003908796
.003916425
.003953618
.003929441
.003943430
.004887662
.003995697
.004022610
.003960320
.003982715
.003942983
.003912148
.004010968
.003970500
.004055260
.003950438
.004000345
.003951446
.003911985
.004653307
.003960016
.003941235
.003959839
.003953121
.004000959
.003957743
.003945410
.003918023
.004439050
.004022137
.003948864
.003974453
.003949447
.006319131
.004016722
.003994017
.004443229
.003957112
.004928378
.005760648
.003961519
.004058575
.003968164
.004438612
.004405363
.003956312
.004455650
.004380387
.004425385
.003954763
.003941025
.006322915
.004697937
.003938809
.004460021
.004417555
.011759658
.014193264
.004023370
.004039023
.004690942
.004009170
.004572573
.004552201
.004007845
.004039007
.005480207
.003964409
.004038590
.004481762
.006359119
.004010208
.004021722
.004019842
.004435472
.004947581
.004532387
.004032555
.004009658
.004062655
.005006264
.003991821
.004960164
.004969044
.003933886
.003969824
.004655144
.003989890
.003952559
.004072407
.004151320
.004955579
.003935365
.004726474
.003946803
.006391416
.004496140
.006363935
.003986500
.005032645
.004047324
.003997905
.003953100
.003943282
.004429940
.005060822
.004442660
.003950395
.003983743
.005194807
.004019318
.003985820
.003924577
.004065660
.004516472
.004562140
.004426022
.004497362
.005743143
.004389343
.004082206
.003945569
.003958245
.004427917
.003950022
.003974330
.003937253
.004115879
.004006738
.004459207
.003938888
.004043650
.003938102
.003962325
.003935334
.003920291
.003923055
.004413979
.004401565
.004100315
.003962905
.003950778
.004912767
.003918576
.004988292
.004593839
.004949145
.003949719
.003914443
.003975314
.003938795
.003915533
.005783586
.003994898
.004050861
.004028623
.005396103
.004027225
.005390270
.003971665
.003941658
.004023501
.004133963
.003972233
.004595717
.004477401
.003922382
.003929945
.003921625
.004654746
.004495524
.003930410
.003971616
.003960862
.003944568
.004679482
.003950670
.003950625
.004004096
.003956450
.004444543
.003927620
.003958938
.003947391
.004022650
.003994833
.004012656
.003958865
.004431681
.004425278
.003944627
.003984280
.003948725
.003953310
.004443846
.005410975
.004030121
.004731990
.004948190
.003948212
.003952454
.003972218
.003992413
.004024397
.004001104
.004796587
.005025192
.004076710
.004069442
.004044540
.004882331
.004070802
.004819179
.003986055
.003942585
.004430876
.003967509
.004664343
.003947512
.004452257
.004595607
.003971203
.003957494
.003985433
.003952815
.004474974
.004000516
.003964922
.003899733
.004431504
.004671695
.003958002
.004441371
.004421458
.005428017
.004020375
.004023847
.004048987
.004528659
.003980431
.003977440
.004052309
.004502652
.004023610
.003999335
.004022077
.004018413
.004046807
.003979502
.004002001
.004026168
.004002386
.003965768
.004000607
.004074142
.010896977
.006511145
.004041810
.004492872
.004007431
.004028909
.004566526
.004649916
.004074326
.004032898
.004943057
.004038508
.004207703
.004018825
.004020440
.004063385
.003996892
.004022812
.003993661
.003994697
.004048793
.004579056
.004485442
.004060517
.003972512
.004176510
.003995071
.004424158
.003981038
.004002168
.003955983
.003976528
.004444041
.003999787
.003943400
.004433197
.003982560
.004484519
.004072057
.004669530
.003953538
.004982821
.004018022
.004495502
.004011151
.003983001
.004035809
.003962340
.003926258
.004498794
.003907967
.004811263
.004446160
.004918442
.004903016
.003932397
.003993935
.004487771
.004110887
.004910359
.003992559
.004056473
.004028685
.004483778
.004048406
.004004875
.004002121
.003925443
.004014824
.004008900
.005060969
.004453012
.004011048
.005007893
.004637552
.003948653
.004577260
.004505988
.004519990
.004029419
.003934280
.003950019
.004510691
.004018445
.003988905
.004910255
.004017985
.004529798
.004015190
.003952578
.004476448
.003936362
.004431693
.004451445
.004423075
.003959519
.003995346
.003940586
.003934774
.003943394
.003924045
.003969329
.003940962
.004903285
.004626076
.003947753
.004466437
.003988046
.004439846
.003942905
.003930520
.004412722
.003971795
.004489529
.003916513
.004120950
.004138938
.004008514
.004547141
.003983288
.003953285
.004003009
.003973300
.004421934
.003951034
.004929389
.004449213
.003986307
.004005853
.005423206
.003978919
.003976402
.004390670
.003917263
.003973276
.004707603
.004007182
.004109098
.003993855
.005922481
.004878271
.004421765
.004542215
.004398913
.004999669
.003960850
.003960956
.003896033
.003933710
.003934155
.003977425
.004041647
.004515282
.003976420
.004603630
.004557124
.003936188
.003982528
.004835222
.003998030
.003978223
.003947935
.004836034
.003999740
.004918546
.003969693
.004039015
.003977620
.004649242
.003979831
.003928060
.003943264
.004527869
.004370964
.003960664
.003930925
.004123560
.005388535
.004444234
.004020008
.003949374
.004433025
.003944058
.004462876
.004137372
.004027279
.004447055
.003941690
.004092055
.004529834
.004386230
.004693718
.004866189
.004522031
.003987694
.003959115
.004116055
.005252310
.004047722
.004000772
.003984244
.004019210
.004426340
.003949387
.003960943
.004509346
.004465941
.004426808
.003947869
.004155595
.004021082
.003922168
.003924890
.004085171
.004048215
.004025465
.003952010
.003943567
.004479412
.004660046
.003959639
.004759763
.004037760
.004013301
.003929667
.003944240
.003978862
.005013507
.004116465
.004070663
.003992034
.004419702
.003979313
.004483379
.004426797
.004717852
.004492248
.003929943
.003982042
.003932980
.004006888
.003981077
.003984485
.004469399
.004887458
.003970520
.004971458
.004019073
.004473455
.003975008
.004476018
.003966074
.003957184
.004488947
.004079073
.005529681
.004067667
.004043978
.004004872
.003989677
.004379793
.004977538
.004073233
.004716953
.004014617
.004049453
.003980670
.004020064
.004019482
.004464298
.004028037
.004424132
.004437590
.004058095
.004425482
.004004826
.003961665
.005802458
.003984805
.004426653
.003978900
.004030243
.003969825
.003983573
.003972990
.003956042
.005144040
.003976092
.003993868
.004433926
.004591730
.003956352
.003963936
.004625755
.004560120
.004463619
.003942918
.003980585
.003965492
.004477587
.004048763
.004002739
.003983453
.003951712
.003958131
.004450573
.003962181
.004080835
.003990467
.004961347
.004635079
.004001430
.004007404
.004026149
.003912666
.004475719
.003913368
.004467605
.003971815
.004499853
.003994465
.004884306
.003956930
.004005746
.004017703
.004808355
.004137920
.004027893
.004525439
.003975033
.004418117
.004467428
.004441135
.004137632
.003991022
.004057035
.003976126
.004644964
.004031005
.004044962
.004544993
.004003055
.003964355
.004427565
.003957848
.003956212
.004126684
.005440623
.004848707
.004006957
.004478984
.004161917
.004044623
.010617679
.004540029
.003989564
.004083760
.004057835
.004631304
.004008014
.004014650
.004142652
.005530602
.004039550
.004015966
.004020711
.003986362
.004039047
.004035802
.004035323
.004510024
.004027987
.004036971
.004601990
.004107791
.003942892
.003945741
.004064328
.003938290
.003923964
.003957552
.004147499
.003947910
.003939314
.004041185
.004491517
.003961882
.004424171
.004604214
.004413711
.003972780
.005421143
.004483366
.003985591
.004004645
.004481983
.003991861
.004048131
.003950061
.004073338
.004489055
.004455345
.004462045
.004011753
.004063437
.004655751
.004007687
.005002460
.004033272
.004066448
.004039270
.004507621
.004035433
.003981310
.004610637
.006787353
.004438287
.003964147
.004939194
.004462990
.004168490
.004004333
.004050050
.003992413
.004087123
.003969305
.003992534
.005036113
.005078782
.004048754
.003959512
.003972710
.004516814
.004533454
.004080657
.004039268
.003998835
.004025249
.004866962
.004998503
.003969680
.003945605
.003912809
.004647470
.004471249
.005418227
.003902647
.004417912
.003970192
.003931918
.004888382
.003911397
.004035291
.004584581
.003974807
.003955212
.003916270
.003948135
.003928639
.004975081
.003961993
.004442580
.003976925
.004464742
.003941068
.003963518
.003987662
.004378638
.004399538
.003945721
.003959830
.003972852
.004432133
.004609089
.003977710
.004436737
.003902623
.003871618
.003942906
.004417635
.004114438
.003952210
.014545502
.014305857
.004058095
.004509364
.004483924
.003946671
.004114687
.003961764
.004433400
.003979650
.005483620
.004048598
.004079393
.004010650
.004016395
.004046709
.004025666
.004476248
.004404437
.003977840
.003945927
.003905937
.003940575
.004083922
.004032092
.004537747
.004052646
.004974452
.004024550
.005007764
.003996191
.004053457
.004014025
.003985375
.003998292
.004007952
.004031785
.004025359
.005456030
.004962740
.004940929
.003932450
.003891458
.004607329
.003980982
.003913653
.003989328
.003922317
.003923000
.004446004
.003963836
.004619880
.003949943
.003913551
.004959246
.003958963
.004620565
.004447974
.004406413
.004410191
.004406580
.003909267
.004109502
.004048035
.004033380
.004601422
.003926048
.004419868
.005737005
.004391603
.004436674
.003929169
.003973694
.003945823
.003974818
.004428088
.004131181
.004455222
.003946122
.004566062
.003928174
.005414664
.004432145
.003930431
.004017696
.003951714
.003986300
.003980178
.003989178
.003953058
.003907564
.004426947
.003913967
.004954356
.003997150
.004037995
.004002419
.003994850
.004043155
.004675809
.004486843
.004515903
.004443819
.004000590
.004028158
.003947665
.003980727
.003972254
.003982055
.004132393
.004072148
.004045704
.004022030
.004081977
.003994255
.004664282
.005499141
.004570209
.003976302
.004097422
.004514445
.004031834
.005108309
.004883934
.004044753
.004019267
.004594579
.004433644
.004184833
.003961507
.004935544
.004000280
.004008612
.003982721
.004102997
.005480325
.003967550
.004493641
.003996250
.003928497
.003995851
.003925250
.003978905
.003948692
.003933895
.004879169
.004022520
.003990991
.003976130
.003878522
.004458201
.004431862
