.713914208
.789765820
.842392834
.820103081
.842736448
.838999276
.843288051
.840252763
.836880916
.838612734
.829354701
.847339372
.839189316
.831181187
.833377909
.839171361
.834576879
.830008164
.828191407
.820751619
.830038467
.820292977
.832395353
.816467262
.832299791
.827185735
.823426698
.822332715
.822286573
.821337429
.834265623
.806215541
.836377748
.814189348
.815462567
.819707237
.822914942
.895596651
.364690200
.749101976
.826365365
.821331963
.834263529
.832327184
.429858131
.842209279
.816238493
.821463092
.827897698
.829539085
.841393128
.825912571
.830772459
.833350095
.836340385
.839186245
.837286142
.828314882
.832283988
.837197284
.830407327
.829055617
.836312562
.833318715
.838144888
.837304145
.837304891
.830995274
.835415598
.832450820
.828317926
.841852457
.817282677
.829550618
.815237497
.826833629
.835754936
.824509604
.843202255
.847376860
.835234470
.843257127
.838936896
.822545380
.841024067
.852816674
.841942083
.837182761
.829504290
.849477083
.838582213
.846533145
.842394045
.827411960
.844347475
.822390256
.847908715
.826650213
.841878350
.826607232
.831306271
.839811961
.831170047
.851933939
.835643885
.834629455
.838569487
.841715298
.856921218
.855396304
.835549087
.839731544
.853152428
.855334437
.848628785
.825199163
.837181641
.830743104
.847680160
.835469539
.816172561
.851306421
.834394503
.836181581
.843363879
.840281678
.833655837
.861053625
.840253344
.839958725
.832645213
.831754459
.847143677
.862021543
.850343700
.849464257
.843885525
.847619287
.837452308
.857930229
.847539502
.844872971
.817282900
.858484951
.846636455
.868725545
.819785693
.830894267
.838182325
.838357510
.837282762
.844294141
.834285287
.834328115
.831300334
.878606226
.848760904
.856049124
.836545541
.842884955
.834801839
.844411294
.840076858
.843701749
.845496736
.844392503
.849359490
.858159030
.841069126
.829017660
.847929709
.831326792
.840415956
.852769866
.840380307
.859716856
.853335988
.849336969
.866314372
.846642027
.845184691
.875084220
.859782149
.859837435
.861181333
.860184796
.860203697
.888718248
.362309184
.859808776
.838888351
.851864446
.860607887
.900343502
.806190008
.852398109
.851338798
.834369722
.863328445
.855333785
.854969549
.860675077
.848842356
.858314741
.864199060
.876962959
.868621839
.844107920
.877286162
.858158381
.868264577
.847833380
.858854092
.842211198
.846447675
.854487714
.841125996
.867405167
.859324713
.853621388
.857029597
.848720700
.849874320
.851260308
.865887248
.865574229
.859875825
.860691165
.863227087
.858512408
.852251778
.846910099
.840353775
.850217937
.851347185
.788836141
.848315194
.847251212
.847295200
.851272510
.846340930
.864205704
.840781035
.846722562
.850465428
.844204240
.859165474
.856310625
.840701995
.845856703
.847165171
.850387077
.848384319
.859306887
.864377693
.849820386
.856372165
.861578617
.863797208
.842206195
.846423289
.885597252
.852158402
.868901870
.836915203
.867748671
.839284410
.842326885
.852390868
.862608707
.861745168
.848539927
.850017418
.844440556
.856504700
.841033944
.857798129
.859695721
.852322480
.860275390
.851163665
.866997034
.874696298
.894582373
.877243008
.880050912
.876972422
.881474862
.851957911
.882044618
.865281102
.859068052
.870349446
.871231287
.865084814
.869811392
.852824472
.860320071
.858416553
.866115195
.853047862
.884564264
.856607194
.865840701
.873140980
.862366677
.872341988
.871300317
.861330553
.864292486
.854306667
.883344108
.864302619
.959298735
.858550921
.860752018
.851367835
.848938933
.860598866
.886310129
.857592407
.846948901
.864273306
.860243960
.888152886
.860301742
.872303836
.868327969
.852116109
.853570720
.863975740
.893282076
.859638758
.853983998
.864319694
.863937910
.880509754
.964255613
.869259751
.850545731
.862958574
.845277606
.881950743
.858459678
.860859811
.864992682
.851201155
.860301006
.862266513
.881310709
.770814999
.888791082
.880591671
.862571923
.878401205
.877327497
.871395086
.863743885
.877531408
.849432111
.866893809
.884842344
.866537735
.877550407
.865145539
.855213516
.871263449
.967045689
.888281720
.869242732
.859063885
.866586436
.876273021
.879234010
.857482696
.862293385
.864341896
.866589801
.856440300
.882316766
.862743332
.871773995
.865970877
.865727690
.882067954
.869864681
.872264914
.864332095
.882325031
.856296272
.874315254
.889307896
.858765800
.871762941
.870066049
.852561203
.867851761
.882806640
.867710885
.861274528
.878511114
.863967529
.871556168
.874495931
.888403114
.857655850
.861312743
.877435520
.862813515
.886009935
.870458259
.859964141
.874916251
.866197231
.889833227
1.023259578
.887420759
.895467689
.873044093
.884893080
.878386792
.876324210
.885305621
.894677871
.885363305
.816753152
.909177829
.884200961
.901297828
.890691094
.885595316
.899185274
.895328881
.902400192
.888233489
.888829026
.889032666
.913845401
.906743998
.889212537
.896182272
.886363683
.881781223
.893753124
.894801437
.997110498
.922853032
.885078510
.886785591
.887604070
.900849175
.891069118
.887496902
.889445004
.893684708
.899856263
.888968662
.901982192
.894433010
.886368160
.890771837
.892110785
.886238935
.952402503
.842999485
.896144124
.891635927
.885558674
.890041554
.894160233
.891257310
.891116627
.885599492
.902703509
.898950837
.988906460
.912939979
.886129148
.888439412
.896326732
.893949219
.894192467
.899605163
.897028965
.891851399
.894243886
.893868246
.926845380
.885364164
.887819836
.903679022
.889582940
.885213654
.887353405
.889770076
.893874795
.902889523
.903351308
.882758988
.914125061
.894240641
.890103662
.890717723
.875562683
.895420438
.967477862
.897606482
.887944739
.870640356
.891573310
.893737035
.933573713
.902252493
.917154258
.914438695
.911827926
.918806542
1.019680071
.918132773
.907295143
.910353037
.906104880
.908384001
.467671665
.910674816
.905079945
.903031010
.910284795
.934458821
.911940524
.913525492
.911851846
.905071889
.919931524
.930679641
.925085387
.921276553
.923138125
.926625089
.929094864
.450357690
.916739894
.899055543
.917352112
.907039632
.915279062
.902242750
.925227458
.934555558
.927326433
.931099874
.452360797
.906462982
.906973199
.905257056
.903490449
.920856336
.913248841
.928567854
.929896094
.924061855
.921389792
.452573588
.912955758
.899491421
.906064744
.913304147
.927853281
.904028729
.929612815
.937407132
.913648462
.957280767
.459263249
.930367105
.918962116
.933325055
.907151432
1.084231914
.930502185
.920715850
.908486491
.930929926
.915614024
.479893909
.928106087
.882589877
.922109880
.911345449
.920460053
.911210351
.905983020
.917451808
.929812745
.913077066
1.110830682
.925924108
.907908204
.926804544
.915995933
.915948391
.457729051
.924676593
.925070451
.921133519
.923283382
.909126255
.902771037
.913859497
.919845611
.842485071
.919265188
.941534290
.922948968
.920833940
.911668517
.925284308
.916909424
.930330513
.915358547
.916125680
.927699950
.921019437
.957711747
.457862842
.929500566
.943142921
.934947510
.934799685
.958588842
.946708682
.931802404
.967184444
.935148861
.973242675
.491217704
.929233718
.935327271
.944804081
.945728531
.449953585
.941987061
.931701320
.939684383
.931896715
1.026485885
.949260481
.933536629
.935243544
.934244394
.941685058
.448386126
.948302501
.936341752
.927057378
.931430442
.454171603
.941031634
.929094163
.936941643
.928777223
.952144807
.939279899
.947661536
.938639768
.946012848
.959012016
.482406894
.942386156
.947946153
.945511781
.938157350
.494905531
.930989412
.932080114
.938749518
.944875121
1.111542372
.949671174
.938269023
.938277599
.949674534
1.600075856
.480826102
.948779472
.941496522
.939575082
.954580420
.967009268
.941045368
.959456371
.951855925
.958645769
1.462062841
.645111664
.958738588
.946852172
.942213964
.927301481
.458666110
.938672114
.932194334
.935563422
.929634072
.970504081
.934149550
.998014915
.994706257
.990930209
.993568570
.992782485
.988054094
.989920911
.981905562
1.002628515
.990456772
.994886565
1.010625038
.985933259
.991666199
.995741278
.986787184
.987609781
1.000587717
1.002261797
.996318747
.989393397
.982818695
1.005240544
1.005254660
1.012697080
1.004246403
.997136941
.999115148
1.013544064
.991646078
.991063598
.996251776
.988895608
.996226111
.994831723
.994531298
1.010535818
.992283462
.993826755
.994340742
.990931815
.986720676
1.000623255
1.016933973
.976584168
.992110540
.982445192
1.000483970
1.036247734
.967602577
1.011816599
.991564516
.985110045
1.048236779
.974702870
1.001463238
1.025257718
1.010696073
1.001152645
.999926505
.999907035
.981508620
.991582966
.993688832
.997195639
.988908018
.987816585
.998133608
.980277625
1.010001882
.989882853
.984638252
.990062312
1.007439567
.996973112
.993578508
.993631336
1.005998273
1.008911902
1.005516236
.998307766
1.007402597
1.009264779
1.006416932
1.000058217
.990139891
.979188343
1.000818401
1.000177686
.999114012
.992419894
.987712408
.995330526
1.012960977
.993239610
1.000221575
1.007236250
1.003607205
1.005700744
1.002798160
1.003709008
.989007404
.999616869
.997344878
1.002415536
.988194639
.998725054
1.006172607
.990630311
.993712708
.989560579
.988936384
1.030141701
1.002164553
.997249522
.993685867
1.003195488
.998963241
.995365529
.995126658
.989700678
.999353087
.991450194
.993253837
.992532042
.994486729
.987830404
.997794006
.999345750
1.006429585
1.000652054
1.003966166
.988376916
1.009499844
1.010082582
.975417274
.992098320
.996245311
.984986009
1.000588441
1.009030331
1.034254180
1.052619686
1.052167114
1.033947900
1.039017543
1.031154499
1.046803192
1.062100343
1.042961540
1.033845458
1.046771212
1.032005329
1.142312183
1.038197092
1.030652775
1.029130755
1.026094063
1.030607766
1.031336233
1.037598109
1.049516383
1.056828492
1.054328242
1.038615120
1.039480689
1.046726737
1.033767461
1.064911670
1.042540050
1.063644318
1.027391106
1.054845883
1.132547359
1.039965115
1.023827519
.987574844
1.029280585
1.051605509
1.032204787
1.041211497
1.038936492
1.054403562
1.039478979
1.058937785
1.044149707
1.036271891
1.068202303
1.051235601
1.046238341
1.051658419
1.041264450
1.036548856
1.152945338
1.052262371
1.040011641
1.035014252
1.034353088
1.053198525
1.038675298
1.046711301
1.055009898
1.032035041
1.064963008
1.038569532
1.045724375
1.032723293
1.043936098
1.047674100
1.038953391
1.048332922
1.054885476
1.074533202
.824174047
.747042048
.726530277
.709775785
.712182735
.709807056
.716040722
.719385784
.698288687
.703726795
.703421510
.694141988
.702282560
.696513697
.710398939
.703223512
.706315865
.709937620
.723430546
.711634058
.704440920
.722294451
.714781543
.702804804
.715754405
.718228778
.703522753
.712943615
.707038096
.713532210
.711616984
.711050989
.719174931
.706761848
.707864003
.702567032
.713745188
.713182835
.711693188
.705874526
.720119963
.700517748
.716068374
.710683586
.710556700
.712126324
.706617836
.719043016
.706772919
.719183746
.716246333
.718438211
.712318983
.692566305
.705088301
.696221407
.708509516
.694274003
.699356340
.708612344
.719128229
.708183135
.710452320
.723379516
.715232382
.714016112
.716146875
.724815472
.715237792
.712160576
.705766508
.714495542
.710201381
.694537019
.716127246
.698229261
.695779883
.771055312
.372650687
.707343759
.687787438
