.311757200
.340584600
.283360100
.299456400
.340116000
.312738100
.317149600
.290020100
.368345600
.311020500
.315080800
.302092400
.351471300
.315889400
.298815099
.322958301
.328405900
.327292700
.315631900
.331360000
.330757200
.309433700
.311371100
.300313500
.354190099
.319984600
.319846900
.286509500
.317813500
.344158200
.298977000
.297548500
.300338700
.321084700
.341970000
.330069000
.318457100
.312906400
.303043900
.304017600
.298773700
.298507200
.319838200
.315441499
.323570400
.304070500
.294553900
.314180700
.331690700
.315281500
.322247000
.304769900
.332824699
.310782100
.313847400
.323519100
.297511300
.319603600
.296746600
.294525000
.305658300
.299102701
.316484799
.284817400
.340115300
.307483800
.321599701
.291656200
.340969100
.323674200
.305795100
.321434999
.315962700
.315828300
.298378900
.297288600
.338187801
.322374300
.294945700
.298539500
.299579000
.308085999
.350292400
.300097400
.308985500
.324879501
.299609000
.298621900
.321478700
.312504400
.325842799
.322285000
.308830700
.298729500
.314404900
.312971501
.329225500
.324325000
.303890500
.519166600
.337081000
.362254300
.312871500
.350373000
.299734600
.318924200
.302527500
.323139100
.329559300
.259816300
.355105900
.318188700
.285980400
.316896599
.309388900
.309978100
.292166300
.308637900
.321793000
.318024900
.308851000
.312810800
.299499900
.331175800
.410161000
.316076100
.316578300
.307556300
.328588600
.337320600
.308793300
.309421200
.321940900
.306093200
.320781600
.297954700
.321916300
.333611500
.330547700
.303362000
.299203100
.364083400
.301967400
.300717400
.303871200
.362825300
.305992600
.312834600
.321956100
.299450100
.451126299
.331508900
.291895700
.319278800
.389468700
.327026100
.322064000
.313268800
.298001001
.348524500
.349520300
.298190500
.292663800
.312375199
.323118100
.309787000
.295245600
.284664100
.335281801
.338996500
.300596500
.293361400
.310809501
.352089500
.311251100
.298921300
.331139800
.308323600
.324832800
.301954800
.308027600
.291639500
.346379999
.310552500
.331479300
.303358300
.295117602
.313731400
.328548800
.346542500
.301740900
.301571000
.337745100
.291372300
.304931100
.280681400
.359067800
.316107700
.309003200
.291450200
.302678600
.312054700
.312297000
.302440300
.317646100
.297697000
.302517700
.295874900
.312926500
.341731800
.302488100
.323109400
.334678900
.299887400
.312908000
.306487299
.306365800
.315273400
.292906700
.303430300
.298664901
.323631600
.290379700
.296073700
.317070700
.318521300
.284827200
.299793700
.304427200
.307291400
.318012100
.334670600
.328246600
.297341300
.293501400
.296060400
.307511400
.305477700
.307993300
.321171900
.336645100
.290394400
.283202300
.305830700
.312485500
.312051400
.302509600
.316348500
.327832500
.326910400
.304310400
.298162200
.304176900
.418218600
.327984300
.321779200
.327846800
.328067800
.300640298
.419339700
.322671900
.318243500
.351099900
.369515900
.319989900
.316091500
.320329801
.318937600
.302765200
.319932800
.306484000
.316612500
.295895600
.309695600
.299389000
.275642300
.292312999
.308939800
.342242900
.307340300
.303563800
.332969800
.295523500
.329679300
.304891300
.303048601
.327959800
.310897100
.321162200
.292859600
.298096600
.324301900
.318410199
.316307200
.305399400
.295984801
.299556900
.315587600
.296933200
.292537400
.307761699
.319974300
.324932600
.333327400
.335798201
.367237100
.301519500
.298171300
.293179800
.327539900
.333822000
.310430200
.293876500
.313167400
.295983000
.288445600
.411584100
.313145199
.294858101
.318928600
.305718900
.320660199
.301688900
.296693001
.331858000
.311710300
.302965300
.289864800
.299100401
.323567000
.440460500
.432504600
.381777500
.468426999
1.490600401
.924623800
.356478200
.316410800
.324194100
.343995400
.377596300
.353027199
.340328501
.343006401
.350324000
.302125200
.313213700
.319975800
.396662700
.329450600
.313964900
.328244300
.308558899
.313088900
.320954200
.325295200
.312300900
.310344801
.315807500
.449282600
.312115700
.308229800
.316144800
.306587600
.331502800
.300088500
.308331400
.300922300
.334340300
.300286400
.299619900
.300291400
.316305800
.304324700
.322610200
.320517000
.330758900
.340048900
.331252500
.286325900
.287725601
.299996199
.306272000
.301451000
.313760600
.310816201
.319321900
.316240800
.312289200
.292852201
.308705800
.341321300
.327798300
.296205500
.307503000
.305925099
.320151400
.312009100
.295036300
.344383901
.331641000
.303199100
.304124800
.296375400
.314479200
.307240700
.325256200
.323131900
.308628500
.313556600
.324230600
.311404300
.351304800
.305619701
.317382200
.295938300
.302537500
.303403700
.296616300
.313249800
.310243700
.287360500
.303647500
.323329300
.317231400
.316641600
.288619800
.286384699
.316874801
.318751500
.322893100
.289266900
.313460100
.296826799
.319165000
.303939600
.292474300
.292545800
.376332799
.368247600
.376207400
.308952200
.306384301
.304074300
.307970700
.309397700
.280323500
.295379100
.306018900
.304697500
.303206500
.436187100
.303664000
.301719600
.314421300
.317903300
.316458600
.302415400
.315807800
.262726000
.305589300
.288200399
.287681900
.286461901
.317521800
.302299700
.313823499
.406418400
.337419200
.284064600
.303854101
.298581000
.291868300
.326801000
.296619600
.276723000
.310288900
.314746900
.288857299
.309426801
.326607699
.308061500
.311153600
.287782000
.296846900
.313082000
.316986200
.310770800
.330250300
.302658000
.312207201
.323119300
.298796800
.296124100
.290938500
.305694700
.311192500
.272859500
.290710700
.297021100
.308365600
.299966400
.311504200
.296501900
.360539800
.327639600
.303533800
.297795800
.317698100
.301209100
.322181900
.310378900
.307682200
.302479700
.299258999
.284993300
.323235600
.293870700
.287105600
.313278801
.318790400
.287086900
.326238800
.305687700
.313748400
.302995900
.293371500
.288248200
.301879200
.319309100
.316189700
.304462300
.304094100
.300554899
.322708300
.296577200
.357370100
.299907401
.315678700
.321530400
.333223700
.285488200
.291731400
.299538500
.317705800
.323159200
.294595400
.299876200
.299787800
.315178800
.293819600
.317929700
.351194600
.300038900
.293561500
.301668300
.306700200
.326039800
.306418600
.302058200
.301711100
.309500900
.318407801
.340043599
.316109201
.317397000
.300535100
.300081400
.330586700
.321017000
.318590800
.284722400
.322947500
.303051400
.324188000
.298525200
.314986699
.336896600
.309300100
.295175500
.296343801
.292373000
.316051300
.302169200
.323994100
.308537000
.323611800
.282888700
.307553400
.303975500
.307274400
.302674100
.335462700
.304477600
.308296100
.299280300
.334577200
.303045600
.298244500
.300589999
.310806501
.299203600
.295771600
.302535400
.311975000
.310008500
.302887700
.291276100
.302650800
.313477300
.328444200
.294879400
.300761800
.303661100
.304825699
.322222400
.293456700
.297452700
.296239700
.344398601
.336258500
.289620400
.266406200
.305900400
.314504599
.304547200
.306653600
.294229600
.249590100
.326743700
.307051000
.308601800
.326515700
.308259101
.315138800
.303629800
.312729600
.302927400
.284402300
.291642200
.307315000
.300422900
.290134800
.302855800
.326403800
.291741400
.291887900
.256074400
.320726400
.319288300
.321822700
.311825100
.328762700
.314621600
.292023700
.307956600
.301137600
.288426000
.317294600
.288463700
.303595500
.280618000
.287690600
.312690400
.302353700
.305755600
.296445600
.293808400
.325235900
.298708100
.304677200
.286844800
.307582201
.301911700
.307382700
.296703100
.297110100
.295143100
.309574999
.295582800
.316813300
.290014900
.281654200
.331035300
.318601600
.316303700
.294004100
.294129999
.321791700
.326079600
.292267200
.293721400
.328279000
.306981400
.292698300
.315227400
.296741700
.320169001
.322996500
.276226600
.327560500
.318298500
.320778500
.322811900
.291766400
.296141000
.287418300
.304540100
.315265500
.295755500
.298421300
.292570000
.321162100
.295288700
.308340300
.280447400
.601619000
.291346200
.298835000
.309108100
.287136100
.315231300
.281503300
.301589900
.293827900
.281534900
.324981700
.323083100
.303951000
.291715700
.300363700
.326461700
.281568000
.286492200
.295070000
.307968200
.252895300
.307144600
.296827600
.307104400
.300981400
.326427900
.322779200
.296633699
.287441600
.304597101
.294487000
.309678800
.334773900
.290552300
.292904900
.326977701
.299839901
.292051300
.283213700
.316140500
.268367200
.316820500
.305737400
.308518600
.292307200
.307795300
.292124500
.315441800
.307302100
.350988800
.299674100
.338766300
.255388300
.336264600
.296337800
.284842400
.279226500
.291156700
.319415500
.308514000
.295444000
.299738900
.304429800
.325205500
.298462500
.303662000
.319899200
.310606800
.308554299
.294042800
.292653000
.308100900
.280853101
.299132900
.295022400
.299391800
.292743700
.331264500
.312913200
.327876000
.311411300
.271621800
.313596300
.331795200
.311644500
.289385400
.297078700
.329742899
.306882100
.264487600
.301416100
.302541200
.334721101
.269556100
.312236800
.311256400
.284956500
.320401600
.322510700
.328894300
.320976300
.286812201
.316890100
.295650000
.296161000
.299398300
.352394701
.332710900
.290248200
.302997600
.295700300
.349499700
.327043400
.331333400
.318252600
.311577499
.339757001
.304816100
.315097000
.254914900
.304253199
.327781100
.293460300
.294069000
.315350200
.311834801
.321074400
.318542800
.336082000
.305873300
.330097000
.298792200
.306685900
.299767000
.284968800
.319628700
.304782800
.290942899
.307166600
.286110701
.326013500
.291383600
.319781300
.280384500
.298537699
.288804900
.317002400
.298760400
.318419900
.296498901
.323181400
.319932800
.286808000
.294062500
.379998200
.296752200
.316144000
.284628400
.311005900
.337000900
.284124400
.317021800
.304395600
.344747400
.330454899
.313307800
.308870400
.304285101
.323172499
.316180200
.325348900
.318377200
.289368700
.320266500
.319222700
.291752700
.297824500
.288942100
.343840399
.364167699
.399216200
.290638500
.317826201
.314912800
.249741900
.298890300
.287177300
.242874100
.307213400
.308352700
.307642400
.292149700
.299817699
.319631100
.289076300
.314884401
.321670499
.324739100
.302717200
.307751200
.277512400
.319472201
.335187600
.297348100
.302027000
.319006900
.284286600
.299469400
.304901600
.327199200
.283721600
.303145500
.364811900
.299017200
.292104200
.280388900
.344506400
.324594000
.302381000
.291423200
.288266500
.322165699
.299657400
.294452500
.291021900
.300473500
.314848701
.297198200
.384819100
.319668500
.286306200
.296981500
.318134600
.300470000
.304488000
.374993300
.325635300
.305811300
.342189400
.288615000
.329440499
.286685500
.300740200
.282614500
.328440100
.331952900
.322329800
.296607900
.358971100
.311788700
.316318000
.312445700
.288347900
.287619500
.301404500
.296560600
.312188700
.295206500
.280553600
.307407800
.315744300
.331790000
.298148400
.283270200
.477542600
.314692900
.288097500
.315397300
.294335899
.307159700
.289477500
.295311200
.304761900
.323394701
.295552500
.307668000
.308261400
.318599200
.319049300
.326763400
.302771600
.359457300
.331751600
.314916600
