.364630300
.268268200
.281790900
.285056600
.280931900
.297913699
.298239400
.284848300
.280116600
.266101000
.283956301
.294446600
.277725700
.277621400
.268910600
.271443600
.312109800
.301328600
.290139400
.278699300
.275637501
.301263798
.291543400
.286115600
.277018700
.248068200
.282920500
.278054700
.282868300
.271615200
.289277900
.301375201
.282177600
.276593600
.269578600
.280854500
.232984500
.275048000
.270574700
.277497600
.284842100
.268890100
.273647400
.288649300
.275525900
.276535700
.273988800
.272312500
.296330700
.277806100
.280207800
.275256100
.267453999
.277366400
.292889500
.298444300
.279776400
.263135501
.298826700
.299743500
.286524400
.277905500
.267809300
.282753299
.279531400
.275763500
.277223200
.273265700
.283624501
.282065200
.286100700
.316388300
.279690300
.314311000
.295198600
.294532600
.272580900
.236599400
.279064099
.304403300
.303538700
.283213200
.280504500
.270833201
.309740100
.272892800
.281178900
.271261500
.298457900
.292844200
.290286800
.288686000
.279762400
.271486301
.302657899
.269966900
.282224400
.284906300
.291128702
.287598299
.305633000
.284893900
.270302100
.269147000
.299937300
.284998700
.300035400
.273873000
.281548300
.266734699
.313817600
.275708600
.288339700
.236071300
.267890601
.295541900
.295821800
.280736800
.273149100
.298163301
.316835599
.299467500
.272236300
.270769500
.272976100
.287823799
.277414200
.278291500
.281211600
.265031400
.300165201
.301905900
.291251500
.284111900
.269113699
.300766201
.289671900
.278185100
.269074900
.274100900
.265084000
.337918100
.272783900
.277929700
.280357800
.327883400
.308145100
.281711900
.286452400
.281696400
.297217899
.289017300
.279204500
.274926200
.277743500
.240167300
.278960999
.291987100
.298399400
.265124700
.278250600
.290001101
.289154900
.297609900
.278511400
.276674200
.281102500
.307251800
.295959399
.287631300
.272313700
.283922201
.283254600
.269589300
.289339900
.274469900
.282660900
.286412300
.306067100
.283485100
.268866900
.277940600
.285983400
.316839600
.273715600
.278914800
.279237700
.289401599
.276971800
.291432300
.264719900
.274717100
.272749300
.328005400
.279202200
.294980900
.277614001
.289600300
.276783400
.291436100
.269102300
.284821700
.268762899
.295005400
.289267300
.284881200
.267537300
.279065601
.273780900
.310591200
.268657300
.281311800
.281098400
.310457400
.286357300
.290936700
.276234600
.268146600
.284935699
.300216700
.273747900
.280893500
.264938700
.311048201
.277009600
.265695000
.281794900
.286998900
.272000100
.275372599
.319714000
.303308800
.281071900
.263465400
.295918400
.303685600
.272368000
.274549400
.272582000
.286470900
.279238500
.281737300
.273000800
.282209300
.292964099
.299825400
.284947300
.275372000
.319595300
.279209700
.322086700
.286601500
.290478600
.278216400
.290094200
.284958700
.293631200
.268796400
.324993800
.279332401
.291702300
.272927300
.284869900
.266496200
.277375100
.319311600
.289720000
.289579200
.275067700
.266336100
.272889900
.276847499
.274278900
.274990300
.283145300
.291822201
.286617700
.279518800
.268977400
.282346700
.277159799
.278828800
.291607100
.272694300
.275570100
.279657801
.268884800
.283806500
.276163300
.280554499
.269150601
.291938700
.273078800
.321815799
.274649900
.266883200
.277578600
.289209100
.274215900
.281326100
.259342000
.283322601
.298791700
.429955000
.287954500
.289131700
.283757200
.285904700
.274660900
.261316100
.265092700
.276865600
.275807200
.282244900
.274262300
.272800000
.280768700
.347779100
.288650500
.287462000
.271720100
.264916700
.286697899
.281016600
.269888200
.279847600
.284163400
.288412800
.288226000
.275273600
.276392900
.269855000
.298475601
.269111000
.268971600
.269851600
.299723600
.300296101
.283510100
.276944000
.267623099
.275279900
.278193100
.294445801
.303408000
.269520500
.263052900
.277499500
.282453800
.280854100
.328180000
.274725400
.271470800
.291942700
.264846400
.320491900
.276500500
.279035400
.289210400
.272239400
.344369300
.290893500
.271434000
.306383400
.315156700
.269060300
.265701600
.269440300
.285153699
.285673100
.280391100
.280033100
.295421301
.274370100
.305498600
.278684900
.284779800
.273952100
.283455500
.288570600
.288219700
.285847400
.271365300
.271105700
.277845499
.288460200
.278799300
.260979700
.301082200
.280881701
.287168900
.272319100
.297465600
.278689700
.265646100
.302886399
.282862400
.270939200
.279862000
.277755200
.286434500
.276760600
.275944700
.266992400
.267513900
.275439599
.287072400
.289673700
.299526800
.290754200
.273081901
.283727800
.350320600
.272427800
.239727200
.265645199
.286174900
.447873800
.274378000
.263548200
.319570501
.289089500
.276213400
.279061700
.265131200
.243367699
.322002200
.308134800
.275663400
.288395600
.272928499
.280726501
.279349700
.328952600
.299762900
.313678500
.298818000
.275397400
.265730700
.270239500
.269250300
.314907700
.289545800
.292771300
.281116200
.273758800
.286760199
.283252600
.312666800
.271073700
.290580500
.310679301
.280234100
.275277300
.327791900
.288678800
.323107100
.280695500
.286287500
.332847500
.284761400
.292655700
.291626500
.318549600
.273043300
.274481800
.279638100
.310093200
.281285800
.269003800
.280906900
.294445400
.280737100
.370666100
.275085600
.268668400
.313522499
.309734500
.280136000
.273945700
.406385702
.308026499
.289716000
.294688000
.268895500
.269312300
.275575600
.294887500
.284847000
.285195200
.264727800
.285325100
.283305800
.287291700
.274053600
.270368499
.310768401
.277255300
.296474100
.275021600
.309319701
.273051899
.292885900
.280905900
.279756400
.264278200
.252536900
.308747600
.271147900
.286824600
.336228700
.277956899
.291684802
.284792100
.282649300
.273926400
.236846798
.323369101
.292909700
.303763800
.268474100
.266548400
.294492200
.296262400
.289168000
.274458300
.255267700
.277286200
.299602400
.351527000
.300675000
.275744700
.274276299
.298402700
.267133700
.270939600
.263452500
.292861801
.320904300
.288365400
.272139500
.271786900
.288824999
.294224000
.294486300
.251945601
.276166500
.283873301
.291688498
.368874901
.293036600
.278688800
.273201500
.273273200
.278906800
.280450500
.276607200
.308728100
.306622800
.298292200
.279309000
.265159700
.276915700
.266295800
.277265900
.275201100
.342350800
.290551800
.307137800
.293206900
.315451900
.276820400
.284889100
.276995099
.283630600
.285344200
.287425700
.277064500
.271559600
.289128901
.314294000
.285832200
.275046100
.272331299
.285101001
.430592700
.289544800
.278327600
.271265900
.310093900
.276584600
.260845800
.275693199
.276930600
.264955501
.297602200
.278212700
.300612199
.275482701
.327940400
.286121700
.281212900
.275562200
.273078999
.319396901
.272367600
.290664400
.279696300
.280723700
.283944200
.286439000
.287691000
.268717200
.277346100
.285166100
.313385800
.273048800
.273208100
.300478900
.267711000
.290405900
.289031900
.285317000
.275075500
.282647300
.294463999
.272304800
.264957500
.275283200
.271959000
.311920601
.295106200
.287468900
.279891600
.263931500
.283380500
.296013100
.291202200
.280878300
.275610100
.275029399
.287157100
.439743000
.280595700
.259532300
.293100601
.375232300
.275772200
.279809900
.264691400
.343721199
.343587700
.278138900
.286926200
.276858300
.319227801
.279083000
.276701900
.259749300
.279034300
.283155800
.272332000
.264174899
.297113900
.264580200
.273347501
.286603300
.322299100
.277329400
.269616600
.291326899
.322120599
.274655300
.277658700
.282166500
.277987600
.307356601
.295816300
.271058800
.284232500
.233527000
.299736700
.282685800
.280705300
.272786700
.289306300
.299327699
.293984300
.286829700
.275888100
.272199700
.290045800
.304066300
.341577500
.265670900
.281360600
.274614401
.270917400
.483110500
.307229400
.280122500
.290650899
.296836200
.281261400
.272780000
.272615800
.273089701
.287513700
.281543500
.282349600
.261219100
.272826000
.346041900
.288249500
.276194400
.272975300
.288995800
.286809200
.276816700
.278634100
.290013000
.343866000
.288772100
.297522400
.288080800
.277564399
.281391901
.283826800
.278489500
.281366100
.294617899
.279443300
.293467101
.275052400
.272708600
.283596800
.280407800
.311965199
.291599700
.289461100
.281013900
.267659000
.277720901
.305422500
.281127799
.294182100
.285361601
.285113400
.299784800
.296665300
.291008000
.268729100
.276213499
.280279300
.282227500
.281987300
.286708201
.245101599
.277160601
.301840400
.279872300
.282391300
.259734999
.285098701
.272779000
.286468400
.277435400
.273667800
.272626000
.278964600
.284503000
.292690799
.272580200
.306674001
.302557999
.278074700
.274506701
.268770800
.283772801
.286911200
.271298900
.270924500
.290199200
.276886800
.284454500
.268775200
.270838600
.268726400
.276227300
.280391299
.263129700
.305487100
.275584700
.270707600
.279954501
.288903900
.289431300
.288254200
.266311800
.266903900
.308106500
.276815900
.303538300
.277711700
.282574700
.281033199
.288002300
.276968600
.277219100
.302089901
.294427499
.293094600
.297268700
.268285800
.274339800
.285013301
.307523900
.281107900
.288735700
.272222600
.280237700
.276264200
.267341100
.264611100
.296582300
.280051900
.287984699
.293914500
.264879400
.265008800
.278549400
.293045901
.337858600
.272751800
.277529700
.272833400
.310615000
.272671800
.288835700
.282134100
.317845900
.288150600
.287875500
.273993900
.295441200
.308373200
.297119300
.278013500
.300135900
.288924400
.289184300
.269639100
.279604800
.298273500
.278507500
.279044800
.319497200
.345495899
.333395701
.360612100
.352282200
.439865299
.343986200
.349838800
.349936500
.280186701
.292825500
.280938000
.264914000
.280667800
.294651699
.310038800
.294363300
.286146400
.270165400
.299616101
.273041200
.264458900
.283933200
.271681000
.279422999
.282587900
.279824700
.273662700
.264801700
.290973900
.295151400
.282518400
.278417000
.296125700
.264893100
.295024301
.280271900
.272577500
.267750700
.355728800
.291663000
.284298000
.277250400
.279880800
.256935200
.276371600
.290025100
.288514700
.256623600
.271246600
.271088200
.299627599
.272840800
.284109900
.278811800
.275016700
.291660900
.297054900
.276647900
.264808600
.270557900
.280987900
.296728900
.286352400
.281446100
.281582600
.294404800
.262624600
.289699100
.296611900
.274338900
.273040500
.331593400
.289897100
.273402500
.273918500
.270889800
.288294200
.271761800
.289182200
.272814900
.317496100
.289554499
.295782300
.267250200
.277726200
.304824800
.276765701
.305240400
.287680600
.290760300
.274880300
.310476499
.289090800
.279578600
.264747900
.276930300
.277032901
.296713300
.294679500
.273331100
.265293000
.274266900
.293219700
.291381800
.280883900
.273899700
.265090199
.279418001
.293230200
.289625700
.278547800
.273044800
.296401099
.272646500
.282589800
.326964300
.267587000
.295281801
.292237100
.288453600
.280022600
.280993100
.278271800
.300483900
.288681600
.286598300
.278979400
.281413400
.283660200
.274909000
.268373400
.277122000
.280632799
.308415601
.272611100
.280567500
.263149600
.275560100
.288882399
.302408100
.285083800
.288007900
.274325800
