.297253800
.309722500
.318522200
.318040100
.316542700
.260273499
.261882900
.305669100
.348037301
.353882600
.258516500
.279870100
.288643501
.252780399
.324955200
.298990700
.300644800
.244864900
.275808700
.322957400
.322076900
.302092300
.251243600
.319180200
.306619500
.253654200
.241799600
.296307600
.334547500
.351442500
.254777600
.299455700
.246590400
.256202300
.315398900
.293406300
.324259500
.257792500
.254398200
.289364300
.286070700
.252553900
.246870100
.302963400
.352572099
.253292200
.234189300
.256783300
.293678600
.302945000
.322398200
.315914300
.283862200
.252500800
.266550200
.319818400
.298724100
.245023199
.304718402
.367753400
.248341300
.256365699
.282870200
.250657500
.286226801
.316357400
.242276500
.250125600
.284150600
.300531200
.266560300
.272424600
.285579100
.258771100
.272974500
.302004400
.328073600
.299354600
.257728900
.243866200
.282916199
.341951500
.290196800
.255879600
.251345600
.301931701
.326160200
.244228600
.263041300
.243501000
.248603701
.321306199
.332252200
.243999100
.285442400
.252849402
.300271800
.270102700
.291283600
.253521800
.251353500
.243528300
.316577500
.246459900
.307327000
.292042300
.255735901
.316173900
.319743400
.317749800
.257839600
.254447300
.281767000
.302239800
.257356700
.243368200
.292722900
.335946599
.276732500
.283980300
.266343900
.251538600
.258262301
.298910200
.253998700
.459658700
.274735000
.306941600
.287311200
.251837100
.254364800
.286780400
.326374800
.289085500
.253779000
.309311700
.255734400
.245288400
.285155300
.301438400
.253798899
.283505100
.243534800
.313010800
.289106300
.285482400
.229993700
.253908000
.249336301
.253088400
.291766100
.233475900
.251047600
.241372500
.289677500
.304358700
.304509600
.246265100
.237117300
.290081100
.336737000
.260764200
.258548700
.316957800
.292293200
.256376100
.280904300
.257083500
.247439900
.288041200
.302974700
.291034200
.276433100
.310089700
.249588000
.277529600
.293252200
.247903600
.252825000
.317386900
.317670599
.331899300
.297678900
.255866800
.268362502
.244862400
.303387300
.307276700
.252451200
.245859700
.254150799
.303410801
.283557100
.254860000
.251215200
.247966300
.245975599
.309316300
.301423000
.289480500
.250323700
.250139201
.296085100
.321622300
.254567300
.254464400
.254486500
.273049100
.299132500
.255862000
.246311700
.277034700
.254327299
.307989300
.247539300
.294668200
.265791000
.252857400
.291936299
.305473400
.254802800
.255237500
.243459001
.313851100
.301371000
.277208300
.253709600
.280198700
.252576500
.254080700
.291040200
.244833800
.248927400
.243962100
.303421500
.256693200
.299166300
.243902500
.252485000
.249030900
.319148900
.279873500
.262028300
.256981100
.264999500
.304576500
.245942200
.278304200
.237710800
.263806000
.232289900
.308720700
.288189300
.294980700
.257677400
.250791200
.250514600
.254008800
.261505800
.327723200
.301742800
.253993900
.308994499
.254615200
.248307600
.241010000
.260138500
.301664899
.290408900
.280303700
.255505500
.259828900
.293641101
.241287900
.254510500
.307027200
.248756900
.251765800
.291080099
.297546300
.245934000
.253413700
.246898900
.290436401
.257584000
.297615200
.248325000
.281384800
.262914500
.252982000
.274308100
.293057500
.256257100
.248006800
.253852900
.294460600
.248234600
.252030100
.243981600
.248631700
.291031700
.266006900
.290011700
.264039800
.296156700
.256458000
.252489700
.289517700
.259354700
.307742300
.260233300
.299640700
.311065800
.264753500
.261269700
.270682900
.262878800
.259661800
.253193000
.254328600
.263783300
.258104501
.269514600
.262419300
.281268200
.257044900
.256855000
.277303099
.284213000
.296101600
.257364900
.255120900
.251092600
.308032700
.294129800
.262391500
.244071800
.253972500
.317015501
.282381000
.261661700
.249202000
.258070000
.251599399
.315236800
.287473400
.264033300
.266258200
.258545600
.318356201
.257890500
.258997000
.267050900
.248427100
.248659500
.304718800
.285474300
.248758900
.255538100
.272354400
.242760300
.251759600
.284316800
.308324600
.260106800
.260593800
.315366700
.316899300
.254518000
.247316500
.251658600
.272054900
.301786200
.245480000
.257477700
.251087400
.281044800
.254844800
.316093600
.294381300
.244368200
.236628000
.375997899
.309311700
.241420700
.252440500
.260308200
.292241800
.298321700
.261475300
.274568400
.252799500
.315182601
.288099700
.252411000
.297083900
.245582400
.240903701
.320018800
.314497000
.241034900
.263846700
.259715699
.281550801
.272575400
.253508900
.258682000
.255268100
.248807099
.293025599
.240354700
.250199900
.252162700
.250803900
.298354799
.254432500
.239989600
.246445100
.255479000
.241770901
.331686100
.266570500
.252283200
.265889900
.255099200
.244487700
.310189400
.293499900
.251797000
.247987000
.259190600
.279515700
.300664600
.254733600
.267830300
.244906700
.315269800
.251570400
.322808800
.266831400
.264362100
.244473699
.285945100
.300677600
.258678300
.240391600
.244222000
.275374299
.297696600
.303365800
.251906500
.253090600
.293429901
.256318100
.249678500
.248291100
.279667100
.267549800
.315158999
.304988100
.284960500
.246811000
.244624900
.246703701
.305944500
.237665500
.241283700
.254861800
.283059300
.248577500
.284625500
.249300800
.241074900
.252080900
.256348200
.285172801
.298927200
.254589800
.240238100
.260420800
.292954500
.233709400
.279613400
.269216800
.295235200
.303978399
.249467901
.250720000
.262967600
.244391400
.255917100
.250740800
.304373600
.384331599
.287849100
.257781900
.331694701
.248597600
.285182300
.251470200
.239050400
.246743400
.269892599
.249009200
.286492100
.269728200
.248493900
.285007101
.319128100
.277586300
.266376800
.259480500
.244206200
.271846200
.292156100
.246086001
.301787900
.258876000
.247576800
.299414900
.307165800
.245624200
.241135500
.270025400
.300173099
.259508400
.244482000
.243694500
.291105499
.301647601
.242307400
.259385400
.306305900
.262420500
.253174900
.314614000
.274899700
.252397600
.253604300
.246595900
.276042299
.242244900
.237540000
.250576100
.258252400
.330349401
.245899600
.300740800
.306172000
.254194100
.245854800
.299379099
.316175600
.276722900
.253376801
.249427100
.290927300
.248797000
.316361200
.254015500
.263565900
.257565101
.291484300
.304381100
.278821400
.257952400
.241330700
.297660200
.283209100
.326453300
.252008400
.259729500
.286155100
.296692800
.254357200
.261932900
.251374000
.251595900
.322134199
.285131500
.252191200
.248190100
.248049000
.290218301
.315273100
.281089500
.254943500
.253524800
.285085300
.286259400
.253232100
.244242600
.286725000
.255429900
.238146400
.275241100
.310555500
.252569199
.253610600
.258488702
.280864600
.237392100
.253405000
.288161200
.299456299
.314408000
.309658700
.295726000
.285333400
.244338700
.255683401
.296677200
.300200600
.246674199
.245918701
.261854999
.278315700
.301091900
.261909000
.256058700
.242145400
.283150199
.299139700
.281374900
.315894600
.255071100
.310245201
.255533200
.289003900
.267202900
.255796700
.246729600
.277955800
.257073000
.241348400
.244052500
.288126200
.279378800
.291765600
.255716400
.274130500
.255855900
.246493700
.271554899
.291081000
.290428100
.254511400
.244167300
.300208200
.311471800
.266246500
.257864500
.247017000
.260333801
.291084700
.304523900
.247282600
.255290000
.252828100
.256096400
.274185200
.249630600
.279825700
.276296600
.338962200
.261871000
.266670300
.248885500
.256343700
.239552000
.249813200
.306613900
.292349900
.294062700
.239170200
.249719799
.316257600
.248652300
.274417400
.249787100
.249287200
.319324499
.252411900
.299709500
.260672300
.257180100
.242187801
.297739600
.290755600
.256491400
.247972700
.257982000
.287726699
.287563200
.259790300
.245490400
.290196000
.286185900
.296026200
.293988400
.308161300
.254861600
.261639800
.244736500
.301372000
.244960700
.241501500
.253610100
.302384500
.243873000
.248293600
.252981500
.256737900
.250456600
.248607800
.294585600
.282183800
.240980900
.264263800
.319261800
.296913200
.282462000
.257385200
.267663400
.280544899
.305266000
.266122000
.254013900
.282608800
.246476200
.287272300
.248760401
.248133400
.250792600
.248331800
.254905001
.246267699
.247450600
.262754600
.252427800
.265382300
.279903801
.250271000
.294957300
.252389400
.248356799
.242131500
.241993101
.295019300
.318790600
.250574100
.249243500
.286188300
.248160600
.294674500
.280591000
.280728200
.259433400
.273973300
.242960400
.314511000
.254534701
.243555600
.283070999
.377152200
.271628900
.314402700
.684583301
.448107300
.345880200
.260402900
.351079999
.275273800
.256580700
.247823100
.246550100
.255559001
.272114800
.257615700
.250693100
.238189000
.313053300
.318148299
.295452401
.290680600
.260252600
.259755000
.251827100
.282611700
.307155900
.281725400
.262374500
.252291100
.309033400
.296253100
.281001700
.259203100
.259158100
.308596300
.291049000
.249323800
.248338500
.277281800
.322355100
.240087900
.244635800
.274244100
.268728300
.266827700
.325321300
.295733800
.261393700
.242443700
.252587800
.284680499
.302033000
.240344300
.244079800
.250653900
.288732502
.244049799
.282976900
.295261200
.293879200
.264152800
.306721000
.322995300
.268226100
.265965300
.245855500
.292318001
.282044300
.286443300
.262653100
.255952000
.256120900
.306040699
.283746700
.243844200
.247870500
.243130201
.248700900
.248092700
.330778200
.317152600
.268287700
.265868100
.300281200
.311742500
.278519300
.257071200
.250863900
.249519899
.289467700
.266294300
.254928200
.314313400
.293644100
.280063800
.308424700
.276883600
.277199900
.276284601
.303131000
.285055700
.254647600
.263824400
.246686900
.243326600
.268174800
.248986000
.267727500
.251186100
.248450200
.247947100
.288842700
.258980800
.242708299
.243695600
.288639601
.305764400
.280859400
.266887900
.247598100
.249504700
.332031800
.297400500
.249563700
.248888300
.246522900
.260003500
.295788800
.254850700
.240650400
.251940800
.249587301
.303443700
.282707000
.246459500
.287498300
.268531500
.321719700
.258640500
.270381000
.245713400
.251480000
.251301399
.251796000
.296127300
.249586400
.249828500
.254802800
.292271799
.256119700
.299280200
.256097700
.254488700
.253956101
.261416000
.301094900
.249330200
.252074000
.262331300
.279268599
.288682800
.253507800
.246099400
.245786700
.241864400
.255467101
.284135100
.288169000
.264867300
.251038600
.239856800
.274073000
.283716900
.252973200
.276125900
.261026000
.277046100
.257208900
.256758200
.251278400
.247727700
.247981300
.239660801
.285058300
.251246200
.251700300
.239065100
.250520099
.267220100
.307369100
.272183800
.260683800
.237860800
.267577100
.305792700
.299652100
.254612900
.244687700
.255828000
.273885800
.281096700
.291667700
.254881300
.305623300
.282001500
.287102100
.253665800
.264846500
.249112200
.281949700
.348941600
.265060900
.251937700
.286020200
.246673900
.316305700
.273519700
.295215500
.249719400
.247259400
.299906400
.298580500
.248818100
.308111300
.263118300
.269438400
.301185800
.261516700
.253873700
.289982400
.290576700
.296562300
.257982500
.301547700
.259738600
.244389099
