4.230487500
3.787228800
4.104244900
4.055746100
4.030075500
4.202206300
3.819374899
4.135271001
4.143576900
4.031091100
4.166317100
4.082310799
4.063656901
3.779958000
4.095291000
4.238028400
4.114298400
4.075685200
4.095446299
3.732004401
3.655265700
3.982612900
4.087762999
3.818980901
4.115910300
4.255907800
4.074259799
4.112557200
4.032954400
4.156876801
4.194225400
4.070597799
3.780103701
3.730516099
4.132761301
4.206264900
3.526217899
4.077956700
4.068956201
4.135378700
3.856631400
4.114431399
4.050159401
3.529656999
4.091553201
4.271755200
4.236226300
4.182645299
4.182125201
4.210017800
4.097181800
4.094010400
4.184828500
4.088222300
3.309727300
4.138187699
4.079835201
4.043400200
4.146352799
4.119644601
4.095322499
4.203146001
4.043622100
3.783416400
4.861657200
4.390142300
4.882010299
4.713778101
4.410857900
4.107033701
4.124975500
3.821816100
4.146582399
4.115069900
3.814482301
4.066231899
4.055148901
3.959988800
4.180385000
3.829753799
3.809559701
3.820159400
4.194290100
4.107410000
4.125185800
4.158069399
4.087746501
4.087330999
3.823206801
4.006734799
3.306082001
3.515550000
4.062711800
4.076525700
3.276246400
4.331165599
4.275018199
4.325503200
4.160729701
3.847782000
4.094723400
3.867432700
4.060610700
4.141827700
3.847274900
3.770525001
3.950875599
3.917623501
3.730437799
4.015747701
4.095402300
4.096621100
3.503677799
3.437037601
4.023097300
4.173326400
4.021030100
3.815566800
3.783613900
3.715703600
4.089234599
4.171113201
3.568738899
4.130942101
4.062201400
3.509781399
4.106965401
4.414517800
4.026775500
4.025493499
4.175398801
4.035642400
4.150328000
4.179331799
4.062380400
3.285155400
4.195148101
4.051505600
3.265955999
5.089083001
4.689851200
4.102527999
4.123088001
4.139042900
4.056820699
4.086065700
3.592253801
3.783926100
4.155006600
4.010930199
3.496710501
3.855496200
4.075787699
4.016595100
4.190805101
4.075652700
3.448224199
4.167184801
4.059237400
4.094790299
4.059089300
4.111400301
3.781227001
4.113705399
4.059636901
4.134881300
4.107051799
4.015445501
4.111102300
4.174846100
4.163370099
4.118819101
3.423424100
4.052652099
4.224324401
4.208872599
4.133525401
3.761273399
4.144645101
4.128320900
4.084524900
3.801718000
4.017627300
3.723826800
4.182949300
3.837403000
3.834801199
4.097525101
3.794944299
4.094934601
4.053169800
4.030011200
4.486361100
3.782561300
4.030183699
3.739942701
4.280517000
4.038235200
4.081505900
4.158058200
4.056544499
4.054851500
4.050860501
4.067553800
4.123975399
4.019615901
3.826169101
4.072633100
3.845989099
3.729694101
3.487557500
4.064374299
4.078172501
4.553005299
4.162118501
4.108755199
3.197060801
4.083111900
4.080816199
4.186836099
3.254553700
4.042530600
3.840759300
4.054460900
4.047222799
4.336081100
4.130317000
3.589328900
4.130159400
4.131901000
4.058203500
3.780663800
3.771292200
4.049746600
4.020383700
3.800744300
4.065614900
4.061995500
4.072041100
4.040002300
4.023573500
4.119102400
3.342033000
3.991604499
3.361637701
3.452344500
4.043788299
4.076562400
3.996405501
4.039116699
4.113721601
4.035305700
3.720439699
4.084347000
4.342664600
4.019836300
4.162632001
4.067302400
3.168754900
3.680253699
4.055365701
4.150460800
4.033526000
4.058292899
4.097964701
4.099056600
4.117921499
4.020502701
4.052842200
4.148561700
3.683301300
4.151632599
4.080880701
3.690523799
3.912635001
3.476798500
4.057912499
3.737025701
4.145771800
3.736625999
3.525378801
4.161661500
3.772667800
3.798511700
3.437625500
4.157652200
3.764861699
4.118057900
4.075149901
4.175240600
4.126907200
4.083154100
4.095410800
4.102417000
3.706355799
3.794162501
4.074427599
4.027771501
4.124131599
3.404685101
4.120222399
4.227152100
3.194845200
4.072631201
4.082905400
4.104127199
3.744840501
4.114497300
4.326161400
3.728217198
4.110410801
4.171960700
3.591281800
4.072764900
3.859713399
4.027807901
4.040541999
4.049952101
4.091684899
4.072260601
4.075244400
4.165999400
3.758498999
3.320877701
4.156284400
4.145184000
4.210879399
4.075845800
4.075646400
4.154451701
3.872384600
4.098491300
4.088269099
3.935161000
4.555563400
4.220964001
4.635189000
4.453859899
4.075115701
4.232328799
4.637394600
4.095128900
4.092505200
4.146014601
4.142405900
3.827666499
4.068087000
4.088964701
3.881320699
4.046075801
4.050716100
4.077780400
4.010620500
4.103070499
4.070790300
3.428309801
4.116982100
3.772261100
4.112858700
4.115605500
4.132887300
4.071730900
3.734786399
4.807894901
3.475940099
3.757737901
4.125568300
4.082707000
4.100328099
3.517929901
3.176303199
3.725499402
4.210578598
4.115331901
4.088714700
4.054783199
4.164048800
4.122891800
3.473400801
4.095048300
4.194174699
4.350252401
4.308321600
4.186552100
4.124754000
4.075282100
4.102537700
3.753651799
3.493881601
3.467304900
4.141419399
4.065125900
4.100650000
3.516300601
3.486022499
3.512179400
4.160042601
4.063298899
3.812605900
4.027728601
3.529989600
3.192629100
3.527631800
3.295346499
3.257932401
4.102442800
3.777620000
3.536115000
4.122242800
4.079524799
4.100618901
4.015051199
3.804685500
3.760325901
4.128165999
4.159434400
4.208553401
3.735543199
4.084556199
3.710898800
3.581138700
4.055801700
4.263682200
4.364557900
3.816611399
4.119434601
3.916470900
4.062731699
4.104077701
4.075532000
3.832618200
4.035700499
3.266461301
4.042974500
4.118390700
3.760711399
3.773375901
4.189717600
4.164522599
4.197746800
4.232527800
4.142997899
4.249564100
4.087911501
4.136537199
4.067209000
4.188690901
3.791399200
4.231863598
3.753944501
4.475995400
4.070975400
3.828701999
3.201564601
3.513892400
4.182974899
4.277594001
4.074065800
4.152702900
4.074373100
4.399601999
4.047634301
4.395854800
4.386628399
4.080808400
4.071131601
4.142690599
3.669916701
4.149583800
3.968771000
4.194293099
4.055396101
3.954143000
3.770674000
3.851939299
4.204100201
4.262934300
4.020491400
4.083371200
3.932935600
3.813950599
4.092419300
4.143123901
4.084224500
4.095138100
4.128159600
4.207117600
4.092385799
4.289074901
4.088429700
4.286678999
3.214257801
3.488741200
4.040492499
4.125626101
4.080483100
4.150988200
3.768895199
3.782409801
3.569393099
3.524389701
4.188472799
3.755769301
4.173484500
3.750073500
4.090502799
3.837198001
3.782005600
3.268974099
4.079104900
3.829087100
4.065435301
4.064420999
4.051514800
4.084489601
4.157458099
4.124636701
4.153275099
3.905485101
4.152946599
4.096502800
4.205426601
4.198956599
4.080924400
4.249397400
4.142860501
4.221245800
4.116224200
4.087061300
3.797262999
4.120511001
4.185042500
4.072647600
4.107731100
4.073280499
4.121107401
4.112910101
4.070723899
4.084925000
4.073321401
3.829643700
4.056995300
3.533687900
3.847691099
3.841181001
4.174836199
4.204321900
4.101571500
4.165477101
3.778513299
4.272505001
4.165345699
4.132593701
4.115128400
4.147841100
4.101256499
3.844791201
4.184948500
4.149800499
4.419313001
4.184439700
4.121308599
3.230453901
4.106877500
4.082423600
4.075202699
4.072800301
4.085263800
3.277655900
4.277665900
4.316286000
4.113176199
3.849367401
3.476406499
4.104853601
4.109245699
4.112765701
3.774151099
4.042884001
4.180904700
4.089126899
4.078614401
4.097153299
3.491810300
4.080792501
4.118873099
4.148243601
3.453018500
4.756865500
4.175839599
4.128714501
4.095022900
3.794512900
4.073789299
4.182732301
3.767619900
3.530210999
4.154704101
4.083172300
4.051052800
3.288797300
4.056823699
4.062795300
4.075270800
3.604058401
4.078823100
4.077175899
3.663378201
4.156926400
4.036933699
4.089081700
3.412247201
4.128974099
4.108838900
4.184882401
4.097266200
4.015304200
4.062879699
4.068890501
4.169206100
3.769796499
4.050608500
4.131206301
3.791614899
4.065044701
4.045247099
4.031235500
3.755828801
4.140031200
4.041639099
4.010932701
4.203240699
4.053341801
4.036955500
4.045110399
3.759468501
4.255093800
4.102584100
4.116898500
4.116972099
3.780327501
3.766880900
4.069174700
3.709701700
3.889079400
4.093468400
3.821769999
4.065176901
4.117105199
3.431728201
4.097047900
3.190877100
4.073058299
3.962893301
3.801640300
4.106774800
4.428355299
4.005183101
4.023510000
4.026819300
4.061075000
4.128848599
3.797712701
4.529608499
3.837548900
4.116681300
4.177035801
4.090777799
4.051035001
4.110294500
4.090996500
4.102760300
4.117344500
4.085515099
3.737006600
4.149708901
4.092060800
4.193012999
3.707277301
4.225032099
4.118600501
4.221089400
4.084796599
4.080479200
4.073492000
4.244963300
3.766920601
4.105164299
3.918779501
3.554156600
4.048949699
3.306700701
3.938880099
3.486244501
3.779338499
4.189062401
4.034612099
4.088421201
4.136774300
3.873920600
3.746778600
4.116055500
3.846568600
3.781971200
3.795118199
4.008526701
3.243723000
4.147299299
3.755261601
4.100641599
4.314691599
3.546492301
3.717484799
3.585456301
3.834383400
4.153404599
3.223708600
3.785137500
3.482736601
3.610259400
3.882758500
3.541363400
4.151293300
3.298920000
4.110319599
4.132003201
4.133788000
4.193285600
4.054330399
3.973696001
3.399610899
3.518458001
3.220273699
4.076787701
4.093112200
4.065502000
4.112264200
4.118134700
3.413396299
3.263396801
4.105978199
3.889976201
3.399451800
4.157416600
3.750714600
4.221218099
3.714886101
4.081403699
4.046322400
4.081561901
4.028648200
3.997473899
4.052926101
4.061629800
4.072570499
3.774269500
4.034143801
4.117732500
4.048465800
4.113571300
4.058263300
4.041229000
3.506062900
4.077557600
3.563180600
4.025413700
4.116577699
4.081834501
4.128165700
3.808596100
4.191345199
4.093537000
3.861709901
4.047094100
4.051353200
3.523924400
4.042795299
4.170991300
4.229850401
3.485387799
4.093109401
4.193707400
3.474787499
4.087441101
4.048672600
4.217454099
4.017999001
3.855879700
4.073603699
4.155300000
4.205346600
4.133575201
4.085469300
3.807844600
4.232590700
4.129104100
4.068121000
3.495098800
4.050039600
4.069880199
4.032128101
4.109529899
4.024517902
3.503118798
3.337618300
3.587336301
4.046223101
4.168875699
4.257348800
4.173885401
3.454815899
3.242921601
4.105020699
3.542886301
4.018420500
4.232259899
4.036700300
3.890338201
4.067503601
4.086750300
4.025048500
4.258693299
4.095097200
4.234847701
4.170743100
4.118701900
4.031419099
4.141759700
4.061805601
3.520389299
3.176980901
4.125811900
4.096115100
3.324641500
4.154672800
4.133933600
4.443525400
4.172571500
4.074785300
4.485914799
3.855699200
4.121839301
4.060222600
4.129729999
4.113496601
3.782401400
4.055773000
4.120267600
4.093998700
3.974191799
3.523200101
4.036155099
3.604905800
4.024204801
4.127382100
4.030575600
4.086035199
4.053808801
4.056471699
3.826260401
3.783666799
3.733146301
4.071978900
3.507405300
4.293467900
4.032299700
4.102156799
4.045182201
4.197924800
3.219314299
4.113911701
4.026596099
4.125416301
3.788175600
3.560020700
4.112728399
4.035406100
3.755360000
3.818781501
4.040080999
3.747946399
4.050757601
4.425482500
4.056032500
4.109869199
4.072030800
4.206005401
4.072003801
4.106145599
4.123760000
4.284199000
4.753584001
4.142145400
3.736518700
4.146284899
4.095593900
4.234445501
4.132732900
3.850673300
3.538826000
3.776600799
4.055802201
4.169775900
4.087868500
4.114011100
3.743351799
4.165943000
4.036126101
3.654978500
4.412910100
4.161663100
4.076169199
4.090192500
4.083751001
3.786745000
3.386893400
3.790923400
3.505170600
4.075742699
4.111673801
4.126189700
4.077397900
3.754839999
3.450931201
4.078326999
3.836385301
4.147431500
4.016156400
4.114128699
3.457165700
4.123290200
4.062656001
4.044405100
4.062174199
4.138308700
4.059772600
4.230021501
3.191421600
3.539307999
4.083918201
4.044384200
4.051182800
3.499846400
3.297105399
4.036536601
4.023364500
4.114915299
4.114729800
3.823659700
4.016751299
3.826942101
3.488935400
4.150491000
4.016955200
4.150197999
4.111818401
4.150288400
4.075512500
4.082941800
4.080798100
4.142241400
4.031751900
3.555501199
4.003703401
3.555631499
3.253360400
4.739530201
4.099547800
4.305532400
4.055053900
4.098374900
3.738066600
4.076859100
3.747727699
4.074566300
4.073155601
4.151039300
3.425925099
3.789320501
4.075909800
4.127108200
3.703903101
3.238163600
3.275429500
4.049216700
3.687409800
4.131031700
3.280565600
4.057254600
3.739264899
4.111245300
3.823403901
4.067876100
3.495423800
4.114596100
3.720268200
4.068675700
4.118761099
4.167503900
3.451698801
