.456236000
.490452000
.444398400
.455225799
.472898400
.447859400
.383810801
.472403800
.371878900
.415043400
.446186000
.482288000
.468480200
.519180499
.433546300
.428241600
.484866501
.383939600
.424091900
.441231000
.489996900
.470246500
.483503800
.481742800
.465434400
.592279100
.488329701
.438955700
.449472600
.492918000
.430284500
.380858600
.441628900
.464980800
.482281500
.404560300
.434101300
.485632200
.451437200
.435200900
.445062300
.440436400
.455195700
.467564400
.442897600
.439446500
.512908500
.437836500
.421899800
.476411400
.392586300
.444364900
.512425600
.440513400
.453308800
.460177600
.454461700
.445111300
.506495300
.476309800
.459009400
.567306400
.477597400
.460920100
.465953100
.480283300
.466031200
.427487099
.480991900
.554852800
.493792801
.483602600
.385452200
.519091000
.416069300
.477340200
.477727200
.486545400
.397803300
.468618900
.388699200
.520230900
.459111100
.432418400
.504433400
.453398800
.473803000
.475055100
.438251300
.414727400
.455561100
.457003600
.431266600
.449315000
.480951500
.447004000
.527304500
.470832000
.435042200
.467291999
.423632101
.460152700
.440496200
.471707800
.503195600
.480807400
.465492700
.478016600
.459409499
.470965701
.529865100
.441766500
.445810600
.551622600
.461154900
.386911600
.480284400
.388007700
.451169300
.428408299
.475174300
.442048400
.435608701
.472454500
.464222599
.492212801
.478442800
.457038500
.466472300
.469333900
.467250500
.702455600
.462117300
.486556200
.456747100
.459857400
.477253500
.394657301
.449163900
.379920700
.432138400
.404103400
.469685400
.490944200
.430506600
.471816600
.387300600
.465676600
.514378700
.456799600
.469435700
.510410499
.512010200
.432640800
.463617001
.465682700
.464515300
.523637200
.464525700
.443422500
.516940300
.474942800
.430016700
.492956500
.483698200
.384395400
.655908000
.492705200
.468826900
.496343400
.387649300
.471072900
.423094599
.458472701
.441710000
.467462899
.489621101
.538016800
.467320600
.501295500
.454754400
.459227900
.388613900
.497606099
.377721400
.463472101
.506169300
.441303100
.402365300
.544168600
.449022500
.450987500
.526349599
.469038300
.473790900
.486457801
.466117100
.466294200
.461739800
.482176000
.445809800
.468312300
.465455200
.472323200
.426274500
.403723700
.445946100
.450021400
.458296300
.392694100
.466783100
.435459300
.375615900
.448924500
.389100400
.477820399
.475249800
.470484300
.482612601
.470428000
.444651100
.464786200
.478527000
.455910500
.446874900
.460950400
.371865500
.427378600
.466555800
.442914000
.453175500
.430471600
.505657400
.430232800
.390006200
.459901700
.384292400
.621370500
.480835800
.462303100
.445691200
.476667199
.462089000
.461431700
.479433401
.492185700
.423496100
.480132500
.553150400
.457016600
.474648400
.502996400
.457521200
.480072299
.473770800
.456193600
.444038701
.468721500
.376872100
.474044499
.474997801
.466873000
.482610600
.483837299
.462629200
.455594301
.479553300
.452310200
.423941400
.451770699
.391441000
.449055000
.467716701
.486274599
.460452000
.374102600
.457828401
.391084200
.461652500
.470193700
.477151599
.460983400
.446471901
.447596799
.479276900
.441605700
.469589301
.441484000
.442388400
.476950500
.551364700
.455438100
.386566600
.487328299
.376601300
.461918901
.514213299
.395445900
.425237400
.460200399
.501607100
.386868500
.385642600
.458439600
.490503500
.416472502
.478210999
.494621501
.620480700
.500047800
.502240800
.439432000
.409597900
.499164100
.431415300
.500040100
.548058900
.456735799
.471323900
.420332900
.492698701
.476470800
.470262300
.424841600
.423327200
.492937500
.512705100
.434570900
.473885900
.435070200
.459304399
.456645800
.447887400
.430966600
.476399800
.431945600
.454938900
.375987699
.470478600
.452864200
.485536601
.405449200
.475400300
.606776500
.480646300
.478212900
.456864800
.505615700
.509946100
.479500500
.493751698
.465221600
.450994000
.488615201
.492084300
.391807900
.467308600
.379361800
.463069600
.373775900
.510441300
.534374000
.434487100
.469956800
.471634200
.383321000
.473055799
.460504800
.453454700
.472877101
.469977600
.472285900
.454339500
.474423200
.462616700
.493765000
.451614200
.436907500
.396057400
.479546100
.380008900
.496060800
.385783700
.503253800
.466694300
.376158599
.448511800
.386444100
.437254700
.466740901
.468946700
.469106500
.471095700
.731230800
.501844900
.585260300
.561676000
.456757400
.691580599
.661188400
.532360800
.562902800
.698198701
.599494200
.795666801
.471938000
.511846799
.451923299
.391677200
.374313400
.479004100
.474534700
.470537800
.423263300
.533526700
.454416000
.468145700
.493667500
.487766900
.385591600
.426603400
.457013100
.456105500
.442050701
.499804500
.438850200
.448398200
.454705100
.447658500
.419659200
.427345300
.387389600
.452112000
.487558700
.501317000
.466977300
.462210300
.455678700
.472943100
.462426000
.605708000
.411284400
.527625901
.419163498
.467091500
.630397800
.499204700
.395239700
.464782101
.475513299
.483405600
.471485099
.449001001
.464719400
.478494999
.459609400
.518581700
.470338400
.445035700
.546196400
.468195600
.454590800
.508415800
.438767500
.445374700
.402131800
.489469300
.465912199
.478863101
.469958500
.435236500
.408481399
.465553700
.502896501
.433878200
.399902500
.463707099
.511227501
.453888200
.388671799
.526001300
.512425401
.412554700
.422393900
.374004200
.458094199
.435691600
.453249501
.441601600
.512693600
.457840600
.538559599
.469992900
.458991100
.480682100
.500739100
.451274800
.487833001
.489304100
.453018400
.470443899
.449105800
.451269800
.487225801
.472645800
.462417700
.471718400
.462443100
.466510200
.479711700
.497868200
.433753700
.441800600
.500261800
.458241900
.409252100
.480271600
.375737200
.439137100
.382690900
.494390699
.469113200
.454284400
.391419300
.464886600
.386772400
.454366801
.493377200
.381198500
.456640700
.501483600
.469387000
.486383400
.482345800
.452823400
.448777600
.478486800
.483541900
.384319000
.447776700
.387832700
.508375600
.388203700
.537837998
.465950700
.424844700
.442456101
.481461900
.458442200
.381567899
.390233900
.578392500
.452621400
.471317100
.469321400
.473727301
.457298700
.467194800
.438961800
.468790700
.389612900
.445827800
.390427500
.470174500
.404185400
.450904600
.468986500
.485918400
.445104901
.401624699
.397617400
.476037499
.406491300
.476397200
.478603500
.507570601
.474610400
.545998600
.391180299
.482093400
.484819900
.443204102
.486891699
.460890800
.387210500
.480171900
.411599300
.529660400
.466406601
.395355500
.480943800
.398716200
.470032100
.465898800
.428516900
.505858200
.456289400
.447245600
.485429499
.466030500
.464916900
.487225001
.471435800
.435678500
.404426800
.479982800
.380347400
.483809400
.389731200
.492254500
.442044900
.414180999
.474636300
.475507500
.586401501
.397366500
.497654400
.486565199
.531193600
.538251000
.487687800
.477857300
.513153600
.483639501
.478417800
.465079200
.389448399
.486139800
.376161500
.443697301
.395177699
.470045200
.430390600
.494345200
.475044000
.460496700
.454352700
.469559400
.485663100
.446075100
.504267200
.473537500
.462566700
.462723400
.461442600
.500593901
.483325700
.474220899
.477433300
.391485500
.435492000
.368529600
.418322901
.462943700
.462415200
.484010600
.543910999
.593990000
.433384200
.490717400
.449533700
.433800100
.500034299
.460677200
.450205300
.473993200
.466184400
.434771800
.480958201
.405666600
.458003700
.408631399
.439563100
.380454300
.448534200
.495654100
.395227700
.452842600
.454863600
.472308200
.447232000
.461257301
.468458800
.459399700
.477119300
.481281499
.466028200
.430342700
.482851000
.478799700
.476400400
.421382499
.462033700
.432967000
.451063300
.389933300
.480336300
.506071501
.399466500
.477110200
.422739800
.508411599
.471123600
.449159600
.480639300
.475275400
.448975000
.453096201
.482555100
.452283200
.455864300
.471103400
.460529200
.410548201
.469618800
.372381500
.447764700
.399029899
.520474100
.452706900
.567506300
.476574100
.383635100
.406380401
.535938300
.372078400
.457853400
.479858800
.457133500
.504881100
.537828100
.472510700
.397245800
.470508500
.511381000
.476214200
.487954799
.416720700
.470952801
.380803700
.510175600
.461933800
.396403800
.520335299
.474767100
.451923800
.523462000
.465194800
.456726100
.487309701
.461530800
.471990400
.533597900
.457099200
.463942000
.475467200
.510262800
.388762600
.444853800
.384178000
.440011700
.376538700
.493941599
.466133600
.570206300
.473765501
.498450700
.476338800
.471653500
.485206300
.468036500
.472228400
.508013000
.440416800
.475848900
.480292500
.451952000
.459139900
.485502500
.466928700
.376845201
.476130700
.380017000
.462515200
.517567200
.393945700
.462927200
.460169499
.481946600
.451756800
.384003001
.465035399
.468648800
.467171499
.598772000
.449574300
.457141800
.472048301
.470631300
.723501800
.398014200
.485901300
.388779800
.479767399
.546588400
.454043300
.400297601
.476735800
.445419800
.394775800
.501931400
.385116600
.487949400
.492466600
.432940700
.460889800
.466715400
.456891000
.478893100
.462629699
.480740100
.385886800
.480337001
.381965100
.464036700
.383282100
.455054699
.466332100
.485244100
.466934900
.377578700
.539176800
.444538100
.467437600
.638438700
.467954300
.479316000
.441236900
.447413699
.481940400
.428189300
.415445001
.493805900
.459888500
.474479100
.513626101
.392837300
.459266900
.469828800
.395774200
.399602300
.459987000
.463695100
.463644200
.456887099
.480061200
.460070900
.464454500
.416512699
.500073800
.442069000
.376293001
.480903800
.436527100
.442486200
.481690700
.568127700
.445358800
.476611900
.384063400
.541977701
.486473300
.435841300
.424274600
.475965200
.638886300
.386403100
.419380499
.498903100
.459314900
.475847901
.454702900
.454255200
.461370300
.487497800
.465791200
.444784400
.392842800
.447342600
.380847300
.515876200
.397108100
.460921100
.526175699
.412184200
.457419100
.485564501
.516570100
.462657900
.488941800
.489299500
.478936000
.421931801
.471971300
.450146900
.430014100
.490779600
.463021600
.456549600
.412094700
.507161500
.377022100
.463338300
.393655400
.484889800
.434600300
.398616100
.473424200
.398024300
.452147800
.484531200
.386779700
.494130600
.487274600
.461631200
.477090200
.474311700
.486143700
.473977499
.491539201
.471755000
.385045499
.499232201
.393606500
.490089400
.377164700
.529894900
.434532900
.408072200
.491914200
.574134200
.480174800
.499462400
.485115199
.442150901
.473129300
.490963400
.467715600
.458146999
.473550800
.474828300
.466618301
.472077300
.401440700
.512480300
.392285600
.458710800
.398578400
.492075000
.453936000
.382406900
.486077899
.439878900
.454100201
.484180800
.391025000
.454118200
.475155500
.523306300
.459677200
.446203399
.481665900
.458704800
.459041999
.481080301
.483328200
.447104300
.397918400
.474653300
.398869400
.467244500
.454533600
.408666200
.451794701
.514885199
.468229600
.438702900
.477413400
.475994500
.472098801
.480812600
.473083400
.453895300
.483456300
.467441700
.460818900
.416057700
.495264700
.380896899
.451162901
