.326934800
.279968700
.300734700
.288510800
.370489300
.321487800
.291615800
.298152799
.372552600
.320534400
.335867500
.288578600
.357851199
.324458200
.322719700
.326023400
.377204801
.328226900
.288809700
.310561900
.344236100
.320612100
.316184800
.287438300
.363639400
.314941399
.329388501
.291388700
.351140900
.367011300
.314253600
.310523100
.361725200
.320890400
.268783600
.295323100
.390496900
.301989000
.307444600
.295963099
.353952000
.360566500
.297110500
.298393500
.356445700
.323090300
.318581800
.299422700
.332170301
.332671600
.315136900
.282317600
.394201201
.319805800
.331860100
.306090600
.344230400
.348701200
.289671900
.281772700
.374255500
.396216901
.298716200
.273648300
.362248600
.327124900
.279669800
.323148100
.353338800
.348602600
.328334901
.295840601
.398123200
.291543200
.275250900
.284444200
.383341100
.337867000
.317351099
.295936501
.386726800
.359985900
.287741500
.284764700
.361407901
.341443400
.280582700
.272013800
.371134400
.362043999
.302526200
.336201700
.440920500
.241380000
.283359599
.318581300
.363190100
.300827300
.281756999
.281878800
.362826400
.336703800
.288749500
.279011101
.399931000
.307361900
.301362500
.320428000
.365976600
.358918600
.309317900
.307791600
.401087399
.335197100
.285404800
.304127100
.369543801
.303809400
.309267800
.300592000
.366543200
.371591699
.325199800
.357257100
.349658300
.329249200
.312707700
.360687800
.360402100
.295477901
.287165499
.335678000
.364152200
.319711000
.374639999
.303917900
.379954300
.355899900
.369395201
.340561000
.475258200
.344410400
.305885000
.361027500
.463047900
.310471900
.287213900
.430215500
.564271300
.344734100
.331590499
.302647701
.391945800
.297208800
.290739800
.287108000
.410400600
.322502700
.270837300
.314250599
.394754900
.324824000
.304451500
.344986001
.376342400
.392692000
.353987900
.328302299
.360015800
.345201900
.284525500
.265068601
.380645199
.372102200
.296138400
.340010100
.432212100
.382819600
.284570800
.285120601
.357151800
.378189600
.266718900
.280872900
.342887700
.346515399
.307831100
.313534300
.428123500
.343789101
.299641000
.297265800
.379034600
.344646400
.297739499
.313503300
.407526300
.469973400
.294606900
.298554300
.322981500
.292201400
.310294200
.291930801
.367627500
.304852200
.305924200
.287780700
.352262300
.280499200
.289156400
.288942800
.487505699
.340596100
.288472000
.291762600
.386307200
.319349700
.296766800
.292753800
.366400700
.283123000
.317605600
.347966400
.370957400
.285568501
.325962400
.356061100
.389493200
.273914100
.321394099
.308238700
.358843600
.302982900
.291982000
.315064200
.374454900
.293672000
.297464400
.289740099
.393906500
.331465700
.320775500
.296338100
.389752301
.292346200
.292287100
.319376400
.365447300
.281161300
.308627000
.331393400
.357429600
.278432300
.287181900
.297670200
.320097400
.314007700
.334959099
.351377300
.505848900
.286148002
.283166599
.337895100
.341055700
.287148300
.276000100
.281167200
.385924700
.314896100
.311482800
.298295100
.350523900
.326055400
.316177500
.330178700
.357197300
.283391100
.278456800
.297963500
.399526300
.290055600
.317046200
.299623700
.335345500
.274861999
.310427300
.282703000
.343500200
.300272900
.364070100
.305701500
.344301200
.278560100
.377493501
.296124200
.324501900
.300419900
.301854500
.292119800
.355778200
.323572200
.298462200
.301179500
.408115000
.327441500
.325620300
.280507300
.357454399
.322712100
.307607800
.288779400
.321997200
.348436500
.296956100
.285078600
.373643800
.299041801
.291424700
.328829400
.359930600
.318866800
.273073599
.337874300
.333654300
.307768600
.285611200
.277886001
.390220000
.289309000
.287852300
.272672501
.395946600
.297910200
.292871900
.318134400
.429334100
.312560699
.273651300
.308836701
.337744800
.288449700
.279165000
.305621100
.334798999
.325598101
.342126200
.292857501
.327064699
.298299700
.353075399
.272573700
.371192700
.314090400
.272602900
.307524600
.331770000
.314251500
.289336100
.278777900
.405350000
.295225000
.288166200
.296751000
.409882300
.332648200
.288751600
.334270300
.424658500
.349857500
.278655500
.306987400
.344849600
.289353399
.264608800
.276688800
.357702600
.276277500
.290775501
.286671000
.357603400
.310845600
.301088799
.375894499
.363212300
.324275300
.284217400
.333208500
.338518300
.310784500
.305553500
.275660201
.377005298
.298315900
.287632100
.288273800
.344922901
.331111400
.302366300
.304672300
.336853200
.304866799
.326460900
.325003300
.301401100
.276688100
.309359901
.332284600
.276579600
.336405000
.361768199
.285763000
.318077300
.331082701
.323352400
.295302099
.299717400
.318436300
.320942201
.287899800
.281943700
.308101300
.304350899
.290579300
.317396701
.279787700
.282483800
.271382700
.297686700
.299093400
.306680500
.315680900
.329313900
.289465700
.303259100
.264528298
.324512500
.276152000
.286570200
.267982000
.355130700
.311965200
.287807500
.291793500
.271709400
.376213400
.304001900
.310157800
.332484600
.357383501
.331283900
.301424900
.304484900
.290569100
.308568999
.271475100
.286667200
.300276600
.309821800
.297445800
.318827200
.272879700
.301718700
.276095300
.275833801
.356448600
.306881300
.320648700
.299541200
.324503300
.278197800
.307045300
.283588500
.278144200
.340798300
.297721900
.283487700
.276305300
.300190799
.282845000
.290376900
.337445500
.334363900
.300177201
.322057900
.321602400
.287567100
.284925200
.328154699
.318087400
.317615900
.310135300
.292180502
.290927500
.322592700
.301751000
.295318500
.288338200
.338080700
.278678200
.289990600
.279272300
.272187599
.292508200
.288873100
.285572900
.293781200
.292579400
.307990501
.294568700
.319358300
.285315600
.311200200
.329266499
.338359100
.331396001
.331860001
.375527900
.304154800
.316889400
.300883400
.297042500
.289517500
.311055200
.306258500
.326677500
.297461300
.300176700
.275709100
.301641600
.284125400
.300358200
.304781801
.289480200
.310930000
.285656900
.299278400
.286660800
.311123100
.290983900
.291969300
.329262900
.306408300
.309219800
.283575000
.337978900
.349976300
.313590200
.324700600
.330319700
.307860600
.289373700
.323667700
.293900300
.298236100
.279538800
.291337600
.303253100
.316631000
.311504700
.305942900
.270479200
.292639900
.283673600
.291934300
.289596900
.327399699
.322359900
.311283900
.287770300
.287500001
.316147100
.292316900
.290880400
.293928800
.307739999
.299354200
.305374500
.306931600
.291276000
.334273700
.337345700
.324048700
.278484100
.297775100
.285187801
.295284600
.274712400
.308815400
.284064200
.276821100
.340059600
.337634300
.277350400
.296438700
.305440300
.316441600
.293240700
.346837300
.329291899
.336503800
.313608500
.360034100
.289192400
.286954800
.340629500
.303575700
.274482700
.291153300
.328399900
.309193600
.297742200
.310701900
.292774900
.285491900
.293752700
.326610900
.319225700
.324840801
.325059100
.290425800
.316683100
.309144200
.284886200
.312818800
.294378800
.348893800
.330671100
.309320500
.290076200
.341385400
.337919700
.308209600
.327300400
.338324200
.292481700
.285321300
.303662100
.349282700
.314383000
.286749000
.301835199
.298860301
.317630100
.314990600
.327968800
.305641100
.321982800
.321799200
.318294100
.304403100
.298637000
.284942800
.333148500
.279074500
.366017500
.341440899
.278986900
.301286400
.301117300
.304658702
.318483300
.289400300
.342334000
.329493600
.334041900
.299797000
.269662200
.322459899
.286527000
.271242500
.279181801
.311911200
.328678400
.306379200
.281717499
.303576900
.303101800
.278093500
.311600800
.346745399
.293176200
.308487600
.360376700
.279399500
.330128701
.284611700
.334075100
.291650600
.292952600
.285520999
.349929200
.304292400
.313044300
.308534501
.346334600
.287638700
.332890600
.318483800
.345415400
.285524900
.289140500
.314485000
.285382900
.341499099
.309176400
.310497700
.285920800
.279637600
.335240901
.309773500
.304328200
.301184000
.333705601
.295536501
.272008000
.331307799
.299423300
.280714801
.344480200
.289766600
.288743400
.326384300
.372081699
.299199300
.284726500
.295227700
.287052500
.280472901
.287843500
.311475900
.352500100
.357726200
.304834100
.283045000
.354573500
.304063400
.276615800
.337234499
.300365500
.289450600
.268951400
.366371400
.298520900
.296816600
.312965000
.338977700
.391685700
.309762600
.293148000
.284826400
.334232999
.294203100
.281643300
.300433700
.285096000
.292577899
.283727700
.347825000
.302857600
.290602300
.320359501
.323785900
.340711200
.323218100
.323057999
.264687600
.293370000
.280596900
.299775200
.301839700
.360102900
.306952000
.271815100
.322916500
.295609300
.296165901
.323593600
.314923100
.271857900
.292016200
.312055499
.287657800
.273686300
.292994501
.291566900
.284406800
.313585500
.304513700
.300153600
.299648199
.309735200
.282373400
.293581200
.321707100
.376710601
.290928600
.287803000
.276629900
.280415900
.333125100
.292592300
.274834700
.296177100
.303798200
.285130899
.392312400
.295340400
.284801500
.320546200
.292525001
.314798600
.327722900
.299520400
.291010400
.306497500
.341946400
.283920000
.315365800
.305282299
.287871800
.298295700
.306645800
.292116600
.287556302
.382665700
.310219300
.306761800
.320988200
.369286300
.304074200
.311765800
.305250500
.279165100
.298308200
.290932100
.304954600
.308841300
.305770100
.308502301
.299272700
.325073500
.292156900
.329350100
.335303700
.334037200
.275445901
.293063300
.274829299
.291584000
.284087400
.316746900
.290158699
.296186501
.292695700
.326759900
.319110900
.284766099
.284266300
.291396400
.316960100
.295147902
.302761899
.323394499
.342002700
.310035200
.335119300
.282863401
.292421700
.313396000
.286216300
.307542600
.362023300
.284072400
.277819200
.333589000
.290485800
.304692799
.276120100
.334063900
.311610900
.305347900
.291990701
.321249300
.285358400
.304074900
.281768800
.360409199
.324722800
.297806000
.307692100
.297511300
.289603700
.317254600
.287883400
.283818800
.320609199
.338897900
.307646200
.288048000
.326187100
.284199499
.296455800
.346996500
.292218800
.278653400
.273574400
.347137700
.296001300
.331894300
.337375000
.292579001
.339512300
.309130500
.309716900
.276361399
.307602400
.327584100
.311359100
.303818100
.287132201
.339052600
.300456800
.323961699
.298921000
.340817801
.328147000
.322561199
.335586400
.305022601
.313262200
.296759800
.287552000
.276718500
.293872700
.284559800
.374259300
.312139500
.284662400
.325994000
.303694800
.280908400
.283636900
.276870600
.289771200
.326646800
.337238300
.276572800
.338106300
.296174700
.302863800
.280202100
.302238000
.288321800
.354796000
.279502600
.320577000
.277303300
.288327300
.296769999
.328124700
.291479300
.310891300
.332368401
.291239299
.274277100
.332731400
.288473900
.299756401
.337500900
.303231800
.283853000
.282555800
.306146900
.292522600
.303250000
.324967900
.334058200
.347857100
.371002400
.280525800
.286716900
.292264500
.287998099
.325592300
.308422300
.289205000
.286262302
.279843300
.271962100
.310640700
.315687100
.328468401
.355517499
.360442900
.310278900
.317418199
.299719701
.306152200
.301170999
