.074950813
.077479980
.074483522
.074084815
.072898294
.074340790
.077815494
.074705137
.078784413
.078527216
.079690452
.076621420
.075574314
.074669169
.073394620
.075820330
.079675758
.074826926
.071221049
.077079987
.078648129
.079657685
.073694797
.071630033
.073597013
.073771701
.074433461
.076095869
.073614893
.075708043
.074497128
.079883568
.076706121
.072523017
.074799804
.077725778
.075556265
.079564141
.075759002
.076677288
.075859476
.074514994
.075782644
.078548311
.076614351
.074479609
.075025494
.073482221
.075042209
.078655084
.080748767
.090536384
.076776064
.073469385
.076945021
.074574768
.072707223
.078548712
.080227151
.073693364
.072514583
.074571087
.077128871
.074518826
.076333404
.074060706
.074883828
.079496033
.078462582
.076846922
.077871017
.075888697
.078366118
.075930662
.073449503
.075052886
.077192906
.076996457
.074756862
.074587952
.073800417
.072067121
.075099666
.076769992
.075122340
.079277485
.077967844
.080339201
.077567319
.074613689
.074655115
.076740442
.075391265
.083776876
.075493539
.072011133
.075739709
.078653814
.076486336
.072889630
.073609820
.073182180
.075635358
.079254232
.075347974
.074023662
.076540065
.074157189
.077297824
.077283077
.076860895
.074894874
.076544683
.074646800
.072588788
.087078375
.074797706
.073620152
.072620118
.074716897
.077640428
.072716379
.075695401
.078703829
.079633174
.073703692
.071648626
.073628089
.073607225
.074440620
.077155814
.073700907
.075381858
.078705409
.079096430
.080263130
.082356299
.075760564
.074846652
.075604288
.075685378
.078106844
.081495686
.076377809
.073588606
.077459958
.075991001
.072077131
.073868792
.077137175
.074695033
.074720090
.078710419
.079601423
.076701869
.072505009
.077101260
.075551934
.073658956
.074504338
.077051470
.072320266
.075678468
.078743385
.079404603
.077395592
.077442585
.076206847
.076861373
.075677534
.078604686
.075675236
.076693850
.076676868
.073690326
.076685461
.074422690
.073600854
.073208494
.078091646
.082096092
.073706245
.075436935
.075561733
.079034250
.076150952
.078154117
.076649142
.073335448
.076763901
.074339934
.079121951
.078664940
.075586231
.073529044
.076781504
.077814148
.074588444
.074737094
.080096570
.075153392
.075856333
.079518856
.078585244
.076458079
.076702389
.073051983
.074335200
.075003133
.079391819
.074975604
.073877142
.075738979
.074312117
.076881579
.077805419
.073835487
.076298103
.079898846
.079011857
.078707009
.084206655
.086087424
.080447729
.074236804
.076310163
.075765030
.078752061
.076423609
.077682464
.080674975
.078607854
.076582850
.078622434
.075681541
.073918824
.076535321
.075595940
.080673655
.078671373
.080616120
.081678256
.085705223
.079240967
.076083574
.076619808
.078481529
.082082571
.081443891
.080035624
.079437798
.077704062
.077239252
.078020641
.077487122
.076450184
.080902481
.082608362
.076203772
.074059724
.075683882
.075654059
.076629318
.078680859
.076679639
.078602932
.077593149
.080609628
.078760620
.076503264
.074800338
.076704548
.079617446
.076361849
.078144669
.081367795
.082041442
.076543659
.074379280
.073472355
.075148274
.078629183
.083107229
.078833096
.077110689
.077390914
.077853653
.081102384
.080119177
.073328170
.075611276
.076760467
.076975144
.082031332
.078136832
.080323030
.078750729
.077113323
.072536554
.075665809
.075033101
.078351231
.078603587
.077545065
.075832982
.086448934
.081656800
.073701045
.075676080
.077749588
.078587814
.078420498
.077183355
.079293966
.076583783
.073011494
.076294486
.078882425
.077146422
.078174033
.080900500
.082068459
.079848898
.073417955
.080553172
.074100837
.079280391
.094554554
.077392602
.080246176
.079323016
.076283885
.078866541
.075728856
.074070774
.076368605
.079356934
.076942391
.078028551
.082132998
.084015880
.079473263
.076520242
.073226692
.076725400
.079004338
.077415902
.078120455
.080629497
.078847139
.075994252
.074288623
.075587979
.074514579
.077441137
.078931920
.076387190
.082098074
.077677404
.080991181
.076990254
.075718136
.074676000
.076573623
.078593594
.077400896
.078517146
.081884922
.025304454
.084128818
.075691741
.074690258
.080674781
.079551914
.076584523
.077626880
.081482194
.074026829
.075756598
.075559846
.076605143
.082677925
.077263718
.076981867
.078559425
.076145130
.078161424
.076459411
.079483518
.077492563
.082114249
.075890137
.077424350
.077467381
.082403471
.080102342
.073436722
.075441584
.080123375
.078330871
.081900521
.078190603
.080308840
.079062671
.075650193
.072600553
.075000185
.076152524
.078488283
.083019583
.078552254
.074774620
.077269822
.082040457
.078574078
.073657383
.075573004
.075582306
.075574091
.077776673
.082406534
.077369359
.080912691
.078569926
.076589823
.078594947
.075657490
.073802466
.077285800
.079979785
.090324154
.078923852
.077920954
.076344883
.073676539
.076638672
.079567413
.076591474
.077577277
.080978764
.082310402
.079588928
.075677745
.073608232
.076547524
.078602259
.077388526
.079685083
.083651691
.079739241
.075666770
.074720271
.074519147
.073735970
.077255607
.079042688
.077430583
.078262969
.077891114
.081406704
.078903283
.075689433
.074061634
.075439868
.075669474
.076573181
.077394044
.081107707
.082370679
.076574779
.073665895
.075657258
.074681704
.078647225
.081510628
.077973361
.076177827
.079705709
.076012570
.074599489
.074396995
.074767418
.077568377
.082588693
.075838947
.077326119
.081637405
.081575092
.080390732
.073952376
.075977410
.075993747
.077858541
.087226280
.083036537
.079605963
.073660603
.075172976
.076000205
.078700994
.077345132
.078859327
.079371642
.079650244
.077080711
.074331232
.075104467
.079487339
.077649561
.083108196
.075964608
.076181431
.079107464
.080587983
.079548474
.072975984
.076324470
.076433868
.078974748
.081046661
.078461406
.081017808
.081975424
.080080732
.073831386
.079553159
.076481638
.077431755
.078026458
.078293625
.079586706
.078638190
.076814052
.078564201
.075729229
.075132279
.073946623
.075633123
.076493821
.077760532
.081640363
.081408369
.080634515
.075776494
.073881457
.076396523
.078636129
.081659629
.077882356
.080647106
.078351864
.077750510
.081352728
.079434740
.073966827
.098680461
.080848792
.079378966
.076470413
.077219776
.081376731
.078822165
.075842343
.073975689
.077520019
.077906750
.081457933
.081923033
.077145975
.072786162
.075931912
.074917375
.077355143
.082769751
.077918925
.076193468
.078345029
.076884249
.078574015
.075461335
.074310215
.076427643
.078617889
.076676518
.078422813
.086040985
.080282313
.080619418
.073455422
.076516848
.075666767
.078864393
.077463432
.077934538
.080091040
.078798933
.076488556
.073724802
.075467972
.075868697
.077435872
.078553631
.077535212
.076491545
.077874039
.081556120
.079004293
.076590072
.079463798
.076179566
.078497250
.081462176
.077949685
.080594167
.082558615
.078389981
.073705581
.078888661
.097704944
.078504475
.081066080
.080518648
.082486636
.079194754
.073464693
.075436195
.081077087
.078362014
.075941960
.078858344
.076464564
.078943509
.075591658
.073892630
.076443732
.082704437
.078537468
.075967691
.081614321
.081403566
.084627816
.073902253
.073699658
.076649968
.079625588
.081673055
.077574852
.079872450
.079344677
.076560318
.073666130
.075639986
.074570143
.076557764
.079614260
.076142925
.078073812
.077545033
.081444285
.079686273
.075653873
.074285794
.076535383
.078868944
.076969968
.078202216
.080629751
.082189189
.076622780
.073463492
.076015651
.078238230
.076385542
.081943569
.076583867
.078366736
.077813059
.077371907
.078456888
.076188258
.025624364
.081023783
.076414442
.078064037
.078370082
.076669800
.078214384
.075950336
.075445539
.078513651
.082276754
.076733569
.079979652
.079628518
.075776575
.073529497
.075882592
.079388612
.077758920
.082984825
.081577969
.076330432
.077448961
.081885411
.077930153
.073688652
.075578709
.075294862
.078892589
.078462580
.078271364
.081937258
.079981581
.076601963
.073528047
.075555129
.075639091
.078613614
.081563675
.077394909
.076749756
.078540035
.076561404
.078560815
.075625096
.074443590
.077239879
.077982645
.077127076
.078410463
.079462968
.082429780
.079756168
.075903707
.073455791
.076735521
.077435121
.081623177
.077577790
.080523800
.079357628
.076635762
.087385791
.078376933
.081372297
.077546055
.079781726
.078421920
.076546965
.073785458
.075704823
.075367698
.076560115
.078343977
.076831913
.078327462
.078547161
.081304544
.077808869
.079562032
.026697387
.079031604
.079603242
.076564248
.077264999
.081891313
.081567089
.076548903
.073301924
.075471319
.075049664
.077533032
.082535092
.076210122
.077966034
.078608192
.076520700
.078541316
.075613025
.074661784
.076780419
.079352191
.075839445
.077982997
.081964725
.081531522
.079545449
.073760506
.076280791
.076583107
.078987269
.076863077
.078128557
.079744508
.079043052
.076048950
.072440176
.075668793
.075615441
.077544330
.082139577
.077891185
.076814960
.077561584
.092587530
.081634710
.082528481
.077549361
.075995376
.078221525
.081518540
.079574441
.073007322
.076202735
.076344093
.078808681
.082368676
.077246020
.081242044
.082379363
.075915025
.082682303
.079125018
.075395943
.073179390
.077126804
.078853721
.077232265
.077792568
.081644137
.079485234
.079973865
.074156140
.076277385
.076713296
.078633885
.081332389
.078143844
.080222031
.078670097
.076577132
.074071034
.075369092
.074386541
.077028103
.078449009
.076855714
.077900249
.082627748
.080719453
.078496158
.076227716
.077264506
.076400123
.078975143
.076727418
.082007953
.080792694
.082111499
.076687543
.074503433
.076839608
.075646222
.076894902
.078712823
.076914544
.095831193
.078113202
.074980249
.076431506
.078616802
.075628510
.081857779
.079276211
.076563023
.077571844
.076570869
.073706218
.077554579
.079528448
.075567294
.077914001
.082119842
.086225534
.079971166
.076095473
.076375515
.075613701
.077105921
.079756873
.078121520
.080030017
.080631344
.073929970
.077666548
.075596408
.074918556
.077606113
.079120725
.078832619
.076447900
.077829674
.081588297
.078618553
.073915859
.075388681
.076070498
.078313899
.081332133
.077973288
.080687439
.082342327
.076436873
.077452731
.074835103
.074887294
.078095573
.081880869
.077788128
.076641611
.078338042
.076687422
.079637968
.073861488
.073630051
.076571670
.078541132
.077514330
.090749889
.100719526
.081942735
.076475787
.073169727
.075762623
.078661031
.077118209
.077887537
.079659338
.072312711
.076132015
.077408881
.078405266
.080944960
.077782978
.084303377
.078426862
.076538532
.078511970
.075341840
.074439760
.076422579
.079369495
.076560214
.078964778
.075915594
.081370991
.083014375
.076144658
.074181794
.075190010
.075109331
.077529387
.082409246
.076314055
.077797374
.077938579
.076884604
.078481508
.075443971
.074682460
.076909117
.078628414
.076101557
.077798672
.082417569
.079802188
.080527231
.072746470
.076291516
.076219251
.078866068
.079750680
.077985470
.077427084
.078329193
.080812367
.074192408
.075818937
.075038010
.077596371
.079126241
.039193995
.065651568
.076557875
.073592018
.075612824
.074920330
.077539973
.083298469
.077524918
