1.157631343
1.496879112
1.500529809
1.520299326
1.543057532
1.483271320
1.492262949
1.156221123
1.481611525
1.486896561
1.140083918
1.489921964
1.473814491
1.519938522
1.638598547
1.556863993
1.489447868
1.165486776
1.506282166
1.500933195
1.166022729
1.483312406
1.506738860
1.132037202
1.515740164
1.626760254
1.471868765
1.533440129
1.492359680
1.600330278
1.079468391
1.546085913
1.487818145
1.129650599
1.610123978
1.537277921
1.152788924
1.501636302
1.502518835
1.513831925
1.512623924
1.513521920
1.641109051
1.144904182
1.313313319
1.479540071
1.148802274
1.488073498
1.588316918
1.579774976
1.522863759
1.483640584
1.618646377
1.132230136
1.471649921
1.664150820
1.156563821
1.503927975
1.498865967
1.195055521
1.490245066
1.435121784
1.506107956
1.568319458
1.437705974
1.690357891
1.144221904
1.474663649
1.473452660
1.129803568
1.488182246
1.535382169
1.659559345
1.495275130
1.477629720
1.547095614
1.494737981
1.510955531
1.644584758
1.173377405
1.515507884
1.666812214
1.174179541
1.530416803
1.609167342
1.185081095
1.566904142
1.672041071
1.142035583
1.681402380
1.547236174
1.558647906
1.563302023
1.615534527
1.614451434
1.145195214
1.623412512
1.549101893
1.145275416
1.698474765
1.525809901
1.159569434
1.508797473
1.515389239
1.177466636
1.533596925
1.503021807
1.721560213
1.514636794
1.516269547
1.659195945
1.147635655
1.512357525
1.654760997
1.168990990
1.532889673
1.600639783
1.183846150
1.525153234
1.515554865
1.181689582
1.522687692
1.527279640
1.545427179
1.538491168
1.554732839
1.670278746
1.150043371
1.505707384
1.646927127
1.177298584
1.525367860
1.601052719
1.186824054
1.515611745
1.522531573
1.160241936
1.556444676
1.535768211
1.696399374
1.500623258
1.583653722
1.695264651
1.168816151
1.538661653
1.616348286
1.610939844
1.502922152
1.596542075
1.188513302
1.552407016
1.524801592
1.166652338
1.538334393
1.535059241
1.559370771
1.688638383
1.594245154
1.557324352
1.705468218
1.534324617
1.648656625
1.202826742
1.526672039
1.665611861
1.180662773
1.538632070
1.683378990
1.195180969
1.531060450
1.680207075
1.184869225
1.533654674
1.541645630
1.191352469
1.540740637
1.533526485
1.532701702
1.544749515
1.524309893
1.666792235
1.173092374
1.491750087
1.649289421
1.168275481
1.587461290
1.668318706
1.208426325
1.502040478
1.723662489
1.154595561
1.539942901
1.516107707
1.547269410
1.538088210
1.566298838
1.661139898
1.157281014
1.533047759
1.668014874
1.224184036
1.554258269
1.704619095
1.179384267
1.562386241
1.543148675
1.186755915
1.553338941
1.528255960
1.601660921
1.584105745
1.566792632
1.608148213
1.583122596
1.602889077
1.709599839
1.202031227
1.576450844
1.699623971
1.214907667
1.574097884
1.709287973
1.206756095
1.576442123
1.706076149
1.205331277
1.584611610
1.648039577
1.209517944
1.579104334
1.569556651
1.212638638
1.561583176
1.591689369
1.213945549
1.571362477
1.554612694
1.570356819
1.555483870
1.577573688
1.708512718
1.178510700
1.549134265
1.691532572
1.210309346
1.572374353
1.712714190
1.210140927
1.568543000
1.706929568
1.198929609
1.566915260
1.705032436
1.217547206
1.572992727
1.640049160
1.215424828
1.577594658
1.578687491
1.229520793
1.555937142
1.572065251
1.263568936
1.632977349
1.650239926
1.273935623
1.645508173
1.707677574
1.257786732
1.633627797
1.795872270
1.255608330
1.641487586
1.767706688
1.256999745
1.626631564
1.785497381
1.345915934
1.637588109
1.759874340
1.253330323
1.647308471
1.655103062
1.660793395
1.649071104
1.706241204
1.669035450
1.649596869
1.666297909
1.644053835
1.660208368
1.677560381
1.648428871
1.657830877
1.806543257
1.249709566
1.591118513
1.647981668
1.657132857
1.631666759
1.675098524
1.658090772
1.647693863
1.663503230
1.642840792
1.645324994
1.780741488
1.227766692
1.610104458
1.648353325
1.657090785
1.642570061
1.672575355
1.666557725
1.659448578
1.672365822
1.646024168
1.665563327
1.655198416
1.641471264
1.677515755
1.638642417
1.660246826
1.643131280
1.667060164
1.671462424
1.636428914
1.705464792
1.654602377
1.659106029
1.661807783
1.660610266
1.658943376
1.675676551
1.639656082
1.661212522
1.783096930
1.241541962
1.637153303
1.675541840
1.672485087
1.636241825
1.716338572
1.652041216
1.656900680
1.668609647
1.648172884
1.677654426
1.634141553
1.644640584
1.648242824
1.648719523
1.665831392
1.641283728
1.659621873
1.668594001
1.653530691
1.677753748
1.654421140
1.666919073
1.661743118
1.641198804
1.673175478
1.636132900
1.653473103
1.653964771
1.817797060
1.245756224
1.650901027
1.648558094
1.655731485
1.653690218
1.666407054
1.622507954
1.656769817
1.640552564
1.617850210
1.657810665
1.780780689
1.235334632
1.640431460
1.639198452
1.638968829
1.624798406
1.683465436
1.658593234
1.651150399
1.667804607
1.640150962
1.669419679
1.642111508
1.639358738
1.639614316
1.781300865
1.230631805
1.619297363
1.638485112
1.642350908
1.622168920
1.682685485
1.654580959
1.670259032
1.667529456
1.644420773
1.669446514
1.647350688
1.648649170
1.653666255
1.783895891
1.251431926
1.647858317
1.681788451
1.610073479
1.641812884
1.663258470
1.617467286
1.657278809
1.641579364
1.629027055
1.649252522
1.798412331
1.238280052
1.617597220
1.642186521
1.628475462
1.642573339
1.695946272
1.667843255
1.675365049
1.681669896
1.668291464
1.667402401
1.678012158
1.666742596
1.669060336
1.668202676
1.659067368
1.679418558
1.682720626
1.657695192
1.683464663
1.664763651
1.696158363
1.695450248
1.678386761
1.672583933
1.671466576
1.693354703
1.684150739
1.683765319
1.719659130
1.669355998
1.685900964
1.683013917
1.691095123
1.690145578
1.685978964
1.680304217
1.682302244
1.686488724
1.675998102
1.663948799
1.705098953
1.736948606
1.635260141
1.709222716
1.660486398
1.689022579
1.676225159
1.677303188
1.661801217
1.676574645
1.685234444
1.680712670
1.707279309
1.704923459
1.688993050
1.708814269
1.706292260
1.683132177
1.720082989
1.769726693
1.611297173
1.718759400
1.705165511
1.680341730
1.725720908
1.689045544
1.711788468
1.715322148
1.689137312
1.692265200
1.721516321
1.681027533
1.701904736
1.713446077
1.712144494
1.714720364
1.718103220
1.749626890
1.669899885
1.711813309
1.708649280
1.700145266
1.696586963
1.677181238
1.700148444
1.695913045
1.694328447
1.707445134
1.698621531
1.687161652
1.706844626
1.694806734
1.691881019
1.711301200
1.702915753
1.773199400
1.641054729
1.707085388
1.711141634
1.673530188
1.720141334
1.694948691
1.682219076
1.697417051
1.690141064
1.694895591
1.697160609
1.713205938
1.724303256
1.761218895
1.751048667
1.740224599
1.770121206
1.801174758
1.674973513
1.743788974
1.766496392
1.742869935
1.758322405
1.745618113
1.754074184
1.749252667
1.737605981
1.747561401
1.745142555
1.735140479
1.747638811
1.750457215
1.734969856
1.731640426
1.743274709
1.727641529
1.747101624
1.748284487
1.736799458
1.733639590
1.756249150
1.732465061
1.744359794
1.756759377
1.739677552
1.741316377
1.813123882
1.719443208
1.738069774
1.849286960
1.732166950
1.720958997
1.786447915
1.705172423
1.744331099
1.769185559
1.745166280
1.740975598
1.755152588
1.766222678
1.730754866
1.787401968
1.272186908
1.758640172
1.746276502
1.755253660
1.727015624
1.805120445
1.735714362
1.728554306
1.863141479
1.724587817
1.733288159
1.797643946
1.737597853
1.749367772
1.785489134
1.792641394
1.788932844
1.809453864
1.788587138
1.792167080
1.808314808
1.781035392
1.776697179
1.889292154
1.787295381
1.769391922
1.786769063
1.858575151
1.743672311
1.806847218
1.806929970
1.771163144
1.856797081
1.782219776
1.765340946
1.340592885
1.788349213
1.774508170
1.359260997
1.781844004
1.791383043
1.771560290
1.794781971
1.796609053
1.877673576
1.691214791
1.818487852
1.789064167
1.809921945
1.797747144
1.806664134
1.801251103
1.792431213
1.787359310
1.805525933
1.872145489
1.772697273
1.796563325
1.773881412
1.873843314
1.781075270
1.874307052
1.793991558
1.831500390
1.846396733
1.833610577
1.845029399
1.923770190
1.828126959
1.832917408
2.055502600
1.821068774
1.942612115
1.368831646
1.825599077
1.860286075
1.848207512
1.843225939
1.856206615
1.840600006
1.850532629
2.016089045
1.839897291
1.824428639
1.935764774
1.835015465
1.832332957
1.841807034
1.847216368
1.846616302
2.027835792
1.833523063
1.827317090
1.847816754
1.842985472
1.858566890
2.132247664
1.593313001
1.948382572
1.383894503
1.813158550
1.831173177
1.852063917
1.840118102
1.855060006
1.850534690
1.843116511
2.011011099
1.808369468
1.805999558
1.860527828
1.838717366
1.849302697
1.870849290
1.844177145
1.845798623
1.937686442
1.842206197
1.826742539
1.399154010
1.884921607
1.878815373
1.418823013
1.890197174
1.915750798
1.894341115
1.922626943
1.412779893
1.888105710
1.930865913
1.860434122
1.893624506
1.987829012
1.892826239
2.542607446
1.421398288
1.891145000
2.005769796
1.407385028
1.887288733
1.874593301
1.894047904
1.908778623
1.398573480
1.862815320
1.870244885
1.387163605
1.872102291
2.029162593
1.861728979
1.865642481
1.384824051
1.903936544
1.981526560
1.377102838
1.864816565
1.897405036
1.868933152
1.871049451
1.392876595
1.897219012
2.000922392
1.468960985
1.985733835
1.488732280
1.966498926
1.983093102
1.973893872
1.996081294
1.483513404
1.978415637
1.985453506
1.997660313
2.544431026
1.621691164
1.948459201
1.959513955
1.957152590
1.986645540
1.466934970
1.935810468
1.982498745
1.996921363
2.002745875
1.458829305
1.959064967
1.962815068
2.002503988
2.023944595
1.482817862
1.968000526
1.990843059
1.986762655
2.025759707
1.354044303
2.115265901
1.999298497
1.977942377
2.006438961
1.480346450
1.989709730
1.988237125
1.983383478
2.017949797
1.483298240
2.001009229
1.997605756
1.974016624
2.009750016
1.505766921
1.928769450
1.998897901
1.992748764
2.005296692
1.495458665
1.996491122
1.979954908
1.976376732
2.018115103
1.465679263
1.972435093
1.995824251
1.968224462
2.004003186
1.526803479
1.940663695
1.996326075
1.998546036
2.233237758
1.450820179
1.900002620
1.998156202
1.991742675
2.010907080
1.478379167
1.989242175
1.986745346
1.978083526
2.002137070
1.525725555
2.009716242
2.074841163
2.085305898
2.208638519
1.523651470
2.070844164
2.250019354
2.075746495
2.183675704
1.519752010
2.073589104
2.237158691
2.070275941
2.176787715
1.528014014
2.075105375
2.153738325
2.069716279
2.186557472
1.496716739
2.054950720
2.249852088
2.053880443
2.176435529
1.505152720
2.064991313
2.093550374
2.090592799
2.192641558
1.528303168
2.064853875
1.529436082
2.060035061
2.067554404
2.072242850
2.220619349
1.525986567
2.071186466
1.486891243
1.442204096
1.407098630
1.106172828
1.411412712
1.412937421
1.397534876
1.407465421
1.421055878
1.486262208
1.097332357
1.408974257
1.400370653
1.419489704
1.403178488
1.417597732
1.396577089
1.084731020
1.383482567
1.378402999
1.383527326
1.389425363
1.392706078
1.387766868
1.072840912
1.398903609
1.380851119
1.406581098
1.413622716
1.429512332
1.397309281
1.078726381
1.390485865
1.386348357
1.398025055
1.379677097
1.402564656
1.418856347
1.114181779
1.398835189
1.402400753
1.402722148
1.413691880
1.406189014
1.411782129
1.075723740
1.398931262
1.381297038
1.415919558
1.409382512
1.419248261
1.549420114
1.106330015
1.409023768
1.405556127
1.410349869
1.401620173
1.412817209
1.421989751
1.110323688
1.401068522
1.404019508
1.430960116
1.405009939
1.422217409
1.551355856
1.094877778
1.407555302
1.396721709
1.401991197
1.412863336
1.423101136
1.474018774
1.082142378
1.384819447
1.387250848
1.423332153
1.392409066
1.412671493
1.401168427
1.087309348
1.409696685
1.417050363
1.436383308
1.427812130
1.427967345
1.558463846
1.109200092
1.433615784
1.421583705
1.430621194
1.418764719
1.425466091
1.592840657
1.107125280
1.423299857
1.422652219
1.425698941
1.400951863
1.412923276
1.416916393
1.104773093
1.404386833
1.396203294
1.429088806
1.401565342
1.407015554
1.416129479
1.084711936
1.401069537
1.408719387
1.406569912
1.410343523
1.419252547
1.525225799
1.087205761
1.407421228
1.403055945
1.415231282
1.391628529
1.424449835
1.414553184
1.087024567
1.407036168
1.399350911
1.436426775
1.425970880
1.464993712
1.607319116
1.123192268
1.448983925
1.440260872
1.594924055
1.493324335
1.412424768
1.504967236
1.104734246
1.423540126
1.420888116
1.479768584
1.448018532
1.445145742
