.653753000
.647166301
.658431000
.642905299
.671738100
.652245200
.660834000
.627513301
.625692000
.616329000
.630684599
.631767600
.619164501
.615343000
.607521200
.613595700
.600155300
.600702500
.607052300
.599084300
.612346699
.585930900
.609311500
.636682700
.643716101
.626476400
.657673800
.618843300
.613743400
.639161900
.631448100
.621942400
.637772000
.669819301
.627008701
.619836899
.626660799
.644164000
.630104101
.634777100
.624576000
.660753099
.622445100
.621520201
.654469100
.646677599
.610224201
.592670300
.599758600
.608445299
.602669400
.602710601
.630569000
.619997099
.603041200
.635974201
.673399800
.613497700
.617324000
.602583700
.612138500
.631847299
.633409201
.643231500
.645681200
.628044200
.623037399
.620243800
.615366500
.598816101
.605344100
.606973800
.683439000
.600366400
.645367499
.632938201
.651811299
.625196000
.615670101
.609691699
.605703100
.606800701
.621151100
.604521199
.594443400
.584292900
.635256801
.617329499
.619205101
.612555200
.611824000
.616058100
.620844500
.619781800
.625234600
.619767500
.654762800
.615965699
.640882501
.673727199
.646903801
.648581100
.613914600
.645784200
.639450500
.632513500
.653179200
.651609199
.649738000
.613478601
.634575700
.630741501
.626605300
.632314900
.644890901
.617257400
.664547399
.600356101
.598016700
.658145400
.661483300
.618853400
.635250600
.618394900
.610038700
.612735500
.642680700
.636432000
.647396600
.621732900
.609049499
.623953200
.643381900
.601520801
.617115700
.626083399
.629099500
.620219101
.649231100
.620122200
.615787500
.626502800
.608953599
.625798600
.615851500
.620129300
.628041400
.620259200
.602431600
.644127801
.612627600
.605872800
.599758900
.606624000
.595384899
.618991400
.600593900
.609243900
.601167900
.630576601
.616605800
.636247999
.626823700
.619650700
.604786300
.605459200
.587014101
.607514900
.593890800
.593848200
.591371800
.597888300
.592678600
.609448600
.610689600
.619892900
.745376400
.624931700
.622966799
.648757500
.611435200
.594057899
.602276100
.600740800
.611768300
.619111799
.642907900
.615893100
.615645201
.615526100
.608714800
.634040300
.618725500
.615666300
.645445400
.628295300
.614329000
.602108500
.625876400
.614939200
.600970300
.619835600
.612770300
.614537700
.606878800
.605764899
.617302600
.660900601
.599638300
.617660800
.605058100
.602967800
.597564500
.598074100
.600389500
.613468900
.592889100
.599723900
.600243800
.608122300
.599635400
.640545701
.595493499
.617947700
.631829600
.608748900
.623682600
.615659300
.603946400
.620110100
.609686100
.614373599
.649837900
.616618100
.597643800
.614462800
.654653801
.601483600
.602054800
.624984600
.604243700
.620748999
.617257200
.613141601
.605509000
.616977900
.633008099
.609556100
.603516299
.611382800
.608967201
.627022600
.606129900
.609974000
.630825600
.617786500
.593516300
.615870599
.598385500
.609877100
.612887901
.608172400
.618405100
.614991400
.642980100
.591899300
.614134000
.599596900
.597388800
.628089701
.609261900
.594675100
.632401600
.612273700
.601557800
.598172501
.595536701
.599362299
.610962000
.622839300
.631419800
.662662600
.600928700
.606893000
.641412700
.634124300
.625298899
.603130400
.665232800
.639093901
.611567000
.611613900
.610724500
.614844800
.616304200
.640385600
.633135400
.638100600
.602027600
.632544800
.604039600
.600111200
.594430100
.603728100
.621375400
.595160299
.590808999
.611042200
.610168700
.606657200
.613280200
.631609900
.607035200
.612276300
.616211000
.607577700
.611778500
.606493400
.594335600
.590096300
.599524499
.597795200
.603907600
.598930500
.614050400
.618393101
.635298500
.608714199
.622317700
.628364700
.630964101
.624133500
.617374399
.610243200
.615028301
.609562000
.595818600
.588955699
.598017000
.611125001
.611671700
.614847000
.613531100
.592652300
.638914300
.600077100
.621377500
.600750100
.604851600
.617018399
.615972500
.596640700
.617099300
.609328100
.603066800
.610412900
.623933101
.603724900
.607097300
.602348500
.617176100
.591878499
.660247300
.642346301
.613245700
.611413100
.615033000
.622075700
.622538100
.638012300
.594208000
.619010600
.596874400
.613877800
.626683900
.602275000
.589385100
.661231700
.609651900
.602503800
.616503300
.596245300
.607898200
.607753200
.590674000
.598456599
.667301900
.618381001
.619079700
.609448700
.607352800
.593881900
.612188000
.653700300
.652725200
.611328900
.639738600
.651588300
.610023200
.600634800
.618045700
.620807900
.613466999
.606834600
.645053701
.644203700
.627551300
.616562200
.643114400
.661106500
.612798600
.601623999
.615955300
.591841600
.600886001
.587203200
.621054600
.618254900
.612908800
.642138600
.610329700
.602880000
.616866400
.605628600
.629627901
.616875600
.604130099
.602524900
.600586100
.603100800
.612493300
.623431400
.608286200
.603134201
.656203100
.665385599
.654516100
.647112400
.636364700
.652638600
.626378601
.608024000
.649675300
.659739900
.621162799
.620582400
.638048600
.637683001
.626095300
.674094200
.632265700
.625683500
.617042200
.637683100
.636398500
.640636500
.635590200
.652012600
.631974899
.613614200
.609143701
.612835800
.611002700
.593075199
.652056800
.596885700
.602500701
.593991500
.616801100
.603299100
.604424700
.620592900
.637893400
.627620200
.611321600
.603728400
.592854400
.617227000
.619582200
.599806300
.621698200
.597816600
.604831700
.611595200
.602373800
.610346999
.599181800
.614333200
.603864000
.648403500
.609642200
.612923400
.596281701
.602728900
.638528600
.623841500
.643205300
.632997100
.642307700
.621881900
.644820800
.611790600
.625313200
.607550600
.606404800
.633449300
.686731500
.601277800
.663185700
.659891000
.647405800
.613936800
.609907800
.644569000
.643519600
.608638200
.613084700
.603449200
.601148499
.612726500
.613830400
.633722301
.602534100
.599031800
.632064800
.614282600
.606184000
.608813200
.646883799
.613999700
.622152001
.615583500
.624355500
.644934800
.645855500
.608878800
.632045800
.604413200
.598678200
.615199300
.611398899
.603484800
.604081201
.609054100
.593802099
.605909500
.600147000
.591615601
.602729300
.596463800
.605920300
.630013600
.611091300
.599930900
.634140700
.600006700
.590673800
.601216100
.629008600
.643749100
.644177800
.610411500
.623501300
.606235800
.602786000
.597688400
.628298799
.607793100
.609817900
.605221701
.608387100
.588268200
.607709300
.593819300
.611038400
.596938900
.612992400
.604064900
.633539700
.590128100
.633693101
.615882800
.605012800
.593091000
.622311000
.645321200
.606229799
.597730700
.607623400
.617109700
.604227800
.604013400
.609266300
.627377600
.653992700
.609095099
.633189900
.624122000
.613956401
.630882300
.611015599
.627670500
.644168201
.617741600
.610011800
.614859600
.611428300
.620121100
.609199800
.602803500
.603924400
.612009100
.596621701
.605625100
.604932900
.597872000
.619446500
.619193300
.600028600
.622640700
.599760800
.604640100
.603249799
.618933100
.614332101
.608018700
.620433100
.616564700
.607380000
.632111400
.608612700
.611024600
.622903300
.618339400
.598615500
.598724700
.599185900
.601339400
.604620000
.598970100
.593141600
.655805200
.605567300
.605058600
.639074500
.612898400
.609744600
.614640200
.610698100
.622962100
.621445301
.616208600
.607943200
.600559200
.598255000
.624850000
.611725200
.628826799
.670754900
.623906301
.609516900
.608223500
.609274200
.610459300
.601838800
.611716399
.602298400
.597256701
.606046100
.608303400
.611693200
.630021899
.611809301
.612212900
.679403100
.617943799
.618514800
.626778600
.603200000
.625236400
.611703600
.629221400
.646004000
.613254300
.620026499
.634070501
.625559699
.610222000
.618409400
.630232301
.613172800
.603253000
.619904600
.609373100
.588282100
.597349600
.609612600
.615521800
.618049200
.630927100
.612557600
.644265200
.617121900
.608406400
.654111100
.615720800
.611161100
.612913600
.598578500
.599613400
.605785200
.619708800
.606901400
.636256600
.596987300
.628208300
.686729700
.641619399
.636264300
.619611900
.597272401
.587301700
.616812700
.610717300
.609065500
.591792000
.597755700
.601308000
.596395900
.595050000
.606759300
.664606700
.615473800
.606863100
.665300399
.604769900
.616313800
.609487301
.612530700
.622311400
.621057800
.594346300
.596280900
.603985500
.600697200
.595831100
.601170500
.613740600
.605274100
.649708700
.619338500
.593543000
.597292800
.633805600
.599975700
.616145700
.605762700
.617878699
.621987401
.601623100
.616040100
.618691500
.650600100
.620782700
.623641400
.625459800
.646700699
.612463300
.632991000
.659983900
.634667500
.671735300
.615631700
.610840801
.616345000
.625102200
.640508100
.641739300
.618576900
.660223801
.609607200
.602712500
.612924899
.603288700
.596891501
.619017700
.615057400
.595588900
.610052100
.597511300
.616972500
.637474900
.626628800
.623189500
.632682300
.628401400
.612769200
.596679800
.610609600
.613855100
.618136100
.596910500
.668749300
.609901600
.612597800
.614831700
.664493600
.618322300
.614523900
.639911200
.620340400
.624549800
.627549400
.630001200
.606009100
.601325200
.598127100
.609148600
.612043400
.644934600
.610105200
.648540500
.606815300
.601941900
.639591600
.646210100
.617276800
.635633200
.610208700
.594650300
.598453800
.617220100
.599310700
.630438200
.611544100
.642017700
.637010400
.620685700
.612684600
.634251100
.623161900
.638632600
.665200698
.630194900
.629897700
.611315800
.630510900
.612789600
.620547800
.629197001
.610105000
.698962799
.606384900
.607601701
.626080700
.625021700
.643707000
.602204700
.695528100
.611664200
.615341400
.605932800
.628025700
.658260199
.648341200
.587925701
.642425300
.597434800
.614617700
.618029400
.607082600
.599639200
.610677300
.621856900
.601920900
.603888700
.609080900
.618591500
.659547800
.626220200
.609667800
.633122600
.628795101
.611680500
.625065299
.623928400
.611854100
.612803300
.615731900
.621700301
.603374000
.593666300
.599168999
.603989600
.609701801
.603548300
.629934600
.598649200
.622111300
.616960300
.613380800
.600378400
.619631800
.608792000
.603526000
.609338200
.638994899
.607364300
.607160501
.612745000
.621231700
.626149200
.616307100
.603952100
.649359000
.616812400
.647155899
.643976600
.627082300
.654700800
.645200200
.658645100
.641869599
.729154500
.681344201
.630620499
.649263000
.624564199
.629622300
.617857001
.634169900
.608509300
.612191399
.601009000
.644553300
.607702300
.616822900
.602729800
.618195500
.601477500
.605173600
.623987299
.604338200
.614828800
.636827001
.612886500
.598375700
.609475900
.599019000
.600665400
.603555600
.602355000
.623455600
.619426000
.622097800
.597523900
.640028800
.595834600
.610914300
.631654900
.622439400
.582391700
.621259800
.631308200
.611828600
.601210500
.603123200
.598114000
.611912600
.596443200
.601328900
.624740200
.601493600
.614833400
.626461500
.642826799
.624601700
.616567001
.615405700
.614855800
.605878800
.637160800
.639290599
.627361000
.606589101
.652609299
.654170600
.598990400
.594890000
.643154501
.623523200
.633075000
.614720100
.599682300
.655739500
.599571400
.621178100
.616702300
.618230100
.603814700
