.020099000
.017874800
.017512500
.017829900
.018796300
.017520700
.018113100
.018114600
.018156000
.018277800
.017602700
.018378800
.017647400
.017833600
.017528600
.018312200
.016929700
.017608800
.017931400
.018386600
.017642000
.017833900
.018929100
.017222800
.017370800
.018104600
.017668700
.018352700
.018223900
.018191100
.017092900
.018194900
.017571800
.017667300
.017385600
.017556400
.017168900
.017651100
.018490800
.018005700
.018218100
.017289600
.017872700
.017381500
.017061500
.017174400
.017053300
.017005600
.018411500
.017331199
.016684801
.017558299
.016590300
.017255800
.017996500
.016758100
.016758900
.017541500
.017240000
.017168300
.017138400
.017434400
.017666000
.017631400
.017387500
.017132400
.017012300
.017281800
.016669400
.017568400
.017439000
.017269300
.017255700
.017455000
.017717100
.016970500
.017354000
.017678600
.017333900
.017391300
.017305700
.017579400
.016904400
.019248800
.017396400
.017169400
.017947500
.018450600
.018076400
.018063100
.018550900
.018127100
.018254000
.017645900
.017952600
.017715900
.020051800
.017687200
.018175500
.017496200
.018238700
.018216600
.017989300
.017541200
.017553800
.017424700
.018030700
.017548600
.017483300
.018018900
.017180800
.018551300
.017524500
.019482600
.018040400
.017708200
.016904000
.017418000
.017564700
.017199400
.017442400
.016677100
.017526502
.017553200
.017493000
.017445200
.017034000
.017822700
.017428400
.017484300
.016693900
.017104000
.017056000
.017314000
.016681800
.017226800
.017460500
.017347900
.017189600
.017214900
.017531600
.016242200
.016618900
.016965300
.018845100
.017554400
.017616700
.016947700
.017134200
.017614200
.017415400
.017299600
.017661200
.017305900
.017278800
.017369700
.017123400
.017951000
.017118100
.016343400
.017393300
.017640700
.017580500
.017113200
.017160600
.017303500
.016875700
.017197900
.017529800
.017561900
.017201500
.017201600
.017891800
.017362800
.017140300
.018275100
.017184300
.016527100
.016571200
.017089100
.016995500
.017180000
.017850700
.017699800
.017332000
.016750900
.017343000
.017313500
.017058800
.017096100
.017004100
.017579300
.017338300
.018281899
.016847501
.017966600
.016762300
.017340100
.017269800
.017035900
.016868300
.016966700
.016910500
.017987200
.017067900
.017622500
.017288400
.017327900
.016969100
.019113300
.017289800
.018334800
.017663200
.018039800
.017978600
.018685200
.016768700
.018430500
.018263900
.018568100
.017118400
.017883900
.017393900
.019067000
.018148700
.017171400
.017901200
.017626100
.017260200
.018000600
.018703400
.018063200
.018429800
.018005000
.018337600
.017636100
.017207100
.017351100
.018030500
.018034700
.018207400
.019833200
.018492800
.017685800
.018380000
.018260300
.019082700
.018526500
.017918900
.018258100
.018165700
.016939300
.017775600
.018076000
.017733300
.018152200
.018285500
.018131600
.018145300
.018076300
.017923100
.017559000
.018181300
.017918601
.018206701
.017351600
.017777700
.017631800
.018431800
.017814000
.017132700
.018148400
.017281800
.018027600
.017780000
.017002500
.017692000
.017421300
.016857600
.016786100
.016370100
.017223700
.017230700
.017206000
.017033700
.017561600
.017207800
.017126800
.017629600
.018652900
.017171200
.017830700
.017364400
.017094900
.017230300
.016829100
.018804300
.016968200
.017715900
.018166300
.017741100
.017769600
.018088900
.017728800
.017628800
.017251400
.017024400
.018033300
.017010900
.018050000
.017703500
.017349600
.018084100
.016783600
.017357300
.017012100
.017855100
.017629300
.017737400
.017161000
.016965200
.016910000
.016920700
.017250600
.017103900
.016862500
.017080700
.016901400
.018347100
.017411000
.016671800
.017392100
.016947200
.018028300
.018280199
.017336500
.018204700
.019113700
.017447200
.016674500
.017687700
.017271000
.017150900
.017349700
.017312500
.016822800
.017085100
.017719100
.016781700
.016295100
.016739900
.017306700
.017527200
.018081900
.018051300
.018046800
.018430300
.016890900
.017544700
.017632300
.018046300
.018058700
.017634000
.017403000
.018232400
.018041800
.018059000
.018116500
.018315500
.017347700
.017942800
.017982000
.017816200
.018075300
.017232400
.018140100
.017838900
.017591300
.017996900
.018047100
.017972200
.017516200
.017653200
.018468500
.017032900
.019763900
.017780900
.017949300
.017313200
.017106400
.017522400
.017118700
.016988000
.017033400
.017112200
.017090200
.017475400
.016763200
.018659400
.017281500
.017185900
.017978400
.016333200
.017520700
.017810501
.017983900
.017218900
.017057800
.016867200
.017632900
.017028000
.017124500
.017001300
.016715900
.017194400
.017331800
.017247600
.016986500
.017275700
.016959000
.018147000
.017877200
.018669400
.017371600
.017327000
.017373700
.016953700
.017201200
.017164400
.017363000
.017372500
.016094200
.017462600
.017207000
.019103700
.018925500
.017025200
.017787300
.017400700
.017820400
.017486300
.018014500
.016977600
.017291900
.017378400
.017447400
.017304000
.017025000
.016972900
.017968600
.017771300
.017008500
.017327300
.017356100
.016760200
.016974700
.016935700
.017453100
.016998200
.017309200
.017221600
.016838100
.018692300
.018120900
.017640900
.017776500
.017044500
.017543400
.017101300
.017499300
.016970800
.018772800
.017409100
.018235400
.017068600
.017629900
.017531598
.017241200
.017248599
.017209800
.018031200
.016783900
.019034900
.017336500
.017001300
.017750300
.017362200
.017123200
.016591300
.016972500
.017613700
.017525600
.017398500
.017193600
.017562200
.016151200
.017611800
.017484300
.017588900
.017339800
.017578300
.017705200
.016754800
.017431300
.017225900
.018233300
.017806800
.017510300
.018303100
.017456800
.018041900
.018249900
.017224700
.017816300
.018184100
.017379000
.018035100
.017911700
.018176000
.017960300
.019166900
.017346300
.017740800
.017329600
.017643400
.017206200
.017240600
.016875600
.016697100
.017254400
.019258400
.017214400
.018664500
.017442900
.016588300
.017363600
.016912400
.017181100
.017676100
.016813300
.017275800
.017182500
.017490500
.017932000
.018007200
.016920000
.018613500
.017211800
.017210401
.017216200
.017400500
.016687000
.016531200
.016375500
.016821900
.018321000
.017477900
.017357300
.016634600
.017024400
.016807400
.017062700
.017507800
.017124900
.016929200
.016651300
.017212900
.017096500
.017059000
.017491400
.017165700
.016777200
.017225200
.016724900
.016721300
.017510700
.017098800
.017550800
.017560400
.018735000
.017864700
.017650900
.017158000
.017272500
.017401400
.016388600
.017946900
.017891700
.017091100
.017009100
.017546000
.017117700
.017932900
.017202500
.018101500
.018172300
.019320300
.018400500
.017856100
.017180800
.017549300
.017518200
.017475800
.017690800
.019540200
.018413100
.017939000
.017531900
.017895600
.018205700
.019008900
.018319600
.017559700
.018060500
.017564600
.017566500
.018083400
.017557700
.017432299
.018104700
.017300701
.017853700
.018157900
.017477000
.018780400
.017127400
.017379700
.018520500
.017793600
.018307900
.018506200
.017359300
.018143400
.018154000
.018131700
.020060900
.018096600
.017699100
.018079400
.017806400
.017942100
.018320400
.017945500
.018060700
.018545600
.018264200
.018928600
.018287500
.016957100
.018162100
.017396500
.017737900
.017166600
.018478900
.017190900
.017776400
.016390500
.016982200
.017115900
.018464000
.017027100
.016886300
.017373000
.017146700
.017245700
.016885400
.016745500
.017389400
.016938200
.017339200
.017436300
.017275600
.017230500
.017644300
.016332200
.018896700
.018480100
.017338300
.016873500
.017848400
.017392200
.017611300
.017327700
.017008700
.016962300
.017281600
.018387100
.017344500
.016925200
.016989500
.017360099
.016570701
.016750900
.017355400
.017894800
.017029800
.017190600
.017637400
.018918900
.017182700
.017273800
.016890600
.017555100
.017247300
.017300500
.017358400
.016519600
.018898900
.017058700
.016561900
.017728500
.016141500
.016803900
.016512500
.017550600
.017268000
.017009400
.017938800
.017826700
.016620200
.016994300
.016347100
.017870900
.016777900
.018350300
.016762800
.016950200
.017494200
.016885400
.017320700
.018651900
.017031600
.017006700
.018601900
.017701800
.016668000
.019575400
.017988600
.018786300
.017827800
.018021900
.017165600
.018163600
.017593800
.017217700
.017988500
.017683900
.016368700
.017354200
.018185700
.018209200
.016586200
.018029100
.017043100
.017769500
.018152700
.017519800
.016939700
.018346700
.017733300
.018478400
.018587400
.018101300
.018263200
.018286600
.016709800
.017988200
.017303700
.017522300
.017841700
.017857000
.017819600
.019309600
.017894100
.019003000
.017310400
.017419500
.017599700
.017844500
.017393700
.017552200
.017798800
.017576000
.017564100
.017895900
.017626700
.018016400
.018351800
.018589500
.017839700
.017493100
.018499600
.018035400
.018366900
.017436300
.016883200
.017226500
.017121600
.016510600
.017118900
.016912800
.016943600
.017226600
.017278500
.018935300
.016681400
.017445400
.017393400
.016687900
.018185600
.017745000
.017548000
.017710200
.017734400
.017671700
.018485300
.017941300
.018112300
.017458600
.018011100
.019794000
.017753900
.018081000
.018128200
.017400100
.017583700
.018124900
.018093900
.018007400
.017984000
.018229599
.017738701
.018570600
.016953100
.017110400
.017164100
.016916600
.016522200
.018092600
.017919600
.018127700
.017153500
.018836900
.017255800
.016704400
.018333500
.017113000
.017236800
.016497100
.017297100
.016775600
.016930700
.018231700
.017236300
.017385800
.017395200
.016563800
.017476000
.016959600
.017006600
.016996900
.018627800
.017200000
.017508600
.018119800
.016317300
.017244400
.017092200
.018792800
.016920000
.017265800
.017242800
.017357200
.016928700
.017188600
.017382500
.017132300
.016544600
.017122700
.017106900
.016944900
.017680200
.016534100
.017094000
.017044500
.018383400
.017142400
.017306000
.017574000
.017241500
.017022900
.017133000
.017162300
.017931400
.016337700
.017976000
.018011600
.016897200
.017576800
.017233000
.017221500
.017101400
.017081400
.017931199
.017947801
.017364300
.018532100
.017710900
.018058500
.017717900
.017321600
.017143700
.016926600
.018021600
.016723600
.016967100
.017309800
.019252600
.016801800
.017945200
.017153600
.016938200
.016921400
.017245300
.016841700
.017016300
.017405400
.017800200
.017353700
.016784800
.017121300
.016855900
.017041100
.017378400
.017585000
.016485400
.017969600
.017515600
.017804400
.017429900
.018379100
.017011100
.021219500
.017452000
.016935300
.017125500
.017076900
.018526700
.017954100
.017206600
.017033100
.017856200
.018553600
.017910600
.018015300
.018103000
.017439500
.017773600
.017525600
.017995700
.017989200
.017606900
.018314800
.017668000
.018505200
.019118000
.017446700
.017349400
.017417300
.018256200
.018609600
.017041600
.017573998
.017763999
.017499100
.017865699
.017228500
.017749800
.017404400
.017708100
.016847000
.018187100
.018271000
.018355200
.017769700
.018000100
.018971200
.017712200
.018294300
.018894300
.018295800
.017221000
.017414700
.017178100
.017368000
.017247300
.017124900
.017636600
.016799600
.016443200
