.012091660
.021268862
.016682885
.013791129
.021577822
.013528115
.014253957
.014697066
.015328815
.013785343
.013780983
.015621896
.018243389
.018447100
.017884180
.013891972
.014851283
.014726628
.015012737
.015549812
.013727687
.014448276
.014007467
.014090825
.015837373
.014280877
.013357719
.013898886
.015482959
.013160452
.014601210
.013927495
.016723095
.013451271
.019205527
.013889808
.013932251
.015221143
.013976699
.014309478
.014891152
.014451552
.016341114
.017429972
.015486413
.013202093
.015681095
.014934606
.012918149
.014695912
.009165583
.011468327
.010277916
.010552535
.010269976
.014501273
.010447929
.010464544
.011000897
.010970679
.009973559
.010624158
.012404708
.008551874
.010375621
.010815743
.010803412
.010074955
.011771649
.009572503
.010488889
.010536694
.011118746
.010890462
.009791567
.010579673
.010268623
.014008541
.010717458
.009317502
.010754295
.009904629
.010988767
.010891996
.009580804
.010249366
.010515954
.010304171
.010834884
.009945932
.019048731
.009929401
.010449039
.011401506
.009405878
.010601557
.011251685
.010304904
.010485388
.010711995
.010719032
.009574127
.010464332
.010762543
.010369011
.011443346
.010410595
.010630814
.010534831
.010867660
.010546351
.010570490
.010753878
.009600429
.010535459
.011761508
.009483613
.010504926
.010892277
.010537023
.010566547
.011707640
.009758794
.010545214
.014974624
.010291590
.010340285
.010802485
.010411307
.010369339
.010310427
.010725616
.010521978
.010381214
.010816301
.012287049
.008605441
.009763197
.010364108
.010460240
.010755493
.010431070
.010585809
.010307854
.012166397
.010358250
.010432727
.010780847
.010523484
.010425155
.011309464
.009481916
.010475736
.010201209
.010770347
.010519884
.009461828
.010738605
.010298778
.010470526
.010655353
.010604628
.010454492
.014432911
.010528333
.010457362
.010777517
.010587348
.010588797
.010880905
.010511087
.010565576
.010855501
.010553237
.010588133
.010737208
.010441114
.010544878
.010947107
.010437851
.010590372
.014571981
.010608717
.010735532
.010190077
.010667520
.010937599
.009998774
.010976725
.010964701
.009918326
.010939758
.010962509
.009636130
.011238625
.010918888
.010009408
.011092423
.009825738
.010456543
.009958483
.014410641
.010271474
.010156911
.009339874
.010706690
.010223293
.010321452
.012532524
.008455004
.010174867
.010458596
.011351120
.009627908
.010887341
.009955258
.010109966
.010786818
.010884647
.009672496
.012469924
.010292387
.010133172
.010684646
.011349724
.009301784
.010549929
.010961929
.010173743
.010110673
.010650701
.010806887
.010093980
.010909768
.009892242
.010261225
.010280128
.010293284
.010669869
.010373063
.010974161
.010746690
.010482768
.010400976
.010772675
.010415699
.010302714
.010403890
.010876954
.010387219
.010953187
.010728984
.010420198
.011271504
.010073296
.011099043
.009651563
.010852770
.010434077
.010993639
.010484519
.010970176
.010457386
.010538073
.010824487
.010511402
.010498803
.010862079
.010553823
.010454260
.010904345
.010521883
.010546935
.010801739
.010712175
.011303741
.014060920
.010922480
.014112256
.010547756
.009603224
.010560125
.012791672
.008954049
.009897754
.010940005
.010920992
.009651849
.011251406
.009962908
.010937023
.010034936
.011881011
.009451161
.010520012
.010697693
.010542468
.012634888
.009646659
.010553404
.010313635
.011137488
.010046297
.010328587
.010394612
.010847901
.010373416
.010344750
.010794465
.010456665
.010351607
.010753698
.010430187
.010755919
.010196799
.010794364
.010372175
.009488875
.015403109
.010021960
.010908198
.009928743
.010673489
.010582793
.010921941
.011394781
.010049902
.010428724
.010632049
.010398944
.011294683
.010942296
.010946579
.009695720
.010663375
.010469675
.011719983
.010065886
.010111864
.014735083
.010898508
.010006719
.010940556
.010967117
.009616020
.011414473
.016819643
.015712818
.013009881
.009149592
.010417286
.010725290
.010579282
.010267697
.016122852
.010463290
.010622226
.014490574
.010486425
.010441256
.010536358
.011106570
.008960382
.010927557
.010281783
.010514879
.010824956
.010446798
.010571418
.010840844
.010494718
.010530525
.010832837
.010613547
.010704526
.010691876
.010463794
.010613088
.009109628
.010428485
.010453262
.010888609
.011121065
.009292141
.010597715
.010287006
.010636102
.010463994
.010385744
.010799541
.010467594
.010486517
.010886974
.010420295
.010452446
.010612780
.010603084
.010475877
.010798663
.010417481
.013837976
.010609050
.010562681
.010307025
.010630889
.010386199
.010330480
.010624027
.011298641
.009412792
.010406593
.010915464
.010356976
.010387008
.010705042
.010395404
.010339755
.010798143
.009459824
.011873085
.010467553
.010694386
.010427680
.010496450
.010906808
.010277116
.009412037
.012940197
.008452235
.010141006
.010793936
.010375758
.010576107
.010379689
.010799257
.010359929
.010420255
.010719726
.009430342
.010354029
.014459467
.010570449
.009406888
.010400436
.010381584
.010583788
.010741742
.010374997
.010276949
.010801372
.010906141
.014165898
.018774286
.022107933
.010125492
.010342134
.010549921
.010111133
.010205532
.010301556
.010649681
.010490423
.010116191
.010439856
.010220867
.010226085
.010183897
.010500414
.010268232
.010133314
.010228110
.010575248
.010234186
.012231341
.010803812
.010043742
.010082856
.010390438
.010655129
.010043527
.010286853
.010172629
.010565123
.010248960
.010336525
.010403730
.010188808
.010258973
.010168263
.010625339
.010239921
.010178096
.010513637
.010117450
.010263845
.010275658
.010790486
.010354531
.010360186
.010614819
.011889432
.007280691
.010612592
.010271867
.010292096
.010556071
.009666132
.010237749
.010375796
.010754640
.010305690
.010491192
.011213225
.010394468
.010529939
.010717083
.010477764
.010521216
.010698578
.010465723
.010459512
.010740095
.010461422
.010495379
.010783979
.009523857
.010370931
.010762809
.010445281
.010495752
.014748754
.010323548
.010421441
.010303860
.010687810
.010452360
.010461811
.010736290
.010387697
.010362854
.011464992
.009683314
.010551031
.010651545
.010388798
.011370993
.009553144
.010667982
.010382346
.010242347
.012660453
.010290828
.010461889
.010519816
.010368552
.010450020
.010861389
.010276464
.010325336
.010350353
.010667403
.009579441
.010263723
.010604339
.010415192
.010197967
.010645279
.010324074
.010385532
.014326655
.010534603
.010366332
.010725313
.012265442
.008706440
.010347687
.010633536
.010520948
.009546095
.010752465
.010439652
.010306309
.011029397
.010312627
.010522465
.010722973
.009381787
.010390134
.015144862
.009539099
.010318520
.011596163
.009915926
.010093936
.010691278
.010279026
.009508264
.010719927
.010346188
.010343825
.010672929
.009974427
.010543651
.010744125
.010555081
.010481483
.010754364
.010499689
.010530469
.010856368
.010514013
.009679720
.010799180
.010517993
.010460476
.010889713
.010517151
.010476703
.013482767
.010363722
.009479643
.010746144
.010432510
.010464424
.010828001
.010320937
.010449417
.010568984
.010743977
.010312367
.010445297
.010775418
.010475575
.010343626
.010806380
.010421495
.010405969
.010687548
.010465012
.013955064
.010284594
.010620186
.010434812
.010188676
.009621860
.010440911
.012249908
.008413496
.011249609
.009472641
.010660048
.010258128
.010695420
.009996789
.010187684
.010350648
.010451706
.010162781
.011095265
.009662498
.010265706
.012558596
.010144581
.010685741
.010055604
.010188293
.010181001
.010511008
.010304138
.010219269
.010554929
.010160043
.010230849
.010165351
.010821485
.010103049
.010029557
.010224832
.010708570
.010099925
.010232281
.011170922
.010512960
.010237973
.010805210
.010309004
.009372343
.010324209
.010657746
.010307674
.010492234
.010675517
.010426604
.010216792
.010649879
.010277255
.010466102
.010414749
.010684931
.011162184
.009550414
.010910574
.010607090
.009404988
.010839785
.010540889
.010463967
.021902842
.019483700
.010412857
.012931803
.009457190
.010137531
.010448666
.010591629
.010862129
.011319261
.009105207
.011097420
.012638222
.008689894
.010502220
.010842380
.011419798
.007968358
.010303599
.010886474
.010541273
.010673748
.014537294
.010496175
.010345883
.010022617
.010223126
.010602533
.010625554
.010340690
.010453899
.011396039
.009773843
.010850582
.010824407
.009777164
.010306534
.010795335
.010635061
.010672719
.010755175
.010358598
.011270085
.010648055
.010406734
.010632018
.010519608
.010335239
.010670945
.014333304
.010324465
.010382807
.010632608
.010400228
.010455153
.010631024
.010415067
.010316660
.010350120
.010647605
.010248846
.010436710
.010680145
.010411402
.010366565
.010725600
.011078558
.010612408
.009530094
.010445322
.014085879
.010470280
.010364336
.010370266
.010198889
.010913712
.009965341
.010515073
.010118844
.010571080
.010266101
.010340066
.010206462
.010629432
.010301965
.012441680
.008064935
.010610811
.010363103
.010603683
.009497993
.010041542
.012300028
.009881832
.010731814
.010503273
.010055434
.010267817
.010640416
.010257460
.010244104
.010664123
.010262056
.010321660
.010555134
.010545363
.010223359
.010241989
.010256855
.010651656
.011295901
.009373968
.011273920
.010376488
.010446637
.010728435
.010511921
.010548923
.010128924
.010830716
.010524647
.010589375
.011467730
.009568080
.010361270
.010940503
.010243591
.010672660
.010209303
.010029136
.009420790
.011710335
.009424397
.011405162
.009851879
.010650175
.009211987
.011821457
.010829956
.010682491
.010307208
.010537850
.010372434
.010974710
.010852816
.010627546
.010135939
.010720812
.010373523
.010406531
.010419652
.010733718
.010449112
.010427964
.011027078
.010375270
.014100526
.010757723
.010455467
.012526191
.008684989
.010522672
.010558592
.010825548
.010490910
.010494801
.010946041
.010739395
.010277524
.010877651
.014617181
.010789900
.010523722
.010562405
.010457254
.014698281
.010189117
.010523975
.010262819
.010692017
.010451988
.010423974
.010645256
.010444704
.010426040
.011033916
.010164989
.010420923
.010794178
.010628170
.010351265
.010189091
.010737024
.009867939
.014132268
.010837023
.010031441
.010288071
.010265108
.010496331
.010349600
.010282357
.010577644
.010296247
.010591650
.010127513
.010638441
.010408600
.010045124
.010263694
.010615326
.010311745
.011238371
.011658327
.010270025
.010324997
.010339357
.010788106
.010066277
.010331729
.011395624
.009676213
.009196704
.010098306
.010481495
.010271954
.010114973
.010235629
.010594677
.010251945
.010204115
.010059635
.012643483
.008627877
.010314611
.010838418
.010346422
.010207614
.010655978
.010386797
.010288767
.010377623
.010652212
.010863297
.010294381
.010761200
.010288291
.010283577
.010767349
.011185796
.009604886
.010240801
.011243665
.010516455
.010779740
.010746517
.010566489
.010308818
.010851631
.010467893
.010515144
.010918163
.010462565
.010505449
.010833341
.010587889
.010534660
.011067434
.010257094
.010554707
.010887393
.014726886
.011064925
.009808669
.010354327
.010663973
.010532606
.010654976
.011345761
.009540875
.010376880
.010383902
.009407774
.010611271
.010343414
.010714126
.010462267
.010253974
.010285896
.010769540
.011865152
.010334895
.014218251
