.702001844
.700788703
.689231464
.700030446
.705659853
.722489146
.704090875
.707232048
.718680608
.705438364
.721246962
.711787970
.707084833
.716356584
.708947637
.711904960
.702964436
.729024478
.704116063
.712829589
.717303014
.708263987
.718344300
.705189277
.721844802
.715693540
.692487755
.705081848
.695535207
.695896188
.702408854
.703734434
.718433335
.702976123
.713524848
.707037965
.713755051
.708885611
.708999322
.705992877
.717240258
.711811270
.709862926
.716861154
.706529367
.718886113
.712888664
.718100309
.704097636
.710751661
.712483823
.707814645
.728863098
.705867922
.722645383
.705531054
.714781646
.707642079
.705516298
.725157008
.715078959
.711085363
.716802464
.718555451
.697979378
.719364708
.736541309
.718479781
.703770252
.707713358
.717298682
.712919084
.716306598
.710828662
.726124387
.711443997
.721587974
.720510940
.721494953
.721639746
.716606802
.706379738
.712162616
.721593877
.698105456
.717388646
.712245740
.729635042
.709772411
.713439180
.701458137
.711370092
.710036896
.702655445
.711956874
.700865842
.716712598
.710896662
.712244128
.730582329
.709547232
.723571115
.708873975
.715219229
.714365046
.718699004
.720894945
.716743087
.729151551
.711867707
.724492184
.702527229
.712747623
.720853670
.715886355
.733366949
.710772490
.709593799
.706578014
.716712964
.703865201
.701534311
.730559719
.706721768
.706684072
.718648498
.714264372
.703192757
.711290297
.694230059
.710268463
.709913417
.708579090
.711713306
.704002217
.706643321
.709034158
.706633639
.712049978
.701156284
.730078691
.716361272
.726205964
.718916594
.718198762
.718995918
.735834296
.716973306
.722480957
.719175182
.720609885
.706634348
.717833958
.706368313
.705438358
.707926207
.707148776
.698941810
.724056487
.717832667
.718952323
.718020947
.724125050
.719526455
.736267646
.708129396
.701574144
.713203073
.709159227
.703240178
.712336573
.728066757
.718243006
.727499084
.724171224
.725975936
.737662362
.725238551
.748750624
.722769383
.725554717
.713295720
.724480809
.727119288
.718910871
.749569240
.722129604
.741092121
.741247894
.727687900
.733205568
.729276400
.746674103
.726926105
.725133995
.708774782
.721102870
.721389187
.734479005
.752425423
.742506708
.731085694
.731899183
.737595105
.742569864
.714672937
.759040710
.736396353
.727337019
.734389827
.721280020
.735912685
.736227873
.718243719
.728956991
.724721710
.731876035
.740401078
.717790366
.739516914
.742920336
.731665161
.725219932
.723248318
.744568677
.722981088
.734789991
.730700361
.736647195
.716676075
.717098615
.734548996
.724558892
.737270858
.724700726
.724866678
.718768952
.720259226
.723743770
.715948339
.723262168
.735566961
.730681111
.722297935
.733352938
.745330787
.715400659
.728149898
.734913033
.732320423
.715841147
.723743066
.725268897
.712337420
.737198356
.731070393
.729933869
.720766580
.730816357
.745604667
.713578241
.739611611
.767193648
.725142393
.733431721
.737070095
.735003443
.726106541
.742515666
.737891282
.718300586
.720790363
.725098182
.719000780
.711954329
.740991284
.732091965
.721294609
.725611916
.726479942
.713527335
.710840024
.740780466
.724036663
.733801580
.715275026
.725877060
.714996457
.713669263
.729493894
.740500989
.718007716
.722067195
.719620077
.712196744
.714340700
.740790579
.732131869
.722913283
.714044500
.726809999
.722265449
.719621723
.722345762
.730517223
.722491965
.733985706
.738600194
.709353535
.736859571
.742455733
.731836216
.722782889
.719434350
.722188341
.714619672
.731025753
.733793470
.727798162
.731078212
.731152802
.733562487
.739179325
.726569476
.743503878
.747556428
.741462057
.738123791
.728222892
.726036496
.735649404
.734991508
.738053216
.723573913
.724440286
.716872612
.731778362
.735378218
.724086740
.737262858
.725477573
.721817167
.743618293
.695687416
.729096835
.701956669
.749898985
.718446996
.724630155
.712549622
.724359888
.741275598
.713783909
.728088142
.726698943
.734869246
.722575661
.736487292
.731203390
.735143002
.745553578
.732619935
.728292197
.725226996
.735500496
.751120300
.764829381
.736111268
.741953135
.727812562
.737655596
.754112802
.735251762
.735817216
.770508684
.732814551
.742252558
.702670125
.745653378
.742727967
.742833968
.729303225
.733394043
.767600333
.704092521
.735252870
.728258913
.733791138
.752391323
.747744645
.760191076
.746273693
.751537768
.737813449
.742207038
.749493863
.735372478
.740907308
.721999095
.726561658
.736278493
.723894427
.764533498
.729940507
.745214508
.729931627
.723326405
.737056909
.721297663
.740562794
.739149019
.733497008
.732347949
.728583606
.730297076
.732084979
.742849139
.737580470
.727312964
.740288809
.742090752
.751709699
.729983302
.755938007
.687461132
.745497914
.724431221
.726239953
.741689752
.726740872
.754401970
.732117222
.733784235
.734803404
.733429516
.729505805
.727182183
.740764477
.753853453
.746671002
.730713008
.753988218
.737247621
.714375855
.746448864
.728104236
.738730342
.730637178
.728047631
.731823131
.737608681
.759074020
.747053609
.737856646
.734944755
.752637097
.725442766
.745410524
.732030463
.744504137
.735234140
.721268174
.733314771
.737453450
.711792325
.753621724
.726389868
.741246983
.722123300
.729509300
.747695768
.731100908
.748385180
.744153817
.732063623
.718617084
.736659065
.727808057
.724413680
.741876082
.736123570
.725632262
.737552746
.727190803
.724876558
.738382087
.772534932
.735082937
.729126116
.746837852
.726655556
.748790961
.736128641
.743503188
.734765906
.738123093
.728994458
.731887513
.736931206
.725191324
.767261966
.719441772
.743158843
.724711186
.738579675
.733540451
.729776411
.758278386
.742811739
.752538794
.755084503
.726993045
.733316178
.755345351
.746330325
.722496745
.732185135
.730519152
.731152415
.736570170
.735662522
.745432737
.735907988
.732340413
.726213778
.742878651
.731203242
.735152393
.736988358
.743147202
.727414090
.732755758
.759136530
.722208689
.739217263
.821370199
.750831640
.739428101
.747377986
.739974433
.736356272
.742522779
.720900024
.728653047
.729851487
.740964626
.730885743
.726646386
.744624123
.750109095
.731080577
.733379918
.741864758
.730129140
.737705724
.743206656
.743761121
.738512951
.734054282
.734537305
.738359279
.720717974
.745486070
.757267096
.728683887
.736319416
.727459806
.743931322
.736142744
.728507400
.809121013
.749081248
.723680068
.748434844
.739920679
.715867763
.727661222
.742105613
.730687815
.733914654
.719761218
.745192549
.745501249
.751690891
.769345885
.751051579
.755652427
.741085458
.742687222
.755752448
.751218977
.760497879
.751317149
.753426628
.750811444
.756486962
.752975706
.753714815
.831416366
.759137778
.745813723
.741165910
.756789600
.756366701
.752609315
.752157597
.745745627
.755538500
.747799239
.765657406
.742527388
.758201119
.748157427
.757634580
.741415547
.755941455
.748617500
.743918697
.757513074
.762867614
.744203358
.755770331
.752675788
.748402261
.745120390
.749082603
.762998430
.470123317
.748681921
.747539966
.740818720
.779095832
.751665327
.755918455
.749924398
.756221497
.751058870
.748235302
.752296752
.753570015
.758599051
.747336401
.742256333
.764211115
.735591263
.748250889
.684340421
.850171067
.758279744
.750203999
.742817174
.740921516
.759131763
.753650402
.749935735
.745066010
.750059479
.750772704
.750375018
.745938187
.748002748
.763008644
.762951168
.746364470
.747730884
.745635674
.753881783
.748854675
.833191209
.768714484
.738064525
.742305865
.755058525
.736463857
.740423440
.763532340
.736998546
.754354421
.737321716
.756152855
.752404234
.759621418
.758809772
.748227043
.752590940
.744486500
.748043653
.739577486
.757808998
.768475513
.757559856
.753334871
.757034043
.768259862
.771618186
.749438605
.945645035
.765025041
.757546191
.755076046
.751004042
.766033313
.732881463
.387949677
.753206383
.743705831
.742211573
.766823322
.762218121
.749397321
.744038720
.740088867
.757301928
.744589868
.752807123
.756288970
.755776865
.758377089
.755446083
.756051601
.742275020
.757077005
.746967335
.821898592
.763225172
.739605513
.743588946
.756656883
.768405713
.743667070
.831553277
.833604035
.750887484
.739901872
.754426034
.725913635
.750480481
.770722869
.727974127
.750668387
.767078595
.763742882
.755203152
.769270306
.848349675
.757477630
.761456215
.749306953
.760379929
.756767102
.762211566
.749178586
.750415202
.737231394
.748420378
.760777153
.740127503
.753061940
.829301518
.689061756
.845933887
.759166108
.763087810
.746295592
.755033570
.924220751
.759798532
.738154383
.761360667
.742539970
.765014462
.755261881
.767926809
.751277854
.775560870
.759081533
.768407306
.764502151
.764683038
.831603195
.776052684
.766061915
.743667659
.782061321
.766005986
.771162375
.421481922
.682736876
.838906916
.744370404
.753956083
.764127142
.779124996
.780250448
.768798330
.789365049
.768701951
.782917972
.763694186
.394587490
.763230429
.756757980
.757416663
.750252253
.769985618
.774464663
.748050515
.759822182
.766741419
.760687257
.763965270
.767658308
.933478417
.755247887
.755199112
.777168198
.753856741
.760637191
.764744676
.405503905
.751320512
.756514596
.759308354
.750123339
.769696093
.954242727
.762633066
.770887170
.769914790
.761397755
.757287705
.752114193
.405066596
.753134914
.750648532
.765522063
.757155219
.755435867
.773250220
.767874841
.748787796
.755902860
.765722617
.764557811
.756666596
.774537675
.770595091
.771638614
.762680152
.759822945
.758769681
.756478621
.946134209
.765446582
.757253065
.752786888
.749624969
.772744683
.753357351
.772380319
.756350479
.761384380
.767260701
.750263238
.764003054
.765609740
.856249099
.770912018
.756809638
.754113427
.755362899
.769929670
.757935978
.963867817
.757664482
.775597844
.771530571
.757877500
.775791521
.764606521
.757748197
.767236604
.761898523
.760895224
.765438576
.770675766
.776625957
.760730898
.768744312
.775878823
.780610644
.750819704
.770869102
.883709431
.688988781
.860012439
.778311564
.783630554
.761545424
.783151252
.427033670
.770588230
.773771436
.780145699
.771821983
.772439522
.785157872
.760970726
.778283891
.769964466
.764874270
.770197033
.763688521
.789466682
.764541580
.769754818
.772068915
.776260738
.759746294
.780834055
.797017624
.778884517
.791953006
.770166107
.779169637
.785515668
.769032498
.397835544
.775030637
.766021317
.757213586
.761778170
.771024509
.763734141
.757114641
.757361223
.771454456
.777472999
.750730727
.770706312
.855620474
.775925802
.771579912
.760379251
.759722412
.760182314
.756348778
.392590404
.772225198
.758174214
.760285738
.761997167
.762229116
.777724450
.764122334
.767015319
.761206353
.772601497
.776849459
.782608632
.788883714
.781545851
.779136911
.778927602
.775903267
.776250308
.781256067
.398209838
.778276669
.771395714
.772263774
.775278072
.771896978
.840215525
.791784807
.777887104
.769908711
.772185547
.779519431
.771624716
.421309936
.774403167
.771352971
.756296987
.763035044
.764208562
.775362028
.758818087
.765642094
.765912946
.760908499
.764615482
.774808738
.783733311
.761510107
.762771009
.776400698
.766391376
.764264615
.764757796
