.013134300
.011107100
.011134300
.012444000
.011120600
.010857400
.011164000
.011442400
.010978800
.010851200
.011644800
.010409700
.010547000
.010443500
.010551600
.011017200
.010687300
.010364600
.010705700
.010726500
.010824100
.010844000
.010751599
.010474800
.010885100
.010162700
.010382400
.010695800
.010397300
.011083200
.010644800
.010938200
.011013400
.010885200
.010326800
.010300300
.010879000
.010481100
.010662900
.010218200
.010400900
.010630100
.010735600
.010370300
.010135600
.010431800
.010857800
.010253100
.010248600
.010702300
.011202100
.011175900
.010906400
.011330000
.011265200
.010764800
.010694600
.011171100
.010511600
.010644900
.010623000
.010939600
.011460700
.011173600
.010955200
.011355800
.010899700
.011213600
.011147600
.011267500
.011370000
.012740500
.011091300
.011326000
.011147400
.011484000
.011412800
.010771300
.010912000
.010894500
.010858000
.010879000
.010996800
.011336800
.010906600
.010907000
.011031800
.011374800
.010595400
.010519700
.010882500
.010950200
.010650600
.011458600
.012203600
.011074800
.010836000
.012948500
.011117300
.009383200
.008270600
.008039900
.008099200
.008060500
.007889400
.008229100
.009342300
.009191600
.009497500
.009277300
.009618100
.009148800
.009264900
.009173500
.009535700
.009264800
.009166300
.009191700
.009205500
.009420400
.009292200
.009251500
.009157300
.009254600
.009304700
.009158900
.008872600
.009051900
.009123100
.008968200
.009096599
.009555401
.009327300
.009504700
.009176900
.010043100
.009393200
.009476700
.009539100
.009397800
.009424600
.009088500
.009562700
.009314200
.009337500
.009478000
.009473900
.010663500
.008990900
.011145600
.011346100
.010793600
.010793900
.010555200
.010879300
.010887400
.009398900
.009622500
.009694000
.010037500
.009839500
.009811500
.009748600
.011094300
.009695900
.009764400
.010096500
.010166000
.010130700
.009991900
.009704100
.010062700
.009790900
.009754200
.009755500
.009722500
.010182100
.010031600
.009412200
.009965000
.010147500
.009815400
.012176600
.010839700
.011302800
.010776200
.011197900
.011191700
.010961000
.010777900
.011045600
.011082700
.010833000
.010454000
.010975000
.010923500
.010914800
.010742300
.010770100
.008817800
.009112600
.009309700
.009091000
.009126900
.009053800
.008887900
.009145700
.009261000
.009052000
.009335000
.009118800
.009571000
.009340300
.010214800
.009545800
.009318900
.009218300
.009483600
.009257000
.008954500
.008973100
.009120200
.011289000
.009150400
.009534900
.009467400
.008658200
.009073700
.009311700
.009374600
.009399300
.010242000
.007741900
.009238800
.008146500
.007977900
.008547600
.008477000
.007955800
.008011500
.008107100
.008124200
.007958800
.008422499
.008562601
.007979300
.008189800
.008144400
.008365200
.010286700
.009616100
.009862200
.009839600
.010118800
.010126000
.009928700
.009391700
.009951300
.010230100
.010959700
.010791700
.011178400
.011013600
.012135800
.010944000
.010520900
.010551400
.011068300
.010799500
.010787700
.010925600
.010698200
.011061900
.010760600
.010392000
.010546700
.010653600
.010891800
.010924800
.011088100
.011320300
.010992000
.010746500
.011153100
.010934500
.010896000
.010459500
.010778000
.011089000
.010848600
.010881400
.010921300
.011033200
.011165000
.010964700
.010898000
.010327900
.011370900
.012580400
.009335900
.009329000
.009338000
.009301400
.009472800
.009642100
.009274300
.008860000
.009124800
.009468900
.008495500
.009446700
.008114500
.008024100
.007848400
.008144200
.008251600
.008265100
.008029600
.008636500
.008536400
.008272400
.008136300
.008307000
.008421300
.009359100
.008103800
.007993200
.008436900
.009327600
.008085700
.007787900
.007799600
.007835800
.008168600
.008199100
.009457000
.009354700
.008980300
.009170700
.009388900
.009444900
.010386600
.009381300
.009280600
.009125400
.009412600
.009078900
.009230100
.009299900
.011987300
.010628800
.010782700
.010830100
.011085100
.010927600
.010510500
.010752500
.010976299
.012152900
.010968600
.010807200
.010392100
.010966200
.010429100
.010480300
.010443600
.010263000
.010355000
.010948000
.010618700
.009913500
.010161900
.009942600
.010326500
.010235600
.010300400
.012404100
.010644300
.010370000
.010391100
.010926800
.010565800
.010832800
.011025300
.010792900
.009873600
.009670000
.010063400
.010723100
.009505800
.009493800
.009793700
.009619300
.009451600
.009482500
.009532400
.010003200
.009564600
.009850200
.007975800
.007875200
.007780400
.007660500
.007796200
.008158500
.008288000
.007923100
.007767700
.007695500
.007793900
.007670300
.008850200
.008979600
.008882700
.009132200
.008881900
.009153200
.010029800
.009392800
.009113300
.009368900
.009021200
.010375000
.009164400
.009166500
.009098400
.009043500
.009195400
.009157900
.008903400
.008929300
.009091600
.008757200
.008888400
.008575300
.008769800
.009195100
.009029100
.010455500
.010237600
.008768500
.008953200
.008741600
.009060400
.010217600
.009102700
.009083700
.009195600
.009023900
.010472700
.010462300
.010413800
.010389100
.010498600
.010350100
.012332100
.010672800
.010316700
.010508500
.010693600
.010681500
.009665400
.009636900
.009556400
.009395900
.009337800
.009275800
.009781000
.009650300
.009621500
.009689400
.010947700
.009331200
.009499300
.009249700
.009381600
.009741400
.009514400
.009136700
.009471700
.009458500
.009537500
.009740100
.009672000
.009669900
.009711000
.009309500
.009327000
.010674600
.010492100
.010517200
.010738900
.010365000
.010406100
.010595000
.011118900
.010540300
.010799900
.010710300
.008777900
.009106500
.008686900
.008789100
.008838100
.008785600
.008711700
.009057800
.008974300
.008946000
.009815000
.009309000
.009057700
.008777700
.008669400
.008711400
.009144900
.008435100
.008736500
.009229200
.008779800
.008757700
.008646600
.008760000
.008607200
.008958000
.009107400
.009122300
.008839100
.008942000
.008879800
.008794700
.009070100
.008990700
.011022600
.008661000
.008736000
.009151000
.008869000
.007782700
.007832300
.007842800
.007854000
.008917400
.007684300
.007802900
.007905400
.008096800
.007718000
.007994400
.009331200
.009388000
.009477100
.010808800
.009532100
.009499600
.009080200
.008988400
.009878300
.009779200
.009848700
.009517800
.009538500
.009386400
.009117000
.009981900
.010062300
.009706400
.010808900
.010714500
.010508700
.010601900
.010705100
.010430300
.010782600
.010438200
.010632700
.010796000
.010839000
.010843500
.011466400
.010774500
.010733200
.011649900
.010736200
.010901700
.010948300
.010320700
.010566299
.010981601
.010383399
.010302700
.010328100
.010898000
.010795000
.011020100
.010847900
.012081200
.010250300
.010479400
.008890700
.008906200
.008965500
.009139000
.009145000
.008785200
.009116100
.009219500
.008850000
.009351300
.009061100
.010626400
.008700500
.008823900
.008639400
.010485400
.009074900
.009103100
.007846200
.007580100
.007678800
.007775900
.008122800
.007911400
.007832500
.007830400
.007944100
.007870600
.007738600
.007726900
.007805500
.008120700
.008589200
.008144400
.007920300
.007599000
.008976600
.007865600
.007609000
.007859100
.007768700
.007946100
.007942300
.007853900
.007819800
.007855600
.008920800
.008967900
.008885000
.008867300
.010122800
.010963200
.010684000
.011726900
.010437100
.010381200
.010931700
.011114900
.010940800
.010704800
.010590800
.010250100
.009974700
.010257800
.011133500
.010651400
.010408400
.010519900
.010424600
.010795600
.010387100
.010416200
.010447700
.011438900
.010798200
.010742600
.010522400
.010424000
.012156600
.010883400
.010590400
.011642700
.009982900
.009951100
.010026600
.010059500
.009985500
.011334900
.009964500
.009929000
.011391700
.009899000
.009971800
.010127800
.009944600
.010318200
.010286900
.009140800
.009333000
.009747300
.009361700
.007602900
.007576800
.007779600
.007776000
.007835400
.007957200
.007926900
.007753100
.007722600
.007906800
.007848200
.007887100
.007690800
.009293500
.007695100
.007706600
.007725800
.007818100
.007477400
.008072700
.008109400
.007616800
.008778600
.009080800
.008768600
.009124600
.009042900
.008951500
.009088200
.008656700
.009163100
.009206300
.008952500
.009008200
.009312900
.009124000
.008942500
.009046700
.009185100
.009405300
.009028300
.010385400
.008937800
.009225800
.008965200
.009052100
.009002400
.008993400
.008931400
.010615800
.010399400
.010190200
.010209600
.010570400
.011737400
.010582100
.010827500
.011019900
.010565600
.010894100
.010036000
.010201500
.011147200
.010937600
.010455600
.011087300
.010623500
.010578400
.010420900
.011939100
.010183300
.010154000
.009722700
.009682000
.009479700
.009713700
.009369300
.009431000
.009197100
.009668900
.009247800
.009338600
.009401200
.009694500
.009344800
.009389300
.009797200
.009086200
.009549900
.009672300
.009339100
.009333100
.009085400
.009100800
.009323300
.009436700
.009290800
.009042900
.009496400
.009225600
.009130700
.009158800
.008802400
.008720000
.008713700
.009205700
.008890000
.009160400
.008961900
.009242200
.009396300
.009082500
.008986100
.009416000
.009190200
.009334800
.008931000
.008959800
.009072800
.009286800
.009485700
.008899100
.008787100
.008958500
.008980900
.009491900
.009037400
.009196400
.009158600
.009279000
.008624800
.008596900
.009333300
.009265800
.008928200
.009056700
.008792100
.009335400
.009188500
.009044000
.009001000
.008853000
.008756400
.008972000
.008863000
.009351400
.008660300
.008848900
.008482000
.010424500
.008908300
.009027100
.009959900
.009717200
.009550200
.009671400
.009640000
.009468400
.009430000
.009173600
.009322100
.009160700
.009537300
.009330200
.009290400
.009360400
.009690500
.009268500
.009493900
.010758400
.009409200
.009295900
.009524900
.009745200
.009410700
.009419600
.009228500
.009515100
.010730900
.010427400
.010289700
.011513600
.010607300
.010487300
.011395000
.010415500
.010619000
.010780800
.010772500
.010862900
.010379700
.010744300
.010308600
.010776800
.010332000
.010248300
.011645900
.010258800
.010480400
.008884500
.008700200
.009165500
.009064300
.008791900
.008797500
.008850300
.008893900
.008901100
.009315200
.008871600
.008389800
.008758300
.008582900
.009203700
.008940200
.009293000
.008614300
.008837100
.008742400
.008675700
.008720600
.008906600
.010092000
.009073900
.010113000
.008767300
.009276800
.010769400
.008253300
.007999900
.008086200
.007604000
.007821000
.008051000
.007856600
.008360299
.007709500
.008019501
.007705398
.007605901
.007555700
.007867400
.007806500
.007762000
.008105500
.007851600
.007715400
.007930300
.009147200
.010615300
.009389300
.010106500
.010769100
.010665700
.009332400
.009621700
.010221200
.010739000
.010511400
.010424100
.010487300
.009987400
.010104600
.011296500
.010995600
.011369000
.010653600
.010751700
.011124300
.010442400
.010269100
.010054600
.009919400
.010084700
.010049900
.010434000
.010745900
.010599300
.011609500
.010679900
.010301300
.010647700
.010648600
.010973100
.010833000
.010594900
.010402900
.011468000
.011156600
.010907400
.010464000
.010482200
.010454300
.010810100
.010657500
.010451300
.010630200
.010780200
.010477200
.009181300
