.005665207
.005666025
.005757071
.005634700
.005697545
.005660598
.005651546
.005595129
.006674807
.006525051
.005631485
.005535295
.005679705
.005563634
.005721710
.005685275
.005718007
.005668398
.005669398
.005685082
.005744103
.005549726
.005740582
.005632908
.005767401
.005594000
.005734130
.005680772
.006722260
.005648017
.005706031
.005729325
.005669181
.006667558
.005678110
.005618212
.005822242
.005547143
.005735750
.005641800
.005753757
.005630358
.005717038
.005635265
.005681490
.005684235
.005685041
.005547556
.005795588
.005662599
.005845696
.006535155
.005647930
.005529170
.005666603
.005696939
.005673555
.005554173
.005733606
.005492906
.005667387
.005625671
.005709049
.005634774
.005653118
.005643644
.005738818
.005660553
.005676551
.006623335
.005651860
.005588771
.005718055
.005687988
.005664878
.006543598
.005671071
.006682809
.005655992
.005639755
.005703203
.007623633
.005566386
.006711053
.005615580
.005676205
.005646902
.005680436
.005662019
.005758705
.005675660
.005768350
.005607488
.005654627
.005571466
.005740039
.005521742
.005709656
.005716461
.005721653
.006654209
.005690615
.005618976
.005676017
.005645715
.006744131
.005565077
.005687179
.005664595
.005724531
.005530935
.005683567
.005565745
.005674138
.006509218
.005728366
.005655464
.005769153
.005592783
.005774619
.005552498
.005722573
.005551157
.005767639
.005626255
.006652095
.005700526
.005788269
.005618037
.005733893
.005485643
.005720461
.005549611
.006673250
.005603534
.005671015
.006674802
.005649616
.006660278
.005697498
.005642532
.005775663
.005592987
.006695239
.005553845
.005684023
.005616098
.005621174
.005642823
.005712272
.005695715
.005601681
.005620115
.005673213
.005606040
.006800006
.005589240
.005675877
.005647610
.005708550
.005590462
.005630702
.005585485
.005728983
.005599176
.005783478
.005656350
.005802362
.005565585
.005732782
.006552158
.005670860
.005544375
.005714337
.005702488
.005650820
.005549876
.005765267
.019476688
.005750283
.005556383
.005712900
.005606377
.005694099
.006572882
.005719409
.005619802
.005666066
.005653972
.006710352
.005687937
.005730157
.005576418
.005680847
.005517253
.005704066
.005575861
.007552016
.005786742
.005657217
.005714163
.005593177
.005675131
.005558073
.005709861
.005669127
.005670999
.005608313
.006679623
.005557461
.005626678
.005537438
.005748188
.005588443
.005755149
.005641638
.005761466
.005660423
.005703826
.005665374
.005670061
.005547206
.005706224
.005689237
.005678585
.005593374
.005626640
.005658109
.005692748
.005666595
.006635596
.005701046
.005689037
.005713503
.005668466
.005551735
.005792009
.005575241
.005719253
.005704625
.006772312
.005676563
.005742773
.005644166
.005655733
.005661340
.005669991
.005619675
.005759787
.005705455
.005731470
.005633563
.005719242
.005668357
.006725505
.005667140
.005716469
.005613677
.005716574
.005623015
.005738293
.005590679
.005651145
.005567212
.005739979
.005673867
.005672385
.005691393
.005700661
.005723655
.005677607
.005576035
.006654834
.005773937
.005747908
.006618773
.005700267
.005580977
.005765601
.005738520
.005625803
.005635687
.006688597
.005638802
.005646053
.005600318
.005732355
.005614201
.005750228
.005685228
.005769065
.005657452
.005680645
.005558238
.005728041
.006625990
.005735878
.006616033
.005719393
.005670660
.005740190
.005615801
.005707175
.005564713
.005673070
.005707069
.005725912
.005584115
.005645522
.005536758
.005637498
.005555371
.005722952
.005582428
.006665963
.007629723
.005669916
.005827242
.005547606
.006717954
.005539528
.005643070
.005587347
.005720140
.005594724
.006775669
.005548990
.005789307
.005595297
.005763441
.005543492
.005717710
.005604754
.005792805
.005667806
.005652514
.005707959
.005742370
.005733885
.005717314
.006648797
.005780981
.005608300
.005685131
.005582721
.005731489
.005565908
.005659945
.005614363
.005745446
.005598051
.005663047
.005594767
.005653373
.005560504
.005654753
.005557613
.005612063
.005556915
.005663566
.005565851
.005657564
.005524796
.005735793
.005586302
.005798401
.006715076
.005744643
.005637263
.006691867
.005646043
.005712639
.005558066
.005727749
.005554906
.006740014
.005613057
.005741448
.005665469
.005713071
.005622038
.005800742
.005595012
.005766904
.005620117
.005789767
.005725038
.005715227
.005673829
.005799111
.005627523
.005821817
.005641898
.005642777
.005572444
.005779644
.005649614
.005701318
.005796446
.005711294
.005583468
.005718794
.005584471
.005715807
.005621715
.005746410
.005530944
.005723828
.005558851
.005666312
.005589959
.005680105
.006601599
.005720047
.005592991
.005752562
.005681654
.005747524
.005604650
.005735586
.005633957
.005744056
.005613488
.005763602
.005623420
.006720252
.005504006
.005725188
.005614064
.005804920
.005650414
.005757573
.005542148
.007579185
.005708013
.005613690
.005756039
.005627408
.005784856
.005667627
.006697649
.005709023
.005679532
.006643424
.005725285
.005697148
.005732091
.005614155
.005731373
.005652801
.005818619
.005563991
.005730442
.005590822
.005669571
.005692610
.005693826
.005566135
.005649722
.005581411
.005684743
.005593553
.005750473
.005578580
.005749455
.005665615
.006739378
.005715723
.005733297
.005631428
.005678030
.005619890
.005683826
.005701668
.005815628
.005564329
.005742462
.005650146
.005605311
.005655512
.005649651
.006599509
.005708880
.005670078
.005673541
.005561582
.005696203
.005599494
.005797381
.005596237
.005772721
.005723150
.005709614
.005585433
.006690299
.005718453
.005667603
.005662953
.005773138
.006702434
.005821564
.005556220
.005771431
.005594812
.005766585
.005674379
.005693874
.005542532
.005676785
.005613041
.005706200
.005608376
.006746520
.005655789
.005634877
.005692820
.005760172
.006622846
.005733671
.005680851
.005672133
.005589909
.005645273
.005630912
.005681841
.005583753
.005694660
.005631164
.005725642
.005620232
.005718378
.005635593
.005714805
.005687778
.005685345
.005608599
.005805202
.005584446
.005771781
.005697360
.005730968
.005695704
.005648479
.005633692
.006689478
.005631436
.005650833
.005540946
.005800128
.005591214
.005747435
.007439812
.005589977
.005669950
.005593822
.005747289
.005534003
.005669629
.005560610
.005692055
.005577056
.005744678
.005570434
.005647337
.006629941
.005735659
.005797607
.005719429
.005521513
.005758630
.005614402
.005737161
.005608248
.005728360
.005606433
.005728890
.005651721
.005759284
.005553866
.005827235
.005591804
.005722172
.006657195
.005721543
.005581460
.005662360
.006635049
.005710425
.005678551
.005728014
.005678335
.005747974
.005590205
.005737186
.005629771
.005774541
.005637665
.005712152
.005639134
.006770211
.005615203
.005631836
.005646948
.005706371
.006555711
.005820703
.005541644
.005718323
.005598217
.005728499
.005628245
.005727167
.005617560
.005730844
.005638303
.005776959
.005587236
.005829225
.005560729
.005776635
.005631350
.005671020
.005579738
.005688195
.005694628
.006691931
.005587250
.006799317
.005597641
.005800456
.005601089
.005763325
.005622945
.005729212
.005672888
.005707563
.005743217
.006670070
.005646694
.006767109
.005673419
.005757843
.005655382
.005735508
.006679563
.005791733
.005589827
.005672608
.005683767
.005709310
.005699041
.006636708
.005617758
.005649465
.005602585
.005839899
.005589254
.005683915
.005577106
.005717856
.005590640
.005740180
.005614704
.005752596
.006645455
.005797773
.005687040
.006758656
.005556671
.007589843
.005691152
.005605309
.005728944
.005681656
.005628675
.005606305
.005680986
.005711224
.005651305
.006681009
.005598862
.005668604
.005756541
.005704287
.005641058
.005591906
.005801825
.005569620
.005709616
.005679436
.005780257
.005600658
.005696887
.005607394
.005746002
.005656177
.005724214
.005596725
.005743862
.005660998
.005734633
.005617463
.005684972
.006570715
.005681488
.005597193
.005657136
.005575625
.005730987
.005539061
.005640840
.005513625
.005682283
.005586982
.006680236
.005697387
.005787133
.005734062
.005615073
.005726344
.005648034
.005622055
.005745778
.005589618
.005725942
.005599534
.005691081
.005666903
.005743255
.005709520
.005677839
.005713072
.005697044
.005666839
.005663463
.005534599
.005654795
.005609511
.005774174
.005698435
.005727477
.005670780
.005690752
.005608028
.006756497
.005649013
.005727842
.005626161
.005868384
.005742521
.005787411
.005644168
.006688015
.005637368
.005638230
.005709780
.005710774
.005604703
.005733442
.005581279
.006718570
.005680411
.005801942
.005625563
.017982672
.005682948
.005708930
.006648991
.005716429
.005735749
.005707910
.005550072
.005644496
.005686199
.005660433
.005567635
.005725367
.005732265
.005647341
.005697418
.005694597
.005658427
.005692090
.005697169
.005703789
.006582837
.007580730
.005655586
.005754948
.005733667
.005741958
.005724185
.005705129
.005710461
.005685112
.005765526
.005581110
.005728563
.005703152
.005731425
.005703074
.005742855
.005645477
.005719528
.005581638
.005751432
.006602775
.005687661
.005563962
.005689366
.005581222
.005712335
.005650144
.005733347
.005577327
.005825196
.005641492
.005669868
.005583020
.005783540
.005623007
.005720347
.005622313
.005836440
.005579938
.005701951
.005582114
.005772823
.005584033
.006762823
.005582062
.005740515
.005582600
.005740118
.005626792
.005732866
.005675790
.005713872
.006661335
.005744322
.005616737
.006832146
.005654733
.005655370
.005552931
.005783388
.005652405
.005662575
.005651997
.005698870
.005659721
.006700197
.005568916
.005678537
.005643959
.005771470
.005561800
.005676255
.005616773
.005700932
.005594730
.005696704
.005604329
.005712089
.005636439
.005747409
.005693990
.007828196
.005557461
.005834050
.005552986
.005723327
.005586815
.005761227
.005653157
.005689389
.005618474
.005791390
.005686267
.005741216
.005547251
.005804073
.005624583
.005741460
.005623905
.005708696
.005725053
.005694470
.006680883
.005824881
.005700400
.005758072
.005527568
.005713636
.005592045
.005693406
.005598657
.005678157
.005623440
.006748791
.005596103
.006647603
.005644343
.005680780
.007484343
.005713410
.005636291
.005558050
.005718791
.005617989
.006720745
.005574696
.005695737
.005589331
.005707237
.006651237
.005686311
.005654150
.005646080
.005705744
.005762511
.005625316
.005714515
.005683480
.005726941
.005644800
.005673227
.005733255
.005666768
.005699326
.005667692
.005674816
.005664892
.005683407
.005689255
.005598424
.005782020
.005576057
.005799965
.005793163
.005774404
.005612110
.005652860
.005596596
.005703319
.005721514
.005651460
.005610898
.005765027
.005626412
.005778572
.005592686
.005699585
.005622417
.005697235
.006663625
.005617314
.005605176
.005705392
.005608361
.005774774
.005556113
.005683992
.005571204
.005709147
.005657562
.005740812
.005601239
.005713045
.005749573
.005737865
.005625972
.005768500
.005666272
.006685812
.005608355
.005712293
.005726650
.005667532
.005664331
.005763323
.005724654
.005688999
.005710347
.005738663
.005548543
.005704372
.005544520
.005700169
.005658700
.005708516
.005718024
.005665375
.005587995
.005775561
.005805260
.005719033
.005657149
.005799305
.005668367
