.460622401
.357663199
.361949301
.353108900
.370464500
.332453900
.375164800
.411542200
.418858400
.473147600
.354753500
.375624200
.392411700
.327749900
.331998600
.387628000
.432687000
.375121500
.320353600
.331910500
.410199300
.374259099
.386681400
.377704800
.427446800
.316489001
.373313200
.353624300
.400468500
.376115300
.340636800
.329663600
.400944699
.442064901
.311248500
.369783100
.414150000
.373201499
.330223800
.340262800
.429524000
.346395600
.333026400
.370075200
.401707800
.412049401
.383762000
.349111700
.395326100
.378376899
.337687700
.363386900
.405169700
.332378500
.375966900
.363113600
.400960300
.456473001
.328414300
.392883500
.439669400
.321924900
.375048700
.363155300
.408314500
.348238700
.352527300
.370881500
.411914900
.352640100
.353701700
.307463300
.503945900
.369778400
.351157000
.369760900
.579844499
.379388900
.363140200
.347893400
.597007800
.412388200
.364559800
.410393200
.419373300
.320533900
.387734500
.425044201
.456777400
.332638500
.329687800
.325091400
.433047100
.314447800
.344395600
.347355600
.400672600
.320540400
.421160700
.403755700
.476122400
.315358300
.392584599
.373577300
.426250200
.333425500
.374345301
.351125400
.432579400
.333773200
.337670099
.331851700
.510685100
.362821100
.355835201
.365683300
.480571800
.345555700
.346614499
.320937500
.445715700
.365412500
.380249801
.359423900
.455821100
.307812100
.428048200
.397708800
.403720000
.355150200
.295394000
.370770000
.431022600
.323829300
.342413300
.428600300
.436190600
.351393000
.372592300
.378058700
.390079800
.323786600
.431693100
.368148600
.402955000
.319913200
.338647400
.339892900
.402319900
.308621900
.323780400
.311245600
.450986000
.360285200
.331061300
.350210300
.445791400
.334520200
.363927000
.362577600
.426340500
.337573600
.334407000
.331156200
.459039200
.308617900
.385963100
.395788900
.396284500
.399181900
.431261300
.375674600
.462399400
.346982999
.384374600
.328483800
.378024500
.399076501
.393330000
.370360900
.448497700
.333178999
.333898900
.419586700
.426424200
.356950600
.322158400
.308348800
.418133900
.355728101
.359552200
.379004100
.472331200
.359992799
.332151000
.311099100
.422751700
.365997001
.373365000
.300354800
.415556700
.403499300
.360427100
.346379000
.469331500
.320718900
.407999900
.341960100
.417797700
.341816300
.342073500
.358978900
.528587100
.371942300
.388459200
.384513199
.421418901
.415278000
.314746900
.446171200
.389489400
.358525300
.341115000
.314545400
.382659799
.308540700
.382267100
.357831500
.402779601
.304168700
.379282800
.311216500
.418960800
.318931900
.388368700
.316018600
.352600800
.317833499
.340370300
.341695600
.386707900
.362047601
.334936400
.336692200
.354475500
.374860499
.350827900
.352114600
.378336500
.322176701
.433473200
.396590900
.339929900
.303532799
.335801600
.384805600
.361943100
.326173100
.329247201
.311488400
.517611300
.356478699
.335626200
.307215200
.404344700
.328475500
.384479201
.313449200
.386946700
.366325500
.391686400
.348800000
.436236899
.309779701
.401939699
.378167100
.370023300
.325361301
.378980599
.378923801
.397995500
.317288600
.347562600
.319577200
.390894700
.333446500
.449568700
.346176700
.401326600
.335418100
.352169999
.319510900
.397952600
.340559400
.356243700
.356911800
.398559700
.358627601
.372307299
.349664700
.409457201
.384584799
.458014800
.406233600
.378955000
.353626099
.376531801
.347165300
.442969900
.348087900
.344470599
.347892600
.317493700
.320648900
.307647600
.459099700
.408347900
.353070900
.320431501
.340401000
.378560100
.331624300
.321233400
.319395400
.392412400
.362854000
.322320100
.332834000
.362109900
.439521300
.340389100
.322494200
.356830400
.355274700
.335879700
.328150400
.426098500
.349507700
.346401000
.375152801
.385439200
.382992599
.342866800
.367654599
.383179900
.379412401
.316216800
.391209400
.405915500
.358014700
.369522500
.379473999
.372210700
.344963100
.334159300
.372250701
.365727900
.402193100
.340717900
.374287499
.394959200
.365622600
.362340100
.404034501
.344900400
.371868700
.357044500
.400089700
.374036700
.371767000
.317541800
.422046400
.424471800
.326127400
.345051600
.352470799
.382901400
.368945200
.323509300
.384022001
.381332700
.359646200
.348630000
.478536600
.360439700
.411429400
.343539900
.321785700
.357866700
.352323500
.366190700
.357665500
.382459400
.380641900
.374066300
.342169100
.352795700
.359477700
.390049300
.359235600
.413625800
.323793700
.344042400
.340843199
.393904100
.308215100
.337170400
.363370900
.401246200
.360688000
.397215800
.315402200
.527616000
.373366000
.329176800
.390288601
.390756700
.385169500
.356035800
.344567500
.412190000
.340673900
.350685600
.377274200
.406355600
.340561400
.399979100
.415232800
.374587000
.314786700
.331428600
.377611100
.398847800
.316024800
.374234100
.354178200
.394805300
.346457400
.403085100
.353572100
.459918200
.359553800
.314367300
.344523100
.389438300
.352004900
.350637600
.305303099
.417636500
.360003700
.347424500
.348715900
.449887600
.311556700
.416094100
.382135201
.375477300
.343522500
.342211000
.346066400
.406690100
.319290700
.352051200
.333805699
.396783000
.307564100
.332005000
.349942801
.485543800
.321108700
.320342200
.401472100
.410194800
.381933400
.360652100
.364129899
.388386100
.361305200
.375561800
.354108401
.407466500
.315215800
.410804600
.493508100
.386513300
.332901100
.354904000
.347986000
.384456300
.357577600
.357579800
.336386400
.368239900
.339585100
.312792800
.439423800
.411930200
.326785300
.320055500
.394230200
.359739800
.366942900
.306834900
.348214499
.420492400
.372817300
.306227900
.431316601
.370232800
.378693200
.405357400
.358299300
.361927200
.353636100
.343883700
.377106700
.389713300
.343675900
.323373000
.336118099
.382111000
.361283400
.318057200
.375308401
.420174100
.378604800
.299856100
.320496200
.385933100
.348069500
.319251600
.367102000
.442313900
.367309800
.315690300
.392897600
.375556200
.402839200
.333053300
.319802900
.369542499
.379259500
.329463600
.350462100
.409108401
.309275600
.343627600
.316778800
.373297900
.325416600
.355630300
.353512200
.325402600
.354637399
.434427600
.370721100
.334151100
.388142200
.377688100
.320752400
.409748101
.323742100
.352218300
.341976300
.352640600
.324888199
.362490600
.316877600
.362886600
.340197701
.386491100
.341782700
.396876400
.309241500
.337057200
.327109300
.457705200
.344196900
.355392800
.335599000
.364002700
.322905399
.448333200
.365154300
.332825600
.307681801
.380043200
.347935800
.405096300
.296829200
.366799101
.350236200
.402790800
.465650900
.432701900
.313288400
.414391200
.353799600
.392003600
.342116200
.382414200
.375720599
.380410101
.355244500
.385619099
.313168300
.356199100
.415917500
.322153500
.379714200
.328180900
.331031500
.330362800
.371337700
.386236500
.355454400
.353716400
.299922900
.319187801
.309868300
.404157900
.334357800
.317808000
.340896600
.358516300
.375858500
.371565399
.356225400
.393465400
.345036400
.392393201
.344691700
.305350200
.410097700
.304801000
.425858201
.350785400
.330086000
.352061100
.346670800
.386599100
.350173000
.329866100
.348193899
.362481500
.337669600
.343653300
.341483700
.379022800
.454671900
.372422500
.324156300
.350873400
.401049600
.337522600
.395690701
.385734100
.348512900
.347510700
.431669399
.361664300
.370386500
.311552300
.402575201
.408842300
.323647900
.345256700
.382942999
.322911700
.365008300
.381073300
.378233800
.367241700
.316475700
.316365200
.365941501
.362188300
.407928200
.339762400
.325663000
.348204600
.361239500
.335936700
.331125400
.351709200
.381044900
.350970700
.351525300
.333482399
.376221400
.330801600
.423259700
.450516001
.323898400
.349924500
.364242200
.372830300
.350744200
.307381500
.345802900
.352116299
.388004500
.339999500
.374092100
.358506801
.411920300
.338060200
.327473200
.310551001
.355320000
.336535900
.298411400
.344195800
.415222500
.315311600
.363467900
.328838100
.368420700
.327896300
.319063100
.302956100
.538923900
.255454200
.399362000
.247465400
.342794400
.352517400
.325179700
.385861900
.391312900
.376628600
.372183600
.338817099
.330766201
.318098300
.333449100
.306872800
.361440400
.372593100
.313789600
.323354400
.306878100
.373666700
.314721000
.349792100
.326388200
.373756000
.349296899
.400251100
.382508200
.323982800
.370299901
.360830000
.248256100
.290274000
.341772499
.357084200
.323850800
.331238000
.319784600
.398917400
.390818100
.336040000
.350974701
.376098900
.332106800
.426011600
.352695200
.407117200
.395942500
.315719200
.360205300
.361721900
.363731400
.334360900
.385878800
.333948701
.415978400
.413407100
.371461900
.309572700
.366553900
.347717400
.341672900
.349352600
.351130000
.354130700
.326538099
.306384700
.367423100
.311798600
.421463000
.377648900
.339233400
.364584700
.340285300
.280753301
.357648800
.333344500
.352839200
.313256500
.366807401
.315880599
.375103700
.324509700
.316241000
.302117700
.418491400
.306298300
.422811500
.410305400
.330080000
.334292500
.357316601
.325318200
.360455200
.342421100
.329846399
.378405900
.320052900
.422025200
.363277700
.356182200
.319147600
.360596500
.358243800
.344412699
.311420000
.337803700
.388629300
.385431100
.323847500
.438856200
.330634500
.372036100
.394696300
.331867700
.338941700
.309635701
.343661300
.349586600
.309741400
.335880000
.336080199
.409692600
.308423600
.336091700
.311350901
.430356600
.334615800
.368916900
.388493599
.375940500
.362225300
.333932800
.389090401
.344120000
.319397600
.333112500
.357169500
.358063600
.325816000
.339168800
.299928700
.327957899
.312776300
.402706700
.366578000
.389152900
.344158900
.330797800
.336162800
.368258800
.376229300
.315540700
.456694800
.379257201
.387430200
.365025700
.353092100
.381362399
.345062100
.346813300
.345117100
.361270800
.331730400
.342406900
.358772700
.354096300
.459510600
.352565800
.445525000
.465664701
.517719100
.360058500
.347494499
.368030700
.372229600
.378753300
.501516201
.449922000
.334237100
.327814200
.344879099
.386460200
.376011700
.386869800
.334989101
.466397700
.365324900
.335720800
.346336400
.311403800
.328319000
.327398300
.341207200
.362997200
.370761200
.323309200
.336628000
.414412199
.382459400
.380884300
.335957300
.394681700
.322609600
.333999700
.382925000
.347339300
.339795800
.369442600
.341379300
.422133201
.348680900
.321771300
.441039500
.383931899
.331160100
.331492500
.361538900
.384799600
.319772900
.345303500
.356603500
.320480100
.439827100
.350964400
.337815700
.375066300
.352065200
.336344400
.332154900
.347523800
.327785500
.373876200
.324421800
.326512100
.348652701
.374276300
.360480900
.394626900
.339067400
.300392300
.288047300
.346718800
.339314900
.348739700
.367307000
.330515700
.360787300
.427110900
.344388100
.390637600
.314305700
.396147400
.362105500
.411059600
.362280900
.369189700
.345741000
.374125900
.325006700
.377862299
.356050800
.344465400
.312250600
.374117601
.350367800
.399656000
.356678700
.331646400
.345085400
.403430400
.337963700
.344762099
.331569700
.343778400
.336376000
.333387701
.389679700
