.518170200
.675144600
.560148899
.587141701
.520212700
.594418600
.740993900
.512532700
.529355399
.461864700
.418169300
.478814901
.456385300
.391233600
.454890400
.399187300
.421794600
.494128700
.433904100
.464675700
.392211100
.492797700
.435406100
.529954200
.447473200
.473892300
.439171200
.373695401
.403475399
.469450700
.347752100
.396818200
.450178000
.485882000
.447908000
.402121699
.419944300
.389705700
.450165701
.374261200
.413360400
.397619800
.435535900
.485761700
.393153700
.520351800
.482780800
.454690500
.406044899
.514470100
.293682900
.339219301
.340809599
.341414500
.337569700
.325670900
.316182100
.311707601
.393669100
.417105700
.319232800
.390477200
.340103900
.328069400
.297567200
.335659600
.340284200
.309090500
.360304900
.323936500
.343059700
.323555000
.370550700
.372512700
.425607199
.365872200
.351771800
.318522202
.354871500
.393283700
.329879500
.365687700
.370185800
.339599500
.313860300
.355755500
.390207700
.413892300
.341980600
.394120700
.430628900
.408420400
.390317300
.380158600
.379521100
.378144300
.330330100
.330789900
.377855200
.356522800
.379198200
.425791799
.398512101
.340343699
.338622200
.343997900
.360255900
.338437400
.325965100
.316839202
.344799600
.363048600
.318490900
.373026600
.423317500
.436827500
.334315300
.502953699
.414686201
.364316800
.380196400
.352898799
.380183001
.343016100
.293434300
.345038100
.280322200
.340484400
.430986200
.341594400
.393086800
.361975000
.286556500
.340935500
.315308200
.336730200
.392598800
.345415700
.358721900
.376567600
.296989900
.348510900
.342661300
.467653400
.375946500
.405210100
.337402400
.335777900
.333432200
.307112400
.333820400
.404928900
.321013700
.313827200
.332283400
.354478900
.394457900
.372245000
.329625900
.332852200
.418614900
.340067800
.325284500
.299111000
.366685499
.368231800
.333301100
.342024002
.335010700
.355981100
.375944300
.356138199
.395934201
.411164500
.378044000
.322897200
.406723699
.397599800
.376178900
.383768000
.382437101
.346871000
.347776600
.342369999
.398644801
.427719600
.370340600
.340221800
.324312500
.349204400
.348689800
.329105900
.304047000
.331526000
.338751500
.343833800
.331157100
.366344599
.399379200
.391425900
.370410400
.403132401
.367443700
.364565600
.318562300
.327148400
.297693700
.336110900
.295237900
.317690701
.354498500
.383009799
.359389600
.363267200
.399719599
.364007100
.335021600
.316518001
.399264300
.288930400
.348121900
.332707000
.310781200
.330570300
.328384700
.311232400
.351661300
.439215900
.349840500
.411832599
.368213800
.355765700
.355191300
.328960000
.307219302
.354350000
.323618900
.342286399
.342561702
.353144899
.361804000
.378721000
.371285800
.414433699
.383477800
.335564999
.348008900
.304768401
.306640800
.350239000
.305413300
.291743600
.340934200
.325635900
.380571400
.339938700
.460391099
.443162800
.345865500
.360927000
.362683601
.362840100
.354377900
.414230099
.382496100
.386740400
.374246600
.384475901
.321509300
.379833300
.401531100
.295211600
.405822100
.389605100
.331837000
.294385600
.356811400
.339996400
.336344100
.316630100
.308158800
.320446700
.341908100
.304586800
.348636100
.421664300
.331600700
.357353300
.322533500
.413047400
.342251700
.298274700
.304441400
.340101999
.303836700
.358032100
.290697400
.296832100
.329678501
.386703900
.459050600
.378790800
.419237900
.383961900
.350302600
.345808100
.388754300
.366260600
.354365400
.308813900
.363063999
.308664700
.348518100
.360674200
.420018500
.435578500
.324183200
.294910600
.353322601
.366131500
.294302900
.315069300
.317463000
.381009200
.298321500
.303564900
.298795300
.390486800
.426680600
.354338700
.374716700
.376117799
.352565000
.356108300
.342266200
.388695601
.361953900
.336199700
.288928600
.313750400
.349124700
.317619700
.331333900
.387582000
.349654100
.372423000
.360892500
.354155100
.461864000
.376036300
.346879700
.353320300
.333651399
.352153800
.355550600
.355271102
.405416700
.345960900
.430125600
.304667800
.354064200
.381176200
.291513600
.310612300
.396527100
.346423200
.291471600
.337781100
.328248400
.334041000
.375683800
.383731200
.347444800
.396000900
.388172700
.364292800
.379701000
.392375100
.363469700
.316823700
.425354300
.355862100
.347400000
.388626700
.375663500
.363810500
.352631100
.352816500
.326324200
.349668999
.340197200
.326551800
.339962000
.366492301
.410005800
.362274300
.317900900
.321387800
.409429100
.372867100
.379513000
.387142000
.398948300
.382487500
.398243600
.394010399
.384531000
.376786100
.363833401
.359819499
.412132900
.352463600
.334161400
.402610099
.368391200
.359699000
.347708700
.383448801
.402853400
.368486800
.336014200
.412413700
.382369700
.374398100
.344480600
.367867000
.403543300
.334484800
.363682600
.368021000
.348119100
.357033900
.305037600
.376948499
.364121000
.331409400
.316988800
.317144602
.382873100
.340312300
.397369000
.380232401
.398832600
.398691300
.387264900
.388242100
.374751100
.369755200
.337671800
.329743600
.375077200
.344554400
.392019900
.424312400
.424614800
.383885100
.313600900
.350917400
.352020300
.366844100
.297631400
.308096300
.368077500
.324334700
.353457400
.311771800
.348030500
.375954000
.376833100
.351863100
.395204400
.460389800
.352353300
.385673700
.405952600
.371905000
.372933100
.320093000
.405033400
.381189100
.328544000
.299614300
.428328499
.384391600
.358002900
.374475600
.425577201
.370549300
.323663000
.339118100
.372723000
.360020400
.347333700
.308985800
.391905300
.436310000
.341664200
.337730700
.338160400
.301469800
.329898500
.316840600
.378444799
.377060400
.337037600
.375175100
.343966901
.373322200
.345350600
.348618200
.303973400
.455142600
.365390800
.376032900
.329568400
.360256500
.370100500
.317481900
.314391200
.398012599
.335361700
.330816800
.360146200
.415722300
.394889100
.351756300
.324606300
.306878600
.396816000
.434417700
.360890400
.361940001
.364058100
.316079500
.315313700
.325735700
.395648100
.400975500
.343023700
.316183400
.346490100
.354641800
.309152700
.300164800
.322192800
.371843400
.336744700
.317557400
.372902299
.346719500
.329887000
.360185800
.459813401
.382482500
.336099700
.360438100
.306626100
.349896798
.329628100
.341659800
.326182300
.324375100
.362146900
.292337100
.310234400
.396742301
.406509200
.352727900
.352142500
.322642600
.349659899
.384230900
.303507000
.289344400
.414031099
.449690700
.394449400
.320372600
.411927501
.410712800
.366333900
.341144200
.417006701
.350637600
.358320100
.296290400
.375172400
.351542600
.387124100
.304869300
.358369200
.334631500
.316768900
.429872700
.390453799
.362955300
.369781700
.309767400
.354207001
.362701200
.308331300
.303854500
.335831901
.314690000
.366515700
.353830200
.369263800
.351126600
.384340800
.336621000
.357574600
.393050800
.382195300
.292716000
.380229700
.388670900
.400167700
.324270499
.324484100
.483408501
.422572000
.376439900
.395433000
.382655300
.359326600
.312434400
.347372100
.402206200
.350192200
.336623200
.362387100
.320151500
.353804700
.341900900
.344018900
.446328200
.377129600
.356734400
.377673300
.386397400
.365444200
.343789900
.305986399
.353045300
.343662800
.301101500
.333086501
.293155101
.347619099
.343688000
.382868400
.368817400
.335662999
.411933100
.359417401
.354204400
.408795800
.426402600
.344196999
.306595200
.336647701
.346009700
.358191600
.412335700
.515735699
.395729700
.375690401
.346096500
.369041200
.346184099
.289416700
.315858701
.366813200
.330508400
.325522300
.322047600
.392051100
.391226600
.363471799
.379194700
.380256401
.341727200
.340316700
.299040300
.323912100
.397438398
.340516400
.323640900
.342020600
.378848601
.379843700
.390231000
.363640800
.375146700
.351370699
.293370400
.344797101
.370179999
.301620000
.342390600
.364823100
.331532200
.314869100
.317772900
.293820000
.391907899
.418883700
.407514400
.357608000
.327217600
.384740601
.400254200
.345512400
.338038599
.350318801
.336192800
.288007300
.323802300
.358284300
.364352200
.418621400
.337022700
.372955300
.326006900
.367475200
.293848500
.314894700
.324793500
.372312800
.296308400
.293988599
.427721201
.352442699
.379620300
.347582400
.389811100
.381113100
.377864900
.293419900
.338899301
.355043300
.352143500
.347165900
.307957700
.302834599
.344812400
.298139900
.309717400
.362929001
.413686900
.343309700
.376663800
.434828999
.364246800
.310760000
.350274400
.453404701
.399578500
.344068900
.346848600
.350642199
.347349300
.320323101
.364038900
.406725000
.347733700
.375521700
.355894900
.302217000
.360346700
.304889700
.301187300
.312106599
.335752202
.356138200
.296294699
.297642500
.348560100
.393365100
.431413400
.371974900
.351210899
.399296000
.364059100
.319220700
.326727502
.308556900
.344540600
.322596500
.359500400
.290735099
.352793200
.316928400
.303306400
.363083701
.383514100
.380870200
.366297000
.436864300
.380463100
.388163700
.372013000
.539034300
.374659500
.371584200
.426092099
.372364300
.356819600
.325596700
.369557300
.386976900
.583466500
.542940400
.431748699
.351638700
.335568000
.365118200
.480928799
.495549700
.383914800
.514514700
.418609600
.356261100
.335981600
.383281800
.392068100
.379040200
.346999999
.292710100
.327452500
.334467400
.380071400
.379709100
.364914100
.322563300
.355291600
.294110200
.304300600
.332927700
.295225500
.331455100
.328744900
.352050600
.320612100
.335810100
.474365899
.404280000
.377774200
.360211700
.344496301
.336920700
.291215000
.330214900
.307148600
.325943600
.345659500
.314313600
.335732100
.323962400
.295167100
.339804800
.319434300
.357275099
.402553700
.322861900
.378222200
.357346301
.401436700
.345215700
.442011400
.368460200
.311756100
.350930000
.361518400
.318252501
.314591900
.394783300
.365264100
.368021100
.406375100
.356503600
.358539100
.372079500
.392541100
.375577500
.341702000
.322690600
.396745800
.411442100
.339868900
.362340699
.404357001
.373062000
.369293800
.347790800
.420956400
.364242200
.374116000
.325321500
.365673800
.350218700
.385544000
.367367600
.383697500
.329707700
.354569900
.297116100
.337857200
.336057600
.301587500
.345243200
.334260800
.344195800
.376837800
.466671500
.435640600
.426727400
.323720200
.374858900
.375651100
.363891000
.349802600
.316477500
.352475500
.309997200
.340666100
.323899900
.322323700
.348391300
.407874200
.407347500
.374582800
.427579900
.322398700
.292559600
.299400500
.480698300
.398655500
.335190500
.364117000
.332190500
.359114900
.317276300
.340950200
.381390900
.416004700
.386697800
.325700100
.377899200
.288321900
.346929700
.313195700
.307848099
.390258500
.297438300
.381047100
.328037000
.423333001
.361824600
.335394800
.336382200
.451769300
.343613500
.367713700
.335500600
.413800000
.390776400
.341516200
.321925400
.344826499
.342574800
.349696700
.407506300
.418640401
.395329400
.313428800
.337806400
.344486399
.316465700
.297962400
.359094000
.339572500
.368296400
.402717300
.351749800
.396912701
.426330300
.354785000
.336001900
.362991000
.404010500
.331260600
.363785400
.310491700
.340204600
.340341000
.322529500
.347380600
.355419199
.356467600
