.316549400
.357286499
.302693400
.299539500
.310593002
.299995199
.337131801
.291631700
.306320400
.285902101
.307908301
.315217200
.277636100
.297702900
.278306200
.312849900
.350677700
.310925200
.315814500
.332011400
.351570200
.314516899
.308610100
.302020002
.321025800
.339809800
.304646700
.282176200
.312193500
.292432200
.316077100
.307016200
.315906400
.405337800
.338561500
.316914300
.295524800
.318702801
.306127200
.343336600
.308461200
.308658100
.283363900
.309305300
.322630300
.315614200
.289798400
.360365299
.309427700
.322025300
.272424300
.251076801
.253434798
.300825800
.285516400
.285771500
.253216300
.245678701
.279905700
.299076800
.251497600
.251919400
.247022500
.276915900
.299091900
.283622900
.252789300
.272219200
.253082000
.256674100
.304569100
.292001100
.256529100
.246453200
.256369000
.256661300
.260976900
.241390700
.248673200
.250520400
.290531899
.284814900
.302923200
.259591700
.282588699
.282720500
.304672300
.289320700
.258220300
.259686401
.246713400
.298539800
.257423200
.245192700
.275324200
.252824500
.281835000
.310970800
.248221400
.279293800
.318309300
.301698100
.289653700
.309113600
.258711900
.264745200
.254773299
.292015800
.299865800
.276415000
.260007700
.306010801
.249802399
.296517200
.257441100
.280895700
.277560200
.300323901
.284631100
.289036600
.271602800
.262967700
.251094499
.293607000
.310455200
.253426500
.252969600
.264223001
.297201000
.254688400
.237008700
.292163500
.227296000
.294870500
.313020500
.282106200
.248712100
.280739900
.299898000
.350718500
.252211700
.253998600
.298237800
.285626500
.329504900
.265464500
.246795800
.247392300
.253556100
.286130698
.265892200
.273905400
.294777000
.252813800
.273326801
.324230800
.271973600
.246059200
.269634300
.295706799
.256656700
.251217500
.255864800
.320030101
.252417100
.281511800
.285980000
.282247300
.261209100
.244035600
.308349900
.284562400
.288073500
.251703800
.264741900
.263567901
.290798800
.247139200
.256781001
.297150699
.256899700
.278984701
.325581600
.250367900
.250595699
.248070400
.262259901
.286940299
.240967400
.245602800
.298609900
.283945400
.276816100
.304360400
.268013600
.246879600
.253932500
.256584101
.243190400
.291746700
.263163700
.249514500
.248005200
.284348100
.260271700
.257608300
.264485100
.278379900
.245131700
.261142400
.319820600
.254591000
.244520800
.258523399
.237279201
.334475500
.297745700
.251211600
.254827400
.249950299
.250656601
.278151700
.299936399
.280513800
.247039000
.290131701
.272791800
.291587000
.251204200
.256591900
.242684799
.327222200
.300947000
.256545700
.265004600
.242992501
.250373600
.288757700
.280657100
.251689200
.245165800
.242385400
.274078300
.284073800
.244049700
.252870000
.248381300
.256737500
.278276400
.291125400
.290615500
.283739399
.254884001
.250111600
.292482900
.284137800
.270801400
.241237100
.241682300
.340658300
.283912400
.253589500
.265131900
.249152700
.376950000
.258626000
.256064700
.283282000
.258636299
.468060400
.259684300
.288712000
.253190500
.257225699
.302987200
.339399700
.258209401
.250574600
.282399200
.249468700
.287278800
.249368200
.241945500
.245232500
.270115100
.263628400
.316257400
.247817200
.256544200
.254200000
.326069900
.311252300
.255453900
.250436400
.257395900
.303855500
.255593500
.284615500
.258023000
.241159000
.246134899
.238033301
.246273800
.268372100
.268611900
.274851199
.282828001
.301343100
.273215500
.258963000
.253418400
.278195900
.238518301
.309319599
.283318300
.256550701
.251711600
.314261600
.245228300
.287025300
.252828300
.239967900
.254962599
.246502301
.373486000
.264914500
.263046200
.271790200
.276094100
.346275500
.258570400
.283176400
.250920300
.301688400
.271978900
.280637900
.311180600
.248966600
.286034700
.288421000
.294204200
.250571500
.281474800
.258943200
.291022499
.263395200
.242677600
.252329900
.251373200
.299565100
.244132500
.281692900
.250519900
.249502500
.241643000
.302159400
.275149700
.248864000
.240952500
.247278900
.254361600
.294977199
.293935600
.282707500
.257845000
.252605200
.257937700
.289821800
.242149200
.248854300
.248765300
.252454900
.236291400
.302063600
.242663800
.302868300
.246841200
.297870200
.249858300
.290079000
.262324800
.265461700
.263125699
.309870200
.323014400
.249238400
.268525300
.279150700
.295913501
.382613700
.273337300
.249769600
.247936601
.299304100
.302447200
.253675900
.247180100
.262602200
.296077200
.311080100
.254700600
.258496300
.253075400
.255668900
.301966600
.300559400
.259511600
.258432400
.245323700
.256045000
.257034500
.264871000
.242064300
.259638500
.245171900
.306319400
.281277700
.272738100
.254597900
.267599100
.294947699
.291681000
.265920201
.289661499
.259745500
.274379601
.267006900
.257726600
.285917100
.256065600
.263880300
.283647299
.295332500
.244833500
.251351500
.240580000
.287787401
.287293800
.262936100
.258661000
.259973800
.249143400
.285855500
.297054400
.304988300
.253912300
.264262100
.317591100
.318147600
.303895800
.258521500
.252907700
.247317399
.249597400
.305780500
.263645700
.296063300
.255311300
.275155501
.357803400
.256184600
.253029100
.250511700
.313751500
.254743000
.272330600
.302602200
.273989800
.262293299
.281856200
.290468000
.279432800
.274500500
.262348100
.260580300
.304049600
.284707000
.250677700
.259115000
.290422700
.302764300
.285630300
.252325300
.248014700
.249223600
.296867900
.246938200
.280724700
.258739700
.250964000
.301175900
.301675500
.294574100
.249282000
.257535600
.284884999
.241537700
.306997200
.257098600
.294193500
.256919202
.295529299
.247493000
.284988900
.258923300
.299555000
.300188001
.307656200
.285686500
.269349600
.260876800
.299108400
.259517000
.299027700
.244485700
.261039600
.247495000
.268295900
.304931400
.288320500
.257222100
.249018900
.314353000
.289423100
.242729700
.248593100
.247418900
.271282700
.261114999
.293504600
.293583900
.263091100
.242342000
.257703801
.248828400
.290659200
.249053300
.256648800
.248743800
.295709200
.270789600
.313600800
.247244200
.254148900
.310956200
.279922700
.285853600
.325534900
.258784500
.274776300
.253314300
.302871100
.250783700
.242433600
.239446300
.301154699
.248973800
.241186100
.255426900
.245005000
.251691801
.307838899
.283366300
.319126600
.255507000
.249752600
.296021801
.461667900
.271031100
.258458300
.250997700
.294334801
.358810700
.252512600
.261958700
.245706200
.290084699
.288497200
.248163300
.279829000
.249964800
.299928101
.258019400
.254999600
.281727300
.250455500
.238920500
.304771200
.292357400
.262066800
.238496000
.258288000
.247706399
.304046600
.249688100
.273217100
.239393900
.251868900
.244728301
.318264800
.279988300
.272002900
.248184300
.259411900
.302930500
.291443200
.254803700
.258701799
.263971100
.244089301
.251991500
.250957300
.255908800
.256029700
.238821200
.298042100
.297693100
.257892800
.237871900
.282052900
.308069500
.313985400
.282146500
.296531300
.261564999
.239711999
.280022700
.288980400
.265239400
.267895099
.247133500
.244981401
.313138000
.253112300
.252509300
.246256400
.287929899
.283600500
.314214900
.264977200
.240669700
.268221501
.303972399
.298132300
.286100300
.256247000
.252939600
.304229101
.282693700
.245475900
.293380200
.253589400
.269764900
.288051100
.244018900
.249835500
.236603000
.251963800
.286628300
.254109100
.282389800
.263949300
.246434600
.258128701
.290004500
.288600800
.242339800
.293788400
.265094600
.301237899
.278306900
.315003600
.248945300
.247764300
.284293001
.320326200
.324048500
.251078200
.255891200
.301492500
.279737900
.295002500
.256025700
.275696000
.246688999
.284532101
.261512299
.269746900
.255292400
.257356400
.256948301
.299598400
.264568100
.243450800
.279506500
.293282400
.263226899
.241834000
.257452800
.274442800
.251982700
.258972900
.263674400
.294955800
.265776000
.259376000
.250912800
.288416299
.322165600
.276370300
.256267400
.262758600
.294210100
.295810100
.241848600
.302430200
.258669900
.251191501
.256555500
.244530400
.253623000
.246553000
.253264100
.270816300
.300666600
.280640300
.251370500
.264693900
.241086600
.304190200
.271166500
.310065500
.261147500
.247439400
.252499100
.299487400
.247652700
.256845100
.252009500
.263170600
.287728600
.277725500
.245748500
.255242000
.260367000
.286496500
.248306500
.297644800
.262653000
.251828100
.268210500
.275436400
.287386600
.244939800
.257614800
.248206400
.259625300
.274770600
.248901600
.275364600
.242229900
.247600000
.296764800
.291584800
.301474800
.253033400
.308651700
.297468300
.606928500
.368822900
.408421799
.386242700
.343884000
1.555202001
2.229867000
.377243500
.265857700
.263481999
.256407301
.246487501
.310104900
.278469400
.263136000
.288890100
.245511901
.251271799
.281496700
.315057600
.261809000
.245611100
.254174900
.292669900
.282935900
.271037300
.248656200
.263568801
.296519000
.294940800
.251681800
.241767700
.299184600
.240674900
.294352500
.274337099
.252804900
.248883100
.243637700
.288568301
.266503800
.247474000
.251385200
.283092800
.247226900
.315522700
.291009000
.259900200
.248730601
.250558799
.246741301
.276050400
.250735200
.253565900
.262397200
.278698200
.293061300
.251748300
.245646000
.258841100
.247608400
.281935100
.314884800
.256837500
.276759200
.252653400
.287875100
.297769300
.288879100
.253136500
.246816300
.274755401
.277501800
.249356400
.249020000
.253496200
.250053200
.248082200
.316138500
.290799700
.256837500
.241733700
.258516800
.298882800
.310776000
.322487400
.265194400
.276244100
.285190700
.250836600
.250745900
.299466900
.244454800
.244945301
.297034800
.250127000
.247637700
.240836600
.247530800
.333984900
.263033000
.279817700
.249019200
.250480200
.242397200
.336669500
.280361600
.250704300
.304178900
.255305200
.284606599
.324963100
.260111500
.246266300
.241467800
.295841701
.255168000
.344223600
.271003400
.315701300
.296590500
.311049300
.283663200
.307506900
.250390000
.235729600
.240110700
.246668300
.281478600
.269422000
.244704900
.299461500
.273462300
.315413200
.256302200
.263695200
.307382499
.287106600
.271748200
.253769300
.249861100
.240820900
.244849900
.405502400
.316198300
.273066000
.265266302
.293132200
.266319400
.329335000
.251877900
.262587800
.289231599
.316216900
.297560400
.246459900
.244177000
.243248801
.299323700
.243768300
.282509000
.255930799
.238911101
.308622900
.281970100
.281943200
.244370800
.275994300
.250512100
.303205200
.277136900
.251604900
.290777600
.270386601
.279546999
.276554400
.249112000
.256309100
.242001000
.250042001
.273299400
.296453900
.257416300
.249786900
.242027900
.291220300
.282190800
.269595400
.243079300
.250727600
.242820901
.312062699
.301732700
.257210700
.237709800
.249443100
.274746800
.302459100
.319295400
.249186600
.255126400
.236671301
.276956800
.295288100
.285920900
.300819000
.241811699
.287159101
.315894300
.280127800
.260643500
.251888400
.279870100
.327388800
.247774300
.259690700
.241145600
.250476600
.310978800
.253069300
.247544400
.282436500
.252048600
.307465100
.249521400
.253479000
.261284400
.247062400
.269741500
.319757200
.297913200
.241758300
