.279330300
.267534399
.269595300
.275022100
.271868200
.259114200
.267766800
.268997200
.232241500
.268653300
.280045500
.283889000
.243263600
.313156400
.247258200
.290019800
.277390900
.228625200
.259760400
.307340000
.288522800
.263337100
.275272100
.303694300
.303424000
.276593100
.275902700
.276891700
.291099700
.283501000
.296390100
.299300900
.244824100
.272118300
.277214399
.268146300
.276633000
.263346600
.275425700
.298987301
.276503800
.285804500
.245403200
.274961300
.304493300
.301782900
.281562500
.279549500
.275188200
.303168100
.241387000
.225627400
.234731000
.233255700
.238143000
.240522400
.231694600
.261568200
.262954100
.245704200
.232614700
.230273700
.229747100
.230300200
.225060100
.232423800
.236627200
.249325500
.270572100
.265483500
.254495000
.236424900
.231631700
.236453400
.273509100
.270909400
.235116000
.242265000
.241240401
.243891600
.227842200
.228023600
.268984900
.241380301
.278025400
.241654200
.282959900
.234744900
.226960200
.244374900
.248132500
.237744700
.227591700
.233169800
.239386200
.272336100
.223780600
.232104400
.287556300
.274810500
.247776299
.233616200
.224594200
.225590300
.265019501
.282860600
.276203200
.241277200
.231020800
.230066501
.249120600
.297177300
.247839000
.231980600
.232807800
.269706200
.271492100
.231451500
.266312300
.234694400
.238525300
.235479000
.232977700
.261853800
.237504800
.262232000
.234701700
.267851200
.272535800
.233537000
.259971100
.235368400
.228619500
.281979999
.275162600
.264409300
.232389400
.229770900
.235668100
.233820001
.232264500
.331304100
.277725600
.244668500
.222982400
.271564000
.262670600
.268416400
.233691000
.246442100
.238027299
.235889600
.236595000
.226262600
.233273000
.228421200
.236939499
.264651101
.232812800
.270519900
.236141100
.234161200
.228165300
.274136900
.254043200
.234627700
.236701000
.232455300
.235640700
.265937700
.340697400
.250408900
.250804000
.232133200
.226353301
.271841800
.285860800
.227359900
.232920700
.232541500
.226988000
.292738100
.271818500
.240919700
.232605900
.231758100
.312023800
.267509700
.270175400
.242538600
.256716000
.243590500
.241146700
.237560000
.230519000
.234604500
.262290400
.234985900
.275841099
.229946400
.232833600
.236125700
.230202600
.245439400
.264121601
.249256400
.237531100
.243413000
.234910400
.240094300
.274558199
.268142800
.234607800
.238805300
.270336400
.240462500
.223599901
.271348700
.220664000
.233496800
.264696600
.239282500
.263600400
.290414000
.234070000
.235309900
.245772700
.239717400
.234042900
.273924500
.258846900
.280923100
.230985300
.223224600
.237677400
.283402200
.235239500
.228509800
.232024000
.229625899
.229049701
.249788100
.259098800
.232826300
.233200900
.233670000
.300938000
.273211900
.263135400
.245500000
.276611600
.276453799
.338889600
.250936600
.269880800
.230044000
.222539800
.232168001
.280889200
.262307000
.237313800
.234025800
.225495400
.279394800
.280828500
.285887500
.237940300
.233395800
.249705100
.293656300
.289871000
.221859100
.235609500
.229894900
.262206000
.269610499
.275450400
.234482900
.230906800
.231527600
.283526301
.276089100
.258153200
.280482300
.234598000
.243570701
.270131999
.233617300
.236381200
.375047600
.257431600
.279723102
.271689700
.269220699
.249460899
.235512299
.235262100
.282814800
.263966600
.237832900
.229886900
.231707400
.242784799
.292396900
.274761800
.237059500
.231599500
.244469000
.277585499
.231767800
.229251200
.235419300
.236821400
.231215201
.232743401
.244535700
.271393800
.262167400
.244346900
.256543700
.235274700
.237114000
.231659900
.227414000
.235096500
.235496600
.242820800
.235553900
.268572200
.273796200
.238830200
.230922000
.229284900
.245905300
.268654900
.234203900
.227711400
.218706700
.226341200
.266272300
.267767199
.269945100
.221556700
.236886501
.240567098
.230906201
.270191800
.239037900
.233129500
.231241800
.232225700
.230966900
.225620100
.285267200
.234943700
.251746600
.257773000
.227779000
.266357000
.232723200
.235616900
.236217500
.232596300
.235675200
.236331100
.230479700
.237632500
.235485100
.236811200
.238738700
.233191000
.239488900
.240270300
.236259300
.255909400
.243094701
.237052000
.231096500
.275919500
.252980900
.224040000
.222571900
.262151101
.253575600
.244652800
.227324800
.231936800
.231828500
.226195700
.276186600
.260640100
.227327100
.246498400
.233948800
.264299900
.244204800
.239102900
.240674700
.263705700
.238910601
.286151700
.232080000
.241911000
.237709200
.231510700
.236951099
.238098701
.270787300
.237006100
.237126100
.225433500
.239927900
.278890100
.280729300
.243520900
.233681300
.246193900
.237857600
.238740700
.254229100
.242075300
.239203800
.235929400
.241915800
.242739500
.288533900
.243475400
.234000900
.241699500
.275863699
.279914000
.267348400
.247732000
.244732900
.248726900
.267642201
.228980000
.277723500
.236972899
.232088600
.235940100
.233763401
.231032600
.269133900
.235282000
.239615200
.237289800
.233676700
.237821600
.235321800
.232495700
.238872900
.232415100
.303248299
.312902500
.247862800
.242913900
.240964500
.239226001
.323306698
.285862800
.254286600
.229053400
.232157800
.229772302
.265152401
.278365400
.234749600
.232107200
.233310400
.236362400
.283248000
.247617800
.235304800
.243607400
.285147199
.283625301
.258887600
.267072500
.244791200
.231791000
.244449700
.238229700
.234222500
.278663400
.230962500
.247772900
.251724401
.292931100
.234679100
.228606500
.235430200
.248094800
.232079300
.228061300
.256885000
.273566800
.253930300
.233003800
.230559599
.288230300
.274197700
.236364500
.238702000
.223298500
.228452300
.274692099
.311275200
.248817300
.233256800
.230925200
.234804800
.259653301
.228570400
.227724500
.268206800
.235829001
.242620899
.279256699
.274237700
.237676800
.225670700
.231095800
.236963500
.274367799
.232922100
.238386400
.233043300
.233103100
.245023601
.228941800
.274470000
.229980200
.236457500
.234336200
.231158000
.243579599
.238578300
.280107100
.243637600
.232680300
.236991101
.270491800
.237168700
.263354600
.236247200
.232208000
.241153000
.230149100
.281941200
.335564100
.259054100
.347440299
1.213929499
.653018701
.274337299
.239651700
.239001400
.239143800
.237882201
.282970000
.242973500
.241943600
.239295900
.236418200
.237695400
.233258900
.301271200
.274050100
.237377600
.226290500
.266004599
.266048900
.269159400
.240843900
.263523500
.234984700
.284350500
.265037300
.234135500
.249226200
.277673201
.222045300
.256974500
.260131800
.236794600
.230137000
.236276100
.237410701
.279023499
.221077800
.241296600
.227831900
.228597500
.238754801
.235155600
.218598600
.221144700
.230234800
.233409400
.281736100
.256272000
.272965600
.340707100
.243863900
.275823100
.231954699
.286192400
.268593500
.230810400
.234244500
.230715100
.233138601
.228554900
.280513500
.234508700
.233275300
.226901600
.231508200
.259418500
.234886100
.247277100
.233166100
.228934600
.232980800
.238185200
.292339100
.232158300
.263652999
.228652100
.263354001
.274103800
.267532500
.238989300
.235929000
.238044800
.233497300
.289331800
.246725300
.266230900
.255999500
.240762800
.271530900
.268192800
.230330699
.244310000
.232052000
.232399100
.314271001
.287718300
.236564700
.232370700
.265667400
.231799201
.266837499
.225776500
.262956900
.226534500
.230156200
.246251801
.232168999
.267804300
.284386800
.265968100
.272242400
.275635801
.237445000
.269342900
.252360700
.234266700
.256656600
.270507999
.265471100
.278164100
.269705400
.236799500
.241866800
.236290301
.226370300
.237954200
.231850800
.238474400
.237679500
.273920699
.276092900
.269911300
.237772300
.235551100
.265502102
.242270300
.279500400
.247195700
.231724100
.233674400
.234119900
.275923800
.234116600
.235336500
.228277300
.263722600
.236239800
.277384400
.284606100
.261425600
.231625600
.231182400
.238029200
.234626700
.310254300
.234110200
.241270900
.234145200
.232368200
.236529700
.262152700
.265789300
.230639900
.225456200
.232927199
.273901699
.303050500
.238410100
.266189000
.246467700
.277418001
.266847800
.236673900
.229130600
.250829200
.236893300
.266054900
.231611200
.266191700
.227787800
.230947300
.231947200
.286415800
.276225100
.264291800
.254202700
.247957800
.242560200
.228015900
.240009200
.275002400
.235855300
.229842700
.243556700
.272764600
.272253500
.270360000
.258680900
.232368800
.226458900
.241335600
.231471100
.221897900
.245678400
.224647700
.223886300
.228532400
.280242800
.240649000
.228382700
.235061700
.231179700
.261744500
.236501000
.223016200
.232482400
.264978300
.237644500
.228314300
.265204600
.266388900
.237187000
.234881000
.248074800
.285165200
.271249900
.261692600
.225353900
.239061100
.229482101
.259938800
.227213000
.230824200
.236691300
.231928000
.253159101
.277473500
.235571899
.261687000
.237833800
.227894900
.239850100
.266511801
.280399100
.268140100
.230377700
.243785600
.242417200
.231578800
.264196400
.243822000
.233010800
.296654100
.249935200
.274717600
.272219100
.268647500
.245159400
.241017300
.233147400
.225933700
.230400700
.267313800
.234920700
.228429800
.261142000
.239932300
.236270300
.238703900
.239458700
.244911200
.262687800
.277766900
.238004600
.231099700
.258910800
.234697400
.275997199
.230643600
.283249300
.225707300
.236767500
.224470400
.232442301
.263085100
.266112200
.228775400
.246483200
.239269400
.271153000
.271742300
.231315800
.254983900
.235868900
.221293600
.263663399
.236076900
.236935100
.231154300
.236666100
.234929300
.233463201
.233546300
.242587500
.229747400
.240513000
.234544300
.364272800
.232866800
.233951500
.277514700
.241468700
.242595200
.231625999
.236388000
.237403400
.273296300
.236331000
.237696800
.266380000
.370415300
.239869900
.229914400
.243032000
.271782801
.281257200
.282681900
.229864500
.241151900
.232161900
.232579899
.232477900
.231972800
.235895500
.229332900
.225074200
.263483902
.234258201
.241123400
.230715200
.241861300
.248030000
.238873100
.281544699
.276047600
.239719900
.229754800
.234521900
.248248801
.262911299
.278754000
.266110600
.226836900
.235405500
.230136401
.280051299
.273901800
.232378200
.227883500
.232343500
.234822001
.268590400
.229897900
.272105700
.230187200
.268603500
.223122200
.280137900
.270729200
.228039900
.236939701
.234222100
.233914300
.240222600
.276287200
.239311500
.244439300
.251223400
.238119600
.241853100
.237177400
.234586500
.238111500
.243907300
.278035100
.277918500
.259345400
.266985400
.238306100
.230627500
.311517199
.371953800
.290629200
.242937102
.238904700
.278470000
.277081900
.246849300
.225700600
.272761700
.229850700
.268954499
.221786900
.230654300
.238021600
.237294500
.242603001
.266633300
.243907900
.232463500
.240619900
.229734500
.233098300
.231751600
.243106300
.231292600
.257281400
.272641900
.266060900
.247568500
.234017600
.230738100
.231739200
.229088500
.224581200
.273687399
.224848700
.238058200
.237962500
.231533700
.233891800
.231090701
.269255701
.292410900
.251096400
.235701100
.249196300
.289710300
.274018800
.230271800
.228295900
.239984000
.229457300
.267220700
.273482200
.265650600
