3.265281499
3.702968200
3.756998900
2.129739000
2.267369301
2.067151200
2.358793500
1.960398200
1.578332800
2.727468600
1.806606099
3.075512000
1.861748900
2.980099800
4.606893200
8.463248900
17.157532999
1.875314900
1.961375100
1.659564200
1.679031499
2.063805501
1.249635200
1.011445700
1.298841999
1.123018401
1.417645500
1.970528999
1.096209501
1.622045100
1.751116700
1.527924199
1.083532601
1.394486400
2.133016599
3.770625001
4.144395199
3.894466500
4.762470101
5.612580299
5.137726701
6.244878199
3.420231901
2.310607299
2.858682101
4.354389000
5.526140400
5.241865199
3.672615701
3.751369100
1.844101100
6.437335699
7.870655401
8.572809100
7.116354900
8.532823001
31.145934900
1.056509100
1.508958700
1.377429900
1.284139600
1.522710400
1.687440699
1.898305200
2.207963901
3.315748100
4.213513100
2.676255500
2.828346199
1.979448901
1.880513600
3.608299599
2.696373401
2.657348800
2.151460400
2.265965499
8.846606301
4.214139400
1.615340400
3.811683000
3.335933900
2.881491100
3.785210300
6.104941799
2.815640001
4.100672000
3.883163200
3.287091100
3.386808000
4.550882200
10.719725499
5.654187600
6.616100200
8.992526601
.996091600
1.138459800
1.045352100
1.224629300
1.198639800
1.118496300
1.696763000
2.726421600
2.968887700
1.957402099
2.537191201
1.783643599
1.690332501
4.434068600
3.905364600
1.725132400
2.050598400
1.848384400
2.859338200
3.237474000
2.783933400
3.120869500
3.620001300
3.555968400
5.135719099
3.729073401
4.865425001
2.920068700
13.824203700
1.026589500
1.448064400
1.282469700
1.224417101
1.451066098
3.174396400
3.357881900
4.747259101
3.985187200
5.023012100
3.894879200
2.021638900
3.775568299
3.313743201
3.520015200
3.351405000
5.706683200
4.301030700
3.144959300
2.910593599
4.319478001
4.698570300
6.000541700
6.266669300
4.448417100
5.069448500
3.865549700
4.066010599
7.725880702
7.036481700
8.456383600
4.477943199
2.329483300
7.497787001
4.261757799
6.469830801
3.901383800
5.514009700
3.074612000
2.496360700
2.927447199
3.124560500
3.650787401
2.653649500
3.478967300
5.307584000
5.223581200
4.170208900
3.986719000
5.431654600
4.483227200
5.620378300
3.453370700
3.405830000
4.515477899
4.576406001
4.973825200
3.496182800
8.707997100
19.367989600
1.902920600
2.008117099
1.849791801
2.705837001
3.873464900
1.891710600
1.645380400
1.449235100
1.188209300
4.516350400
2.938435300
3.850559600
2.612774100
2.874535100
3.603708700
3.244954700
4.704228400
3.304739700
1.691329400
2.153584199
3.171188901
3.646259300
3.688637001
5.350898800
3.238091100
3.846171399
8.282816401
4.785163000
5.863282800
3.379756800
3.792814999
3.234648101
2.056894600
6.230059900
4.844997900
9.600778600
6.613360000
11.886881800
12.956355600
28.748047099
1.401764001
1.607848699
1.849447300
1.971490700
1.742721400
1.468378900
2.587069800
6.579438800
4.269058700
3.075713500
2.662081199
3.166820001
6.170555500
4.059993200
3.461022300
1.599667700
4.001785300
4.450504900
2.290348700
2.293351600
2.953420000
2.420839600
4.274845800
5.603429200
4.512197900
6.646540300
5.457134500
2.716394600
3.570867600
3.698342700
16.758783099
1.631968301
1.624696100
2.441686800
3.668357700
2.741246700
4.159888500
5.512990300
3.947091100
1.295197200
4.521120400
1.723196500
3.400202500
3.001612600
1.497808999
2.814966801
2.504562400
2.693269800
2.184272599
1.641537300
2.957059000
1.849435701
1.864197700
4.829578700
3.324860800
4.925736100
2.190894200
2.782101800
5.317987300
5.518896000
16.876638700
1.851323400
1.685796800
1.673749900
1.951023600
2.024944401
3.563101000
2.382268600
2.837840200
2.526613700
2.597570000
2.062609700
2.788633900
1.809806500
2.179960400
3.747980200
4.580281600
5.318806800
1.718735000
1.959407900
1.669858900
1.817535000
2.562287800
3.212011600
2.984619100
4.603790999
3.003209499
2.938992201
7.508579000
18.507603900
7.249866300
2.409582200
1.581337400
2.616883900
3.596374700
2.762470200
3.013304100
1.418986099
1.365043801
1.481231100
1.432238000
1.446141000
4.089851101
3.203664899
3.312734100
2.680807199
2.488806800
2.606799901
2.430845399
3.035740200
1.630677802
2.107531299
2.085322501
2.065039200
2.623570500
2.092731299
2.781105001
1.648909800
3.089105799
6.952150901
19.860344300
9.196765200
2.174450499
1.929041501
1.703463099
1.591827901
2.711874500
1.433832100
1.142725500
1.758110400
1.214996500
1.688449700
2.198387100
2.033131600
2.418215100
1.107046600
1.017516900
1.561900099
1.775901801
1.809634400
2.319881399
3.376519801
1.863691000
2.744710799
2.768922701
2.663415000
2.318350000
4.902604900
8.109276200
7.148955400
1.319047300
1.189801100
1.283557200
1.294766200
1.609029900
1.481938600
1.256610600
1.600894600
1.590643500
2.213020099
1.170256700
2.221422401
2.667017799
2.227794800
.949595899
3.437984101
1.899280500
3.614683900
3.318988500
3.134653899
3.577112701
5.410450500
8.071067800
4.636645800
4.530563200
5.179266700
4.295674600
3.864059899
3.596727201
6.069735900
5.380431900
5.978656600
6.700844700
4.364572100
6.002725800
14.175835300
22.465078199
.955128601
1.189678501
1.278133600
1.313406899
1.550604501
2.012846600
3.779576900
2.612202800
3.462934099
2.538194901
1.736335999
2.518874800
2.338940601
3.105697300
2.335538399
3.927170100
3.146484601
3.712441100
5.266934700
2.685764900
2.503833299
3.138916001
1.959220200
2.571355500
2.621364600
2.927289300
4.491029099
4.097448001
5.143138600
2.684737700
4.291455600
5.574322200
3.155493199
3.084803601
21.565686100
2.425796100
1.065400200
1.367118000
1.380567901
1.112748300
1.257423500
3.143847100
2.138655299
2.815354901
2.452795701
2.685078100
3.676107400
1.722332000
2.366830100
1.778828600
2.220136300
1.441104100
2.933673299
1.416143700
1.776694601
2.187591500
2.879331700
1.855243400
3.682820100
2.389353800
3.406053700
2.853716000
3.887311501
6.925420200
6.893220400
4.032049800
15.083052600
1.673688600
2.024111799
2.015903201
1.959601000
2.776581700
2.000747800
2.559280200
1.800330200
1.061656800
1.087339200
2.440792900
2.244348400
2.188477201
1.725567199
2.053048401
2.133953400
1.629432700
2.392076900
2.346323500
1.338096800
1.783965400
2.559772300
3.094418600
1.774974800
2.201859200
2.681058300
3.116251300
4.712908900
3.878773700
6.372978099
7.799994601
5.099388100
22.697166099
1.315879701
1.468403300
1.178139300
1.562106400
1.375562799
.868493101
1.103716200
1.176773300
1.451614700
1.927315099
2.375169001
1.002481300
1.450270900
2.636247700
1.136393200
1.356432700
1.975139200
3.226020400
2.004698299
1.965061000
1.974251101
2.068967000
2.695010300
1.550515800
2.075681400
1.927176600
2.834247400
4.477044700
5.354580500
4.865430900
4.370454400
14.116444800
1.555107400
1.448059199
.940649600
1.996910500
1.644861301
1.440622700
1.969304500
1.728280300
1.225343200
1.735628100
2.150713500
1.787607700
2.739919700
1.272919600
1.908663099
2.448079801
2.106399600
3.000673600
2.439572800
2.732238700
1.933637500
3.862713400
3.139961100
2.407694300
3.014082100
2.107987600
5.225534800
2.168054300
3.653817300
2.128003600
2.966732900
6.810890500
5.741206200
23.429253500
1.204669901
1.571192800
1.047080699
1.281410601
1.106241800
1.500639199
3.131791700
2.007735301
2.338811500
2.424532000
3.008805899
4.098105801
3.220797100
2.392452900
2.580080900
1.514090101
2.371809800
3.092963801
2.208042500
3.519150900
3.069550600
2.560725700
2.963380400
4.182672000
5.991293600
3.686890900
2.211003199
3.404928401
2.695651900
3.268822900
4.092093100
3.639712400
11.976285600
1.051095599
1.289244300
1.182610801
1.713708300
2.204248300
1.066179699
1.375619501
1.572311300
1.834982500
.853471400
1.391007999
1.060949600
1.930224901
1.297554600
1.572634899
1.428611601
1.969355700
2.569897000
1.629301900
2.613893399
2.320516500
2.459095301
1.201166700
1.853225500
1.673677900
2.855997400
2.134891900
1.880353800
3.574869200
2.727611600
3.616182700
2.974841700
3.230565900
6.063059300
25.958530999
1.229130700
.902838699
1.230642601
1.148914800
1.259100600
1.502124299
3.904112201
1.758892200
1.605457899
3.069237801
2.719770800
2.400548100
2.286506000
1.825382899
2.383688501
2.187406000
2.350854800
2.283366100
2.414783799
1.674028901
1.842492699
2.825097501
2.120386399
2.012929701
3.841912700
2.061929600
2.654426600
2.761878699
2.110653001
8.780166000
5.664970500
5.963481500
3.921058299
10.375127199
1.883887101
1.477641500
1.523383200
1.643690900
1.941086300
1.482994300
1.327013000
1.746434600
1.411534299
2.077236501
2.133356700
2.223208000
2.671829500
1.657669500
1.688902000
1.653061600
2.421863500
2.319130800
1.828618500
2.994562200
1.426170200
2.065473400
2.912040000
1.199012700
2.635400700
1.510460900
3.286692100
2.873991699
3.944795201
2.673902800
4.991174999
4.226242500
2.701035800
3.554660500
4.922313300
5.824438500
7.060355100
4.039531200
4.297049300
4.568333900
1.040655500
1.146936000
1.647349700
1.332851600
1.109200200
2.279229700
2.595825500
2.193219200
1.724848700
1.930158100
2.652389499
1.653635401
2.774350900
1.802785900
2.845259200
1.988280800
3.212298099
2.084152900
2.285841701
1.931592100
2.603990200
2.139430300
2.247069400
1.880516400
3.240509099
3.591648301
1.864337000
4.900609000
3.940046600
5.574861700
4.339580000
3.711728000
5.399226300
10.046256499
1.213954201
1.316651400
1.626862600
1.211585400
2.094168099
1.859455601
1.636636300
1.423860399
1.637432901
1.477922200
1.445196300
1.745757699
1.905578801
1.474798100
2.556970900
1.688725000
2.502434800
1.382794299
2.578847800
1.480707301
2.017006999
2.734528501
2.263123200
2.565767100
2.108581200
1.592906800
2.148173500
2.537584200
3.730994400
7.565330200
2.762167400
4.046274099
2.714772601
3.766266100
17.405671800
1.659723700
1.548296700
1.710780600
1.503788700
1.537886700
2.853174900
2.155316200
1.621055399
2.262221401
1.386888800
1.469582099
1.319002101
1.297842000
1.967735101
1.392618400
1.158912300
1.633363100
1.727512700
2.386427600
2.716931500
3.737794400
2.000360800
2.662901700
3.204252000
2.587847200
3.115221800
1.386144700
2.500008500
3.474890300
2.566456600
3.334996900
2.573575799
2.941343001
16.187611200
1.339819900
1.381905300
1.540292100
2.092513400
1.080252102
1.374818900
1.609825100
2.182423200
1.580679600
1.206356300
2.238621900
1.996962400
1.934511200
1.176430000
1.563747399
1.483547001
1.548058900
1.611165900
1.238775499
1.579258801
1.885187199
2.126173900
2.003284901
2.847507200
2.005328800
2.227692200
2.148155400
3.643246400
2.823386100
2.286103199
2.385129000
3.168429100
3.452226900
2.542603500
3.832182100
4.202114700
7.947465400
5.067651300
4.107906100
2.547902199
1.153710201
1.319930400
1.829133800
1.430771000
1.593678699
1.064672901
3.207475200
2.252320600
1.927578800
3.604415700
2.988253700
1.998816201
2.119669500
3.333876800
1.656128000
2.091269400
1.686161500
3.094711000
2.011177499
2.169314501
3.384310400
1.931942900
2.299718799
3.533421000
3.586188901
3.812235699
1.969535200
2.281460801
1.917725400
5.830312100
4.492075400
6.467153399
5.944276501
3.622439900
4.797806800
18.712945800
1.337479100
1.224568899
1.123107301
1.433184199
1.625100100
2.963676600
2.237740701
3.242289400
1.524651300
2.416201500
1.651413600
2.732220200
1.534713900
1.396399500
1.639863699
2.973547502
2.278270900
2.161798300
1.966708200
1.618927400
1.851880000
2.869362900
2.593348000
3.660238699
3.460277000
2.169146200
2.820260101
4.355438799
1.725602601
4.458294699
2.810544800
2.027508000
2.462763901
3.193118300
11.955673299
1.581164401
1.238671400
1.454824300
2.168308399
1.213635701
1.591464400
1.839407200
1.147831400
1.507940199
2.781810701
1.819180099
1.080669000
1.960951201
1.762295899
1.753501601
2.058747400
2.170464500
1.852196300
2.127139400
2.012794400
3.208856199
2.561062701
2.245767800
3.619757099
2.096837901
3.487877200
2.214790101
2.473233800
1.559115800
2.303977201
1.330628400
3.718146700
4.644831400
2.306590200
3.881677499
4.675712500
9.658689501
4.224284500
3.598169100
2.066770100
.933232500
1.549297800
1.183548100
1.557104400
2.387102700
2.051319600
2.309715500
1.975951800
2.131120300
2.538175400
3.213198300
2.316778500
2.785399500
1.610563599
1.910311301
2.472867700
1.588903100
1.778287101
1.895638200
3.756838200
3.229376800
2.295641600
2.954209800
2.330350700
3.317607300
6.312255399
4.461366100
2.362201400
