.294563000
.338227500
.325097700
.314233600
.301099000
.362299000
.319428900
.312512900
.308577000
.374625700
.324638800
.344116800
.333614000
.364030300
.345281000
.319301500
.331256500
.318679699
.353609900
.318782300
.286297700
.311384600
.349274300
.331123900
.315994100
.350275001
.338677700
.373475100
.326443400
.318351100
.326263200
.322735199
.336523400
.269186200
.306470000
.304529100
.327749400
.304121300
.360972500
.324701900
.327748300
.329110600
.312091900
.325032100
.331794300
.353720800
.453422900
.331239100
.302625000
.408384700
.313139300
.264646300
.266420000
.255729799
.312256400
.310920900
.253195300
.267203500
.303479600
.357517700
.293031100
.314372100
.297966500
.308370000
.251881600
.311072300
.261641700
.259060100
.259190800
.294860499
.331983400
.261952300
.289682600
.249790500
.335454101
.320934800
.329453400
.305951100
.333698299
.323282800
.307613700
.336968900
.293337000
.315871601
.294486700
.298486400
.291955800
.284899200
.311551000
.289546600
.332866000
.276974900
.261377500
.299303800
.328422900
.348531900
.273154300
.298732600
.308638600
.412730200
.297640400
.258067900
.298731399
.284533700
.300173200
.285857800
.287073700
.260895601
.315489700
.304533600
.255010600
.306624400
.273512701
.324299699
.299152400
.256637600
.259545200
.262537900
.336567501
.314736400
.261151700
.279432500
.258320100
.306111800
.320265000
.322439100
.266209900
.304719700
.313761299
.322204500
.311123500
.321074000
.262022901
.287675200
.316179900
.312109500
.287827900
.305052000
.296126600
.313362900
.281488700
.274319000
.320869299
.310331101
.292912800
.307377600
.298820700
.263226000
.322524100
.394885500
.274391800
.263302000
.308735300
.308090100
.270079900
.285842000
.254400400
.276274300
.309062600
.290034700
.269390600
.286978200
.289013599
.314764000
.343355100
.322643300
.316764200
.310602301
.280140400
.316256400
.264607100
.249601900
.254076200
.316203300
.316885600
.264794100
.303502800
.305527300
.256842500
.300470900
.317921100
.259785400
.302771500
.287264100
.307072900
.321183600
.307576299
.263540300
.276509001
.329364200
.296794700
.256088300
.256058500
.346448700
.267473700
.253138800
.302893200
.284343800
.304073400
.287298600
.265881200
.300813800
.252913400
.311623300
.303431600
.295317700
.284041600
.255406600
.292005800
.292544400
.361638300
.269110400
.255146900
.319808600
.255295700
.310312800
.274441800
.258497500
.289308700
.307108000
.289512300
.294988000
.310783900
.315866600
.311987800
.312448800
.250382500
.261345400
.265885900
.308378700
.269906800
.293775400
.271842000
.283063101
.327363700
.308317100
.298744900
.249999200
.252531600
.308203200
.281675000
.258218300
.284096300
.294348700
.294224600
.340695000
.280224600
.309721700
.256484100
.315651400
.263156600
.284669100
.253868100
.317712800
.313450900
.326689900
.292137500
.330406400
.262140100
.252788100
.297173100
.312986900
.283757500
.270315600
.310636400
.324710600
.343832800
.296763100
.256822101
.326900900
.322470700
.263568000
.266831800
.256226600
.303957000
.319774000
.300256500
.309332000
.256563300
.346200300
.295388100
.312747699
.255171000
.290472002
.316126600
.318709200
.247411900
.295288900
.259192000
.305450500
.273611100
.254115900
.306434100
.288704500
.305700399
.302584800
.319629800
.307917500
.261476000
.294651600
.303443000
.300539700
.314238800
.305188400
.375248600
.400022001
.377740900
.731265100
.801279300
.417724800
.442176400
.320266100
.289175300
.253718000
.304163700
.302556600
.278710000
.313589000
.298932500
.291282200
.302253100
.298386500
.256231500
.267837700
.294624700
.260990600
.315468800
.307838700
.266182900
.307478599
.334543100
.308460300
.266486200
.253985000
.322078300
.304694400
.309698100
.290814102
.271529201
.327705100
.319297700
.258168100
.316500200
.287282700
.327449300
.307474900
.286133200
.260289500
.252225900
.304651800
.303580400
.317361300
.291264200
.268194299
.312865201
.274395900
.301269000
.281856800
.302909000
.282338800
.317175300
.327509700
.283669300
.268317300
.327698299
.299017400
.273058600
.298289400
.272637600
.278812100
.282510800
.319422700
.303263100
.260967100
.290429500
.315261000
.301859800
.284697000
.264672400
.290092001
.312070000
.304218700
.317389100
.300502300
.315894100
.293368700
.256102000
.296219900
.245716400
.252596900
.291638700
.357832600
.314636300
.262934000
.304008299
.327288200
.321078900
.259215900
.306609800
.332172600
.301926000
.316013201
.259660400
.267001700
.313337999
.311505100
.315134100
.259176100
.302318500
.340784000
.282606800
.289681600
.308446800
.266282700
.340869700
.325089800
.308428400
.301311600
.272035300
.367624799
.283725800
.302415300
.255076300
.296955000
.312429900
.355318500
.364759300
.337365000
.319515400
.315083600
.315124700
.273075700
.252111700
.285674301
.307389900
.288129600
.256726900
.259496800
.284185099
.316099800
.250571000
.249587800
.264699300
.295166300
.294239501
.295378000
.295905100
.268340400
.288820200
.327324800
.300426500
.298166400
.271621300
.255495900
.301802199
.322855200
.300218300
.304024400
.251052000
.327344300
.340516100
.294404800
.293397500
.263232601
.298711499
.303694200
.269594700
.285853300
.268947600
.334204400
.316529400
.297101700
.256162500
.263466100
.290607700
.379163500
.268944400
.261382800
.248216700
.332150800
.273722600
.251832900
.321970400
.299730999
.312520701
.307060200
.264266700
.307880800
.305371300
.302354301
.303984300
.308207400
.306239499
.265890699
.287705400
.303264500
.292232100
.258246200
.258421400
.304785800
.327434400
.265281200
.264165500
.295558300
.301094900
.292490500
.308771300
.289654600
.274987400
.285424099
.336870500
.311150600
.343068400
.286895601
.317525200
.303499400
.309510000
.256050300
.277448900
.288901700
.346138000
.286547200
.304683500
.303538399
.317009601
.304756900
.302203000
.301673800
.265506700
.301505599
.391963300
.327924700
.261238700
.253094501
.310486600
.327027600
.354545800
.275290500
.261334600
.293127600
.306562600
.260819200
.250798500
.288932901
.307593200
.255071101
.293641099
.293961400
.271047600
.309677298
.315058600
.292939202
.256189300
.253063300
.325318999
.313216800
.300946300
.264676600
.260692700
.312064200
.307198600
.312271100
.253056200
.299845200
.326866699
.322499600
.290243100
.261748000
.299710400
.259504201
.309889500
.290608600
.300843500
.256994700
.316665500
.303038000
.281960600
.270365900
.253902600
.306572200
.324523300
.282323100
.262650800
.268672600
.259049999
.296301900
.303718400
.259819800
.266683500
.264403801
.311969900
.305324700
.253765900
.256334200
.246321500
.319055699
.310883000
.311123500
.256198000
.290349300
.324998101
.311741000
.289238400
.282631400
.259520500
.313318099
.316959600
.270297400
.253511800
.272969600
.302115301
.313241100
.255130600
.299796100
.256808800
.307408899
.306383800
.308281200
.299542000
.326032300
.326209500
.280333100
.283491300
.306287400
.308475100
.310676000
.298326600
.294750200
.276783000
.422836401
.296330899
.267669400
.240361800
.317758400
.314068700
.312673800
.334975300
.255192200
.255768500
.304653000
.301843000
.280213100
.302391200
.311536900
.291769000
.298953499
.254473400
.316400500
.306683200
.262295000
.312015901
.327461400
.269777300
.288757100
.297636700
.256939500
.311658000
.306117200
.291102700
.258446200
.273551899
.284480000
.325576800
.261311100
.260039400
.291193001
.324334600
.319417000
.276273000
.264946700
.306962400
.323347500
.300117800
.264930200
.294579100
.251432300
.313808200
.296076700
.293179700
.277128700
.256802800
.289256400
.315889800
.268132100
.248569700
.279338800
.302559000
.319638800
.284954100
.264985500
.266134400
.315423900
.252205300
.272271100
.307420000
.263228000
.309280900
.302798700
.308760500
.304224100
.252636300
.302482799
.359508900
.280803400
.257566700
.274021200
.297176600
.382864200
.300189700
.298182100
.261157802
.302323700
.311095200
.283174800
.311693200
.276264300
.280852200
.265754000
.251813700
.304454400
.301414500
.307346599
.328224000
.313186400
.279948401
.268141300
.304516700
.326308200
.266206900
.254309100
.286769600
.315938999
.305335200
.280787300
.270873200
.288106300
.356952700
.311819200
.308940900
.290413600
.302981901
.339561199
.295884100
.285398300
.290190400
.289631801
.269887399
.279090000
.278015800
.294940700
.291959500
.300583101
.312447900
.266436600
.311427200
.272639500
.318513299
.306256700
.318022500
.297973800
.260829800
.282737601
.297881500
.298979300
.253485900
.255666600
.290636000
.308233800
.316902100
.291316100
.321505500
.332270799
.370461800
.368621100
.257159201
.260046199
.317376200
.313491700
.289080000
.254630800
.257841700
.287353000
.323360300
.301142700
.283449700
.305118300
.267647400
.320688300
.263699100
.265128800
.278754498
.308740000
.307625400
.284098000
.292017200
.251770800
.314338900
.292911700
.288533599
.256108300
.277356300
.308965201
.314229000
.305271400
.270290700
.328076800
.323460100
.327975800
.266608500
.313454100
.255152700
.300723300
.311059800
.291166000
.343853700
.252272200
.296322100
.301673500
.274056300
.288570800
.266522100
.350367200
.269479700
.276206900
.319150900
.285139200
.318187300
.302814100
.254916600
.305107700
.264755100
.302190600
.304884700
.322763200
.274958700
.245952400
.293712699
.326518000
.285175700
.279377700
.258092200
.302796901
.293072900
.267060400
.252463900
.256036000
.285691100
.321066000
.291485200
.266959100
.260441400
.255654400
.293138199
.330638800
.282631600
.280097300
.292250400
.307172100
.265851300
.289248400
.297789800
.267639401
.287747799
.305266100
.271905600
.286446300
.256161200
.305742600
.287300800
.296708100
.299063000
.389910500
.289954500
.320080800
.334054300
.288888700
.260719700
.304377000
.296206000
.263631600
.295609600
.307213999
.302204901
.300411300
.261522700
.269121600
.247866300
.297166200
.284006200
.297387000
.272590800
.266453600
.256673499
.341333700
.330248800
.269845400
.250201100
.274476101
.307859800
.302561100
.262810700
.283050200
.254540701
.293018301
.310555400
.275890400
.257187800
.253406600
.254172300
.311822200
.299109400
.326025000
.257892000
.312783900
.312283100
.302641100
.255692900
.283052800
.320094100
.308776400
.281167200
.257748600
.253254100
.255939300
.312749900
.344656400
.268911400
.265797800
.265446799
.316056900
.304968700
.269487200
.262861000
.261888301
.314803901
.319664100
.261515300
.314752000
.255526101
.250214600
.311959800
.305307300
.259856900
.284034700
.318958700
.339132000
.309644000
.255489700
.256010000
.323143700
.260203000
.259010100
.253704000
.314688200
.290628200
.252364400
.279951000
.304392300
.253852800
.251623801
.326702200
.326985300
.299504200
.259721400
.259175200
.305420800
.289884400
.314842900
.315792000
.295887800
.292864300
.319397300
.256815300
.283342600
.251846701
.306810100
.304560200
.302869400
.293520600
.258393201
.254268600
.305794300
.270479300
.327556800
.268288600
.297861800
.305673300
.291330900
.257543600
.262177800
.309900599
.311159800
.264084200
.324261200
.257860600
.337698600
.314027500
.315503100
.251760200
.268143200
