.530453200
.418272700
.448661100
.394087400
.601244000
.492789400
.407677300
.389012600
.578457100
.428837600
.502198100
.468620999
.562290000
.460591300
.387781501
.438901900
.540180900
.434230899
.391854400
.471902400
.501379000
.403283901
.558796600
.404329800
.585359900
.425050700
.408040300
.434852599
.567888400
.434730500
.440772301
.523602100
.531473900
.431249800
.433904800
.481262600
.545802700
.397451300
.411263700
.460302600
.551989400
.492120700
.504980800
.393650700
.685823500
.400943300
.464189400
.431808300
.567988600
.459110100
.455403600
.493516200
.587574501
.422816000
.494599600
.439464799
.597517600
.448742900
.401143501
.458682900
.548513300
.458155900
.445891800
.474262000
.530419600
.476884500
.447209100
.471250100
.535227900
.387249800
.416929200
.435750900
.537998200
.506586400
.415423700
.447015100
.527414700
.461275599
.409950600
.419132000
.592495499
.446528400
.419622300
.411093900
.556460800
.477915701
.496325400
.390618700
.528569500
.486717800
.426828900
.428709200
.526783700
.451504700
.379876500
.460303400
.547338600
.489593100
.402878100
.423865999
.509690100
.403665600
.425228400
.472481200
.524515600
.384812401
.486219300
.450933100
.492537700
.460826000
.467360200
.373098900
.565841600
.403858800
.477544800
.438319900
.541456300
.471892600
.454886399
.489614500
.482043900
.460981700
.422912200
.471358200
.543847301
.479901400
.455513300
.428317200
.566757199
.411940700
.421616300
.456322900
.520499300
.423665000
.431221600
.418300700
.528927900
.418576801
.444686900
.489655200
.529969299
.410745800
.425515300
.455611500
.538345200
.355760200
.444149500
.401193600
.553294701
.482781400
.483654400
.430933700
.584106600
.422603600
.421679400
.407550100
.550256400
.487558300
.409471500
.392378200
.533858299
.461778700
.466828500
.469031301
.524929600
.470359700
.432915900
.371289000
.569703700
.399827900
.415113600
.401690300
.552618299
.472888700
.445559900
.372913100
.615986201
.404774000
.387559900
.483598700
.585675900
.443167700
.405957899
.484128200
.524720100
.457638301
.390165200
.470908000
.504275499
.420577400
.482820701
.435033200
.600619200
.464536500
.478521500
.443530300
.525685399
.392765702
.434201200
.448428300
.531404600
.423717400
.452043000
.389045500
.526116000
.422040600
.427969100
.439551399
.553236000
.363739100
.366307500
.497403499
.494652800
.427364900
.499671700
.428221100
.586810800
.454958801
.476795700
.431511600
.561041400
.437485900
.383689900
.443817500
.502998000
.432918900
.464049200
.445857899
.543498700
.455498000
.410310301
.477301000
.505249400
.443017800
.535030400
.400863800
.569411800
.499587100
.430649700
.382714600
.617507800
.403382600
.420763200
.475302900
.544287600
.454796400
.385076600
.389720200
.514962300
.469372299
.490947200
.415474400
.566925000
.458113900
.368867600
.399517901
.644895500
.413280100
.473343100
.368736300
.563083200
.409273600
.472182399
.433773500
.558717700
.371832200
.525349200
.388246200
.696357700
.457137700
.496275900
.447119999
.761314900
.421341200
.466962700
.403959700
.487206700
.423808801
.406791100
.416388700
.580156700
.439542100
.523346999
.431111400
.533094100
.406031101
.418919299
.425359700
.494804000
.376111200
.380632701
.462798600
.519666200
.426908699
.461848100
.409699600
.493835801
.435898000
.411683000
.405501300
.682670200
.334283400
.460114000
.433452600
.539578200
.409599700
.423588500
.437969600
.598199200
.430838099
.379724300
.456697200
.521130500
.472674700
.434325100
.483117301
.522887100
.475289800
.445222100
.383832901
.541554600
.463177600
.448792100
.442307100
.527795200
.383070800
.425900000
.438989600
.530108700
.420252000
.424020800
.489108900
.524338800
.414659600
.417085200
.412660801
.498895500
.420208600
.429847000
.462876800
.442179800
.439169901
.463463300
.392713600
.503172200
.461559700
.419672300
.394500600
.520059400
.471619800
.474374000
.481339000
.413303100
.410760000
.431648900
.386287800
.419340800
.476568000
.451707500
.439127000
.419157200
.378934200
.415753900
.427667000
.526195100
.456761000
.432096200
.411348600
.554748999
.433985600
.397319500
.451512501
.457434900
.433458700
.392475000
.499434400
.480050100
.439759700
.425397600
.435560100
.495494899
.427429301
.426236400
.411983200
.488925000
.379571600
.398066700
.397432300
.493704500
.404716500
.419471300
.373400400
.505305399
.432873500
.414853700
.439208701
.474849700
.459756200
.446726700
.478647100
.445416600
.377546200
.445704799
.418332300
.430487800
.449580700
.408282000
.440676300
.474781700
.395460401
.401012100
.482296000
.532792799
.502292900
.412097700
.437287901
.474310800
.419417700
.403766200
.451586800
.450910800
.422946600
.467886299
.416402700
.425252500
.423953101
.499260600
.409409200
.480989000
.393335400
.419712500
.452896500
.400679101
.462541500
.403922500
.423850999
.453449500
.443654000
.403418499
.487134300
.446123700
.419737300
.456674301
.437115600
.658045900
.406788400
.577862900
.447128500
.556935600
.441715600
.477648400
.452758899
.510206000
.444314701
.435412700
.415521100
.464013700
.386933700
.379183699
.436479400
.493505700
.470492000
.492325900
.439318100
.443205601
.474776500
.414319500
.475610300
.477587299
.418627300
.420655900
.435811900
.448262700
.442057500
.380089001
.440372000
.542109500
.432309700
.388270200
.471147100
.448058100
.448906500
.403486400
.475727400
.525994700
.460299600
.419437600
.427286800
.440403300
.398335000
.435619400
.451096800
.459815200
.429334900
.431949499
.450355700
.487908900
.439134100
.454300501
.427875200
.422638900
.432169500
.456676500
.428028300
.507922900
.414556000
.513048400
.428486900
.490676400
.440046100
.454300900
.434243800
.434171900
.417607000
.409840900
.429189500
.412239400
.561992300
.449048100
.444923900
.426411500
.463396100
.427390500
.410734200
.561266799
.446911100
.392254200
.470753101
.445290200
.445620100
.456719300
.443389200
.567837100
.423098400
.421117400
.460227100
.553577100
.384445100
.383593000
.466484500
.590714099
.449042900
.395811900
.407433800
.546540900
.407940900
.484126000
.448056201
.503015000
.468034400
.461629700
.444374400
.512464400
.424358500
.426772900
.443338500
.569833000
.441371800
.464166100
.496544199
.485036701
.477581399
.639591401
.724937400
.874474599
.475635000
.602770100
.448593301
.645292400
.412972500
.581004500
.466219500
.572668400
.623175500
.537666900
.542248599
.802051101
.423274200
.623527400
.504076900
.963134499
.515101400
.512592601
.428080900
.548678700
.418256399
.415864300
.422888400
.544010201
.370995000
.455361700
.400761000
.539926400
.458544900
.396174900
.418108199
.540753100
.423684400
.381973601
.487765800
.545047000
.416606300
.423467500
.442107200
.526927199
.380899201
.426751600
.392079400
.601635199
.384597500
.495472101
.396507499
.528180200
.386456000
.382819600
.566811099
.514466300
.412904700
.393566001
.447725200
.572404200
.462276099
.407869900
.408929200
.538143001
.417601399
.424684100
.395660800
.534075501
.378751300
.549680000
.427760400
.580234000
.457410500
.501966899
.486713200
.506932700
.392066501
.386467200
.505106000
.531556300
.483270400
.421245900
.423612400
.562614400
.459684700
.407189400
.471671400
.496184000
.458252200
.515339201
.435820000
.487345500
.500690600
.417008400
.410337400
.507563999
.483541500
.387873800
.475988200
.680595500
.433326700
.420710001
.422762600
.548460599
.480024300
.488820100
.407382100
.577528700
.438229300
.398447700
.378950000
.718213900
.272793300
.432585200
.495999000
.512490400
.434620100
.411797300
.459439800
.504945000
.445375200
.437203000
.444215300
.496425399
.435831500
.438610800
.446904300
.599569801
.442868600
.443018100
.455434200
.507238300
.437209500
.414331699
.454875600
.490915100
.502580400
.451871400
.452189100
.706237001
.298420800
.444621600
.400865900
.576517800
.433161200
.468012200
.396697200
.551207800
.434922100
.452375100
.466750000
.577044000
.414146000
.421719100
.396162500
.555285300
.431523700
.468636500
.456101900
.576235600
.471179700
.447830399
.418919800
.552844000
.438517201
.437802600
.445510300
.512758100
.460212500
.462679700
.387736800
.559155700
.463339100
.542182200
.456518500
.663693100
.571015700
.458162500
.395165400
.490050900
.471284400
.472258900
.386975400
.602694600
.512140200
.386221599
.445270301
.573051200
.466171499
.437711301
.443807800
.573116000
.455916500
.508353500
.437979800
.558038399
.465075500
.405757500
.421413501
.577112000
.386685100
.461946999
.488920200
.591473500
.470351200
.416827600
.406348800
.630510101
.433807800
.490693700
.394576700
.565737700
.450434600
.461045099
.402143900
.621957700
.383336600
.441023200
.453524200
.561432300
.442567900
.471356800
.435166500
.551277200
.478748400
.407581000
.459163099
.634122600
.405363300
.413701800
.391963800
.493690000
.396559600
.447418700
.441350400
.576369300
.502513701
.424260000
.412236200
.509427899
.423986800
.418338400
.414468301
.470839700
.462064900
.473049200
.446496000
.469333700
.591296700
.351589199
.447524900
.480138200
.476266800
.400998100
.418798200
.563177599
.425986300
.457282400
.424486201
.478804200
.510593700
.407537300
.442089800
.480927300
.395932400
.479144800
.448569800
.567260300
.268736500
.462947900
.459908400
.478454900
.443454599
.444531200
.456389300
.449599301
.471795300
.389264400
.459863900
.486878200
.409415400
.409666100
.426814500
.465509700
.444228200
.380333100
.619434400
.504621000
.502216199
.501137900
.493405201
.741997899
.384397000
.591241500
.533988500
.496598000
.529485300
.435844700
.437479000
.511655899
.326013500
.438739400
.391866501
.459548400
.421476900
.390809700
.444729900
.477535100
.432016299
.453263701
.463904500
.435179100
.486224300
.433415200
.463464600
.440353700
.521494600
.407064100
.441126000
.430090100
.499421200
.475476500
.457228100
.539089800
.444535100
.436665200
.480722100
.451946300
.460650000
.408645500
.493792100
.464606400
.469683800
.432652500
.457939000
.489843600
.436854200
.433875000
.455591199
.479315300
.418332100
.488598001
.372143100
.508323500
.429284700
.477064900
.454824400
.410058700
.433991700
.377041100
.429659000
.468096800
.392205700
.450374000
.457226900
.431209100
.479288700
.444874299
.440461300
.438515400
.434445800
.392386901
.482023300
.436897000
.434531500
.428698799
.511997700
.425219300
.471324900
.497165900
.437666100
.477269300
.403952600
.451059300
.404027802
.473346300
.393604800
.451061100
.433446200
.459628100
.433225100
.403870199
.455459100
.516109100
.424836700
.431615900
.462885600
.431983900
.488579199
.433233700
.485085600
.457266401
.499369900
.400166700
.441027499
.557352700
.270836900
.386575500
.535839301
.547447500
.468963200
.397057400
.419857400
.496618800
.448918299
.514128500
.452217400
.493207300
.469088400
.477094900
.400248500
.532905101
.397586800
.425061400
.511539000
.519066900
.450254600
.428772599
.426499000
.529639700
.419359501
.446623900
.393890500
.539827100
.427897700
.414970900
.441249300
.635988899
.441535800
.487572901
.427933700
.539750700
.392378800
.450473500
.419838400
.510919400
.405226300
.461591300
.463253500
