.321185100
.332204400
.332611899
.382833800
.323036800
.307610900
.313820401
.338059600
.339299100
.337956100
.321654100
.315209600
.326856800
.335044400
.312794300
.322236700
.308278200
.323726700
.324432500
.311223700
.327858000
.327879000
.313493400
.339757500
.322388600
.325868200
.330337300
.317940500
.307518300
.329993500
.319198300
.322536000
.315060500
.322752900
.333078000
.319214200
.309679800
.308359000
.296571500
.351734599
.338299900
.321083800
.319819600
.341738399
.321398700
.338755400
.314786500
.321237401
.323064900
.335664800
.300329300
.280623500
.312781800
.335725600
.299230700
.314562500
.312769500
.335688800
.359549400
.303734000
.318003300
.299746400
.317478399
.319177300
.323172600
.298941000
.289675399
.311418100
.316954400
.287693700
.324726600
.349645400
.319671300
.288080700
.289989400
.305933401
.320546200
.303407600
.312484100
.294578900
.297605701
.286156000
.307713200
.300150800
.311212500
.301914000
.357484100
.286055500
.308044300
.286415300
.312740100
.316928500
.325991000
.295408600
.285130400
.338358700
.305547100
.321807300
.321431800
.303649800
.312243599
.302908000
.300779100
.340007500
.320814900
.301527300
.324155600
.291271300
.305362500
.305991499
.299296800
.297652800
.309940800
.297404400
.307391701
.311455200
.312682800
.300260900
.300299500
.347264800
.316439500
.301816600
.339479400
.304356500
.323730200
.305950000
.338184600
.303248800
.311352000
.308212300
.299447199
.300576800
.290743600
.328504100
.317462000
.349619000
.330096600
.299901801
.309391999
.316221900
.328229000
.294359800
.324023401
.315067800
.316149600
.297308200
.296706400
.318169399
.313297300
.315514200
.289480600
.319981100
.340376001
.313685600
.315344900
.291711100
.302130700
.306720100
.297793200
.335396100
.303135600
.304510900
.292158300
.295094400
.312818300
.300585600
.318946100
.336448300
.320170600
.292486100
.295838000
.297012799
.319589100
.350526600
.297452700
.295319600
.319589201
.317903000
.305244800
.310246900
.317395300
.325204300
.291944400
.316323100
.312202200
.307445100
.346856700
.295093700
.317575600
.309120400
.335908499
.300040900
.328298700
.286840800
.290935201
.304880900
.316449800
.297910099
.415313400
.492059201
.301618900
.320499800
.304844100
.354769400
.314470600
.316060800
.312817400
.405462899
.312516800
.320281301
.299170900
.316765800
.311198800
.340279000
.318290600
.319793200
.301293900
.335121400
.298940200
.316509700
.302311100
.305865601
.297622299
.313124100
.333855500
.296570100
.310609101
.308827600
.296100800
.337127300
.311015700
.308615800
.299496300
.309054500
.298821100
.298159500
.299265599
.339915700
.306807300
.289148800
.297887901
.337915800
.318678300
.286929500
.284770300
.307841400
.347825300
.337166500
.322662800
.283360800
.308381200
.309043400
.299756200
.297065600
.296395800
.301228299
.333985800
.312267600
.297333000
.303113101
.330938399
.306851000
.324500800
.308655700
.313650600
.296456400
.316828300
.306632100
.315361000
.304563600
.298867700
.312223800
.335468100
.333369900
.308601600
.303291900
.315203800
.304260100
.316806700
.332126800
.311730200
.325829600
.285218800
.300804700
.315104400
.310958800
.299890000
.301905300
.309563900
.296405900
.295343800
.307248300
.304524300
.288802300
.293688700
.300688700
.303212600
.299513500
.281122300
.303764700
.316733100
.296684400
.290272100
.337420199
.315072500
.291845600
.300374300
.294392500
.332866601
.305161300
.302339500
.311846000
.378464199
.321768300
.296545400
.299808701
.309456700
.308117300
.299189900
.302164300
.297047000
.303125100
.317613700
.322979000
.318918400
.296512200
.297275300
.326209100
.319366800
.296414500
.283760900
.298166200
.321290801
.291442400
.303772900
.300812899
.333923100
.315970000
.285682600
.337458200
.308891600
.304596901
.320840700
.297974100
.325831300
.297849800
.312282400
.335023600
.326740300
.294798600
.307586999
.329039200
.305994400
.297482800
.296605300
.315870400
.366903400
.302671200
.314986400
.301086800
.366995400
.312485600
.294676000
.299145100
.306807900
.322438499
.295925300
.308464800
.304474800
.305912200
.296536800
.353896500
.320736700
.322775200
.354951100
.328462600
.328854900
.319057900
.285675602
.394785700
.305317300
.307765500
.324045600
.318851000
.299691600
.288403700
.299392100
.302952000
.320498799
.319159300
.381870000
.305429100
.318003801
.320519400
.333986400
.291417200
.293563600
.326342000
.304203300
.328026700
.302963600
.291116000
.310004200
.307392400
.297144600
.314352300
.315561800
.326814700
.318071000
.324594600
.299078100
.302824899
.311820300
.335112800
.295355100
.303320600
.444357601
.344675000
.334881500
.308543900
.329992899
.301758600
.299635000
.286638300
.322174601
.308592700
.301560900
.279725700
.294220000
.313503700
.292492600
.299412100
.309082900
.304704900
.293205300
.311628800
.306888900
.320598800
.293598500
.308668100
.327085599
.334916000
.317840700
.286240200
.308805900
.305129500
.319092100
.308096800
.295768900
.312967500
.338093500
.313143600
.296421700
.298251299
.327333401
.308122700
.320470700
.325377100
.315763400
.308588300
.333723800
.323930900
.294770399
.312023701
.312726300
.323700300
.302145200
.296146000
.383453200
.360704600
.298930500
.296976200
.309065599
.303728600
.294475000
.290140600
.290967900
.296028801
.313969000
.312179900
.315085200
.320527100
.307490400
.303025500
.340146700
.324654400
.329049999
.309261301
.326248100
.332500100
.306965300
.309939200
.312840400
.306910700
.298891700
.285580200
.327855800
.314962600
.345548600
.304911400
.305471601
.359049700
.310488500
.304946300
.313974000
.311536300
.318915800
.299450700
.313765100
.327523400
.322148200
.347814700
.334380400
.297771700
.298791399
.352341300
.317116600
.307899100
.304760300
.284856801
.413176900
.316568800
.304443900
.319534300
.307706699
.317653500
.295603700
.327161801
.296562901
.303295600
.299319300
.315528700
.312969200
.297527700
.316455900
.313815400
.297770400
.295412000
.309979600
.310281000
.298914700
.293357900
.304012500
.322484500
.284216200
.331291500
.287193000
.287189500
.311530100
.319456100
.289556300
.286466300
.278833300
.308409600
.293049600
.295018800
.284045300
.285284000
.316468600
.308894200
.293493200
.287585200
.303630500
.328229099
.289021500
.309928200
.289060700
.317976801
.301836300
.315383800
.313177100
.304100700
.288430201
.382734199
.292213200
.319011700
.291337500
.302152101
.298215500
.322222100
.288617400
.300194800
.315747300
.374498500
.334747100
.316771399
.890917901
.329678099
.312212400
.313381301
.317834400
.295913600
.293882300
.316752700
.307089900
.308540700
.307158600
.307296700
.288078700
.345135300
.302936800
.331102100
.304333800
.288657300
.310539200
.330314300
.304249300
.294044800
.304444000
.334063698
.311213500
.286430800
.306869400
.317202200
.336912400
.306040000
.307472900
.316202400
.293335100
.305018700
.303703300
.325735500
.297391300
.372843401
.317202300
.317824300
.309666500
.309882700
.330793500
.327085200
.304570300
.313360700
.335652400
.296658300
.294980700
.293990600
.313078901
.317911699
.326610900
.311423700
.314577000
.295356400
.304457600
.305907600
.345046500
.302899400
.305613002
.310953000
.341815000
.288916999
.313066099
.323276200
.333122300
.301514600
.300969800
.284372800
.339102300
.311737999
.294970900
.303381100
.297968701
.315147000
.315426700
.278089200
.350594200
.323061399
.306848700
.312195900
.309764100
.300323301
.306799800
.310747200
.305639600
.293719000
.307123500
.297897200
.325342100
.344376800
.291324700
.310588499
.344890400
.282951500
.297525100
.289287000
.321743700
.307299600
.289602100
.327128500
.312022300
.323588600
.323870300
.315658800
.303232000
.304755600
.317235501
.302401200
.326408100
.339375300
.328524100
.313158900
.317971800
.304993800
.300416100
.303531300
.344859200
.307029400
.297062200
.291863700
.346333400
.328484300
.309760200
.297771800
.296194400
.304014100
.300454600
.304478800
.318349000
.322720900
.299383300
.334427700
.324947400
.309361600
.316650000
.329765600
.325539800
.285479500
.340204300
.417755499
.338424800
.310744900
.308445300
.338118199
.328356200
.300636100
.297139000
.288571001
.329227798
.318424001
.290308100
.293372500
.322485300
.320742899
.398733800
.309079700
.341138801
.332646299
.330271500
.326867900
.305699801
.311017299
.338884800
.325671800
.301368700
.315312501
.333441699
.324963200
.296016900
.312039100
.308453401
.331872699
.321687000
.303325700
.298639500
.312615400
.308629300
.346252200
.294092400
.297888900
.335268400
.311186100
.320064500
.321756300
.327951201
.339608899
.321802700
.308534200
.327254900
.371925201
.317332700
.308442000
.354527900
.308365501
.342918600
.314579900
.306704900
.300393600
.373490100
.334890200
.309094200
.316395600
.328598599
.305749201
.328335600
.333911100
.304733200
.359151999
.330262800
.316179400
.293803900
.305623600
.314021001
.313215400
.298964200
.307965000
.316471700
.330469399
.317696500
.359250200
.317913700
.308329601
.316783900
.298623500
.304790900
.284017100
.296906000
.308635000
.331689200
.289751600
.298434600
.314794500
.377607200
.308394200
.290272200
.312645601
.321683500
.320646900
.316282100
.284463100
.305133900
.357395300
.302966200
.312119600
.299591800
.307243799
.315646700
.305680200
.332542900
.305580001
.310096300
.318341700
.317492100
.309877200
.292681700
.321551400
.306983800
.309591400
.270132200
.294981500
.324653200
.300220800
.315170500
.307225700
.319913200
.320513300
.304401000
.278439700
.314581800
.300486100
.311349600
.296847700
.292324300
.290771100
.298817099
.293913000
.319005300
.311016500
.297701500
.312988700
.305613900
.303077000
.308541300
.295314700
.327731900
.291727500
.286542600
.294689000
.304984900
.308684000
.296180900
.278432300
.294928500
.281164100
.404682000
.313476500
.322160700
.332014400
.328795999
.303352600
.345582400
.288313200
.304708601
.324034199
.318769900
.308680800
.289851400
.288636199
.332182800
.310513500
.305824500
.319092700
.335331401
.306230699
.296358600
.296440000
.330786501
.315015999
.299497800
.308767800
.314573801
.316203000
.313600700
.303157000
.344943999
.296369000
.323390000
.316629800
.319576900
.308160900
.298258600
.291838201
.345061700
.303597900
.300789800
.305426900
.323730798
.340180500
.310937800
.299737700
.307598601
.343062700
.292388200
.304530700
.307152100
.317907000
.316635200
.294641200
.315699800
.299197500
.335328599
.298809100
.325165700
.311609800
.303419101
.319660400
.311167800
.307009700
.289555300
.299320100
.375829700
.301768800
.291045000
.297102900
.333583499
.303193700
.295466900
.301403100
.302119101
.324886699
.320396400
.295194200
.330857300
.284809000
.296522800
.305652200
.320418200
.303722000
.302140899
.320663100
.340182000
.316538900
.338258301
.321287499
.326016501
.305700900
.309677300
.310228900
.329765698
.312820600
.297681300
.319123400
.310827301
.311577000
.324757900
.296463800
.314409901
.303102099
.382034900
.331059100
.302274000
.296234002
.340461000
.293911200
.317473300
.295099499
.304177301
.315397700
.323277300
.291094700
.309621500
.346333999
