23.219750400
10.450483800
20.504470300
21.484295500
7.717444299
12.998748700
7.425447100
5.201698000
11.897318200
7.306741099
23.767747600
3.537662699
4.552584001
2.993918200
8.747736300
9.135323300
10.241157999
28.823572100
5.868555800
6.390590600
4.609788500
6.318104100
4.746742201
10.613431400
10.093100400
29.864507000
3.901733300
4.419639300
8.523302800
8.381495400
16.985804101
28.576396398
5.653983301
10.619697000
10.052904300
29.281763200
8.012794500
4.829584100
5.575296100
4.870390199
12.756195201
32.865931099
2.967302400
6.636702701
5.853286800
10.892317300
33.981305600
4.372820399
5.186746001
6.164674600
36.886234400
10.021422700
6.442556900
5.758850400
13.144006200
33.098548000
7.934528499
7.261596901
5.565641200
9.259749299
6.231317101
43.141842401
4.396932500
4.674161400
5.628779300
7.165674800
40.094062199
11.467322699
3.747283700
4.529374901
26.181812500
46.678579600
6.603464199
6.643594801
9.789045000
24.406475200
19.281075899
6.756052901
10.524001800
18.243886900
16.986334100
11.642726800
16.387620999
28.299314100
5.049382900
13.200112300
37.608801099
6.933737101
4.763634599
4.789869601
5.705103900
9.872978601
28.162957900
20.347332099
3.560369301
4.079242700
12.930679600
25.487183500
43.023722000
4.671935400
3.455984700
5.170007300
12.447453200
44.177248899
7.147482201
10.727789900
13.087913900
40.543934000
4.009800600
3.927777499
3.615225001
8.145050000
16.932454399
41.446599201
4.538934899
4.054428601
14.781989700
16.074017699
37.217936600
5.855383001
3.365383000
5.361421999
8.774504201
11.807595200
27.631090000
16.657956501
7.410226800
16.882530900
16.519586100
32.538980600
30.139646800
3.339014799
7.007051101
6.462576400
9.264641000
53.324526100
5.750375500
7.683403700
10.190713800
12.853404599
50.290439701
4.043307400
5.811336200
11.103683400
11.512322000
33.852098400
20.991973700
3.676541000
5.305482100
10.279643200
31.360037800
37.244591300
3.473383199
4.546648700
12.791618701
18.411970100
38.022775100
4.311416400
5.268567399
13.274237901
20.813018100
36.102163399
3.588740101
6.239823900
16.589562400
23.102716299
37.259514700
4.104017900
5.204362901
11.027304599
41.676736301
4.736766799
6.490804901
8.813446301
11.169334000
16.324282000
40.247737000
3.513652299
3.903628401
8.190819700
10.499722399
39.228601201
18.674514600
3.193855600
5.147136799
5.806775501
19.022777500
34.928756900
24.996283999
10.309831301
7.608980500
9.593977000
45.534287200
4.039824700
6.005092600
5.626535500
14.679254800
50.412411900
4.204576400
5.381364000
11.381558400
11.363919000
49.044722099
7.795369501
4.506828999
3.810731100
7.354021001
25.363267600
43.757798099
3.035100201
12.191428400
12.969294699
13.329848700
39.536739301
16.873594600
5.786865300
4.822240700
8.162597900
15.803482700
53.644090099
4.523451501
4.048298000
5.088935000
13.290412699
8.835713900
60.811898400
7.965637700
7.512640200
11.091023500
11.472009199
46.079494501
12.305970000
19.353093200
18.798149500
37.255836100
3.526773200
3.464072800
5.995015299
6.919354901
10.308023200
14.025372900
47.102590700
4.639306099
7.384371601
10.093720800
13.364664200
7.531563599
24.770808399
18.857042999
4.619533901
4.756316799
12.811231201
25.126254400
46.517355300
5.631851200
3.463210100
4.701860300
11.603390400
17.263883400
36.221003900
4.757148700
5.456351700
10.889431300
11.673881600
35.818438100
35.499667500
5.494511401
5.264868799
8.477522501
18.635342400
48.577733000
3.379219200
4.187161700
5.633052500
7.710961000
9.347026499
56.864628101
4.441460499
5.190623801
5.921927300
11.242691600
61.598205100
7.193305499
4.066821801
4.698419800
6.129850700
10.291696200
48.174708800
4.895612099
3.819584101
5.295635500
5.517841500
19.691415000
33.367111199
25.737400700
13.324676401
32.105452200
5.593823400
15.551280500
15.352163500
11.376652200
41.613207399
5.237711701
6.165017300
4.903474100
6.932620300
40.238829900
19.008310900
5.767707000
10.890870600
10.384133500
17.801481999
41.785770300
4.637053200
4.503109800
7.250379600
18.552130400
54.622719899
5.504723200
3.886589401
9.632419000
12.876379700
7.794958800
46.864343900
4.171741100
3.529302000
9.257902599
22.916448300
38.464173300
4.115336699
6.223953301
5.190596100
11.730297100
28.995845900
33.941860999
9.658922601
12.037845799
14.161338801
12.581097500
47.568355200
5.143455500
4.276948500
4.449558600
7.586675400
16.123211900
16.439718900
8.760328100
6.469225000
6.133426100
24.223783500
60.407931500
5.208587201
11.414061000
8.641263800
6.125164300
9.659110500
20.819981700
35.437205700
5.307145399
4.848459000
15.747526999
49.907422000
3.468835401
3.502423899
4.185606401
6.447331800
7.431381800
45.625140900
8.684500400
3.390401900
2.845820699
5.317572801
10.397082100
37.424999700
15.519810900
3.318052200
8.794551300
51.720346299
4.096141401
3.287321400
4.514744900
4.916061299
18.903131201
37.496731800
3.356720300
3.275610599
3.088096800
13.890112400
16.849265599
48.506714901
9.561673999
4.777828501
7.748919000
19.820540200
44.712397100
3.368388500
3.362092600
7.203873600
22.922000700
44.516963699
6.452266001
4.697790600
5.628941800
6.547283800
22.438331200
49.541643499
2.712277401
6.210102900
7.333611901
5.244252499
11.628568299
44.645392101
4.760355900
3.721221800
6.813527199
21.328504401
54.935558700
3.578483300
4.085344800
4.424882000
9.549886800
12.066967799
49.286684301
3.732465799
4.337522201
13.453433600
11.377092699
14.748691100
53.004675100
3.695166200
4.068677200
7.610523600
11.438019100
30.325646299
40.936232901
3.042450500
3.105175400
5.459620899
7.818829001
22.439805401
33.719588298
11.811588800
6.112174402
13.359737999
10.631202101
45.082049700
5.973228500
3.904555400
8.941764300
9.924083899
7.817190700
35.442557200
13.639519700
7.372866600
14.122395300
17.830206200
19.058410299
40.395342401
4.247039700
4.479111600
5.468587800
8.090122201
34.793423200
27.483383299
4.245193101
3.191814100
4.526991300
5.244486100
14.899458700
38.757595000
3.750455500
6.717886800
6.128114900
10.955818600
38.139689000
36.859497900
4.097753100
5.115266500
6.376649600
17.804795599
40.313134701
9.725972400
4.028601800
6.354981900
8.936153099
32.966026901
29.346310201
3.577717300
4.519307700
5.098802600
13.652517900
45.242000400
3.396777900
4.074453000
13.998753300
15.121014799
34.997418601
6.488581100
5.467127700
7.447048700
12.492010600
31.263654400
22.108348100
3.122383300
6.441948900
4.769551400
12.230001399
36.747699301
7.189764200
4.335558400
6.253210899
12.942462501
24.412663300
40.318379600
4.525918700
4.551413700
4.389357900
16.183562800
16.343223200
41.804775900
4.626226600
11.913657800
8.293800500
13.529516599
44.484476199
8.791777800
4.846790401
4.477575000
5.630056700
24.330095500
35.025466800
2.736339500
4.329292000
6.782862100
15.360434700
41.929413200
9.164863000
5.559745900
6.330712700
5.844020700
45.039239399
4.956090702
5.036571000
5.821599900
5.337589700
30.930484399
26.035340499
4.286635600
5.772544301
5.723742300
19.682866600
11.921797800
32.582593500
10.478449000
15.554515300
12.832443299
9.256658900
8.700835200
57.127949199
4.124310101
4.247054100
3.680367100
5.575773800
4.873667700
18.948646399
34.912985001
4.788649100
6.559137300
17.997209900
30.165746299
36.228703800
3.420828800
3.704336100
3.934557400
5.403954700
6.737329800
49.114567699
7.642033399
3.226204201
8.622736700
12.737638500
39.235826600
13.223327300
4.114181599
6.161841001
6.995576500
8.691975400
14.416248600
49.159929600
4.677353101
11.756942200
16.843489200
26.199662900
12.864587400
34.208948199
4.286591401
4.274285300
7.322444500
14.251109399
24.964969201
22.502991000
3.126551300
6.069233500
9.647011000
48.043485699
13.755846000
4.642636400
5.264635100
3.598477100
5.823463900
6.420728400
33.470140700
10.751110300
43.861969800
7.004465200
7.159171400
29.243293600
40.014318599
3.983453201
4.756558100
4.952101000
3.750154300
11.212932700
16.426149100
37.239855400
6.808813799
6.622783701
36.500602999
38.247039700
4.109500000
7.985781500
6.956706900
5.304669000
7.795148200
26.230296100
9.001716599
6.989264500
16.227508400
15.516894700
51.968311300
5.477072400
3.632989200
3.433830500
10.201010499
10.755497299
31.065858101
17.511709900
24.863382900
4.538693299
13.802400301
23.266019599
50.111450600
4.955179800
4.697607700
4.422798601
5.113525900
3.832116100
7.965495000
40.612878400
5.740629100
3.887633999
17.266925601
60.882222199
4.703201302
4.151718198
4.734932501
4.759182601
6.380431800
7.324094599
29.421962101
19.042582100
6.787430900
9.937452200
30.753016500
37.379873700
6.098830600
3.551549300
3.161544900
3.843081100
4.933094800
6.642215000
22.880120000
29.039384799
7.230266300
18.453855301
62.554798600
4.059799800
4.473838399
9.806469501
4.289875100
3.477187700
4.888419499
35.784170601
6.314964600
21.045057500
49.594139800
6.820648600
8.073999600
6.120693000
51.947505900
5.079995600
3.998261100
4.870561500
14.068561500
47.586183500
5.497019700
6.225742600
8.818466900
25.644466800
44.786447900
4.010468800
3.849701200
8.315583099
4.889754301
6.863772900
39.950104800
8.187273300
7.616888200
11.818772600
54.863992800
4.586205600
4.549170901
3.376404400
4.043390000
6.243801800
22.467079700
20.845509399
9.929315000
8.075882201
18.686963700
46.555761800
4.511869500
4.075063700
5.580523599
13.321474400
17.745080001
46.749447999
4.693376801
4.855269700
7.273728399
22.400296700
53.050086400
4.396437200
4.283277300
4.388023800
7.687228000
6.784801000
33.668501000
28.923199699
9.584175701
23.950030500
16.591139100
58.497788499
4.395455801
4.016355600
3.171012100
3.721377600
4.993397800
6.740500499
27.353000101
19.188619500
7.733861700
18.435411299
19.026936001
26.643008800
39.649705000
4.778983100
4.195546701
4.930652198
12.583449201
49.624792499
8.749435701
6.310432599
7.731793400
4.798051501
5.312154099
8.521700001
18.528756600
24.665739099
3.736135401
11.862537899
12.062254800
8.038630799
5.623636200
8.015584901
42.341300299
4.755359301
14.289539500
16.012819699
18.276600800
16.276967400
20.025351201
39.873318599
3.547159901
4.134082099
4.367611601
5.850541000
10.158171000
46.220970799
2.820688701
3.371354100
2.248640900
6.742881800
8.452783500
8.065323000
35.105087400
3.318599800
9.413946899
11.778835901
10.192743300
12.955618000
5.229126900
11.076790200
34.394391600
3.163600700
6.082465800
10.947295000
15.411296501
21.614967200
16.186686499
27.453808001
3.813645200
3.718273399
3.547841501
4.296497099
11.721530600
34.454905800
2.224464900
6.696004101
4.171012300
5.273595400
12.578728500
11.436281000
28.213782100
3.099971000
2.869043300
5.704231400
5.863915300
5.839699500
6.297820300
5.753668299
31.710181400
3.249063300
7.330560299
15.749232101
14.173167999
21.806758399
16.568044100
12.864894100
24.508625101
3.728033099
4.113328500
7.592710000
15.532919200
15.099332600
40.109279500
3.919767700
3.216105000
5.369270200
9.143232999
14.626903501
8.496049500
36.308723700
2.054045800
2.309101700
2.832582600
2.451096200
3.750127199
7.123266300
12.399209000
5.393209701
7.680119800
17.515055200
10.007489900
6.147375400
6.459548500
10.116601200
7.104111300
5.835244400
6.959112800
5.499979199
7.324759800
16.703032101
6.646350999
6.010903300
9.256251901
10.553502399
6.105895401
6.107036000
8.648632700
5.420153300
13.911131600
21.093763300
15.591935400
6.231351699
5.309415101
8.797943500
4.261100100
3.920603600
19.788031100
13.155780399
4.794865500
4.376559000
4.256747900
13.537116200
14.334145900
18.654219300
23.796577600
4.146243200
4.747239100
10.764261500
13.055909500
11.228135400
19.171536900
3.086599600
3.930934099
5.413094301
6.600551499
6.386438200
5.313091300
24.932361600
2.431978000
2.657520401
2.823018300
2.390766700
7.366293100
7.849656800
6.862212400
30.018934600
15.499315700
3.646940299
4.336149001
11.019589900
11.340791000
9.777966500
7.683151300
6.360005100
7.881764200
25.374185299
2.978734601
2.538985000
7.805632000
9.203754700
5.210864300
5.075704200
6.564297700
7.152574700
22.254249900
1.916998600
4.839474501
5.371375100
3.337173700
6.402028800
4.418822000
8.374743800
12.857183600
30.868125700
3.518641899
5.990883301
7.757633400
7.748510600
7.128748100
8.226217499
7.959226701
8.119816700
30.175828099
4.446928401
7.065699000
8.837801700
7.118221500
9.541178300
7.750427500
18.022940800
4.473800800
6.554256900
10.698239299
9.360188701
5.260406400
6.441350201
20.926511600
3.661660200
8.799499000
4.439683200
5.743064500
9.838611400
22.780198300
3.020620900
3.170328000
6.111423100
5.829601400
8.239057399
10.000794101
9.785699099
33.583976801
3.934538100
6.748584000
8.157595800
13.097805500
19.342180700
16.603410600
