.321504100
.399786300
.398504100
.369720500
.356157600
.370341000
.401703100
.375281000
.360099400
.356715099
.409329900
.381697900
.382350100
.417023601
.392050200
.380368100
.352249800
.391449800
.382419300
.364058000
.354429400
.385224700
.529047900
.364757000
.399983899
.389025500
.473438300
.355723600
.409005401
.387950200
.369507500
.377400100
.397435700
.400623000
.371962900
.367801400
.371034901
.404704900
.350689700
.382317401
.369344100
.403303700
.372855900
.386141800
.373220900
.384684400
.368152300
.409746900
.359083300
.382258500
.385723700
.349793900
.341056200
.353340000
.355141600
.371782900
.374111000
.317225100
.357541500
.352391300
.455144000
.352311700
.354293000
.322701100
.365240000
.345496100
.421513800
.322809700
.366832300
.381338800
.341486000
.315625400
.399203200
.338687100
.341875300
.355202100
.370966400
.339850400
.348604600
.341383100
.361474000
.365548600
.357924200
.356111200
.411373800
.346562200
.334647200
.360956000
.338059600
.350947000
.367039400
.350798800
.335742000
.337781000
.356883700
.329821100
.389176800
.348615900
.384837500
.339191000
.337391100
.343116700
.367989500
.339836900
.381633900
.379056900
.376400900
.357544600
.336682100
.372717000
.351164900
.373486100
.345486500
.339973099
.384865700
.391272500
.335217600
.313205601
.339885100
.356992400
.335419800
.337556700
.371334800
.344752400
.348143200
.364621800
.387840200
.377737700
.334903900
.318451200
.351823500
.358577000
.348793900
.358587300
.343705200
.352273300
.352851900
.341557700
.339756400
.381609200
.338566600
.315190199
.369650600
.338727901
.364425400
.345952200
.364034800
.364318400
.386748800
.317381799
.405130600
.320252601
.356006000
.366724200
.369780900
.339947900
.353714900
.413205500
.333227200
.372885500
.371497200
.355551900
.347741400
.333343900
.393829300
.340024400
.391493600
.328661500
.385597700
.360662800
.341577300
.349476001
.349938100
.349410500
.350146400
.327514900
.347551000
.345638900
.337810600
.323590200
.378546600
.342717800
.346165500
.314468000
.345119001
.361744400
.348132500
.344629700
.331262100
.332772999
.366519500
.335113900
.341366300
.377369601
.317738700
.372978300
.318688000
.358433500
.324541300
.353305300
.339017700
.320137400
.370606100
.349269400
.336388800
.351663899
.347949301
.347804900
.361942500
.409337600
.384201800
.370899400
.342765700
.310416800
.359594400
.355134800
.332228300
.357384800
.342325400
.346182800
.355500700
.345876700
.339243900
.365760700
.384237300
.344482800
.371094900
.352821500
.348115900
.342979200
.337308200
.321750900
.384811000
.377163200
.336469900
.365346600
.435692300
.326792000
.346379200
.364319000
.367354300
.337833300
.336828600
.334422300
.354278800
.344547000
.360462600
.313038901
.333510000
.361955200
.411779500
.339374100
.348084400
.353859500
.328259800
.344874200
.354614800
.348845400
.344555100
.342332200
.346498500
.365748200
.351392100
.332918500
.328196200
.375685900
.349641700
.324925600
.364014400
.365977199
.364096600
.356335101
.332198300
.364773600
.367029399
.339699500
.369673300
.409343701
.346842300
.308787700
.320342100
.371949500
.390507600
.384539300
.304481000
.331600000
.358090800
.357442100
.335354500
.353899001
.332714499
.362104000
.381396900
.345403001
.323221100
.345683600
.350053800
.344753900
.343459200
.369842800
.346344800
.358565600
.331553700
.430832100
.452926199
.346845000
.349773301
.363393100
.359901400
.340632400
.513024800
.345366300
.337417300
.373594500
.346158000
.337503100
.363434000
.350563400
.339290299
.387508300
.383480800
.353097001
.385314500
.363450500
.360243000
.356095500
.312527400
.347869300
.361923900
.353795300
.332878900
.402244000
.354772300
.352325999
.367727501
.345891400
.344843100
.343199000
.374634200
.343268801
.348605300
.487179200
.333292900
.359972599
.347273800
.353978000
.355994000
.347805601
.327575500
.347673500
.329833500
.382687100
.347795300
.350580900
.313159300
.430403100
.352167400
.332610300
.349355800
.330935300
.406704500
.392508900
.339256600
.328132602
.328355200
.357489900
.351111600
.377754900
.348901700
.360131700
.338800800
.319028900
.350107300
.329438400
.350016100
.347442700
.336543601
.353736800
.347382400
.335649900
.368429399
.354973701
.368756600
.390300700
.329735200
.343949900
.356154500
.454784700
.406797700
.377526200
.343031500
.321624000
.373836400
.327790999
.377226500
.355927100
.354269800
.325462200
.402363300
.330256800
.350915800
.345738701
.354888800
.361519600
.348448400
.348183800
.351528300
.375651600
.341313500
.343295900
.376142800
.354924599
.361130001
.337642800
.352388899
.340704900
.352230900
.322181000
.336079700
.368338800
.331462300
.333054300
.357378400
.370719501
.314817000
.329999500
.361028000
.387135200
.352275900
.324949800
.332124800
.370039700
.340875700
.359927700
.436914500
.373734200
.331636100
.356585300
.360119500
.346800800
.318799400
.341840300
.357539600
.380238000
.334501900
.390937400
.362034600
.372268399
.374411200
.367777200
.344971400
.365945500
.353219900
.358586000
.313435700
.333168500
.379511501
.347434000
.337902600
.344835300
.329796200
.393246900
.345602400
.307706100
.360444400
.354295100
.353651000
.352507900
.387130000
.343362100
.367988700
.345536100
.359563600
.343322300
.404390200
.327732800
.354865799
.343965000
.329079000
.403350400
.336781801
.343109400
.352365300
.330990200
.377092300
.369448400
.333565100
.355153599
.358289902
.382817100
.354874400
.348287699
.398165200
.344414600
.342658800
.343212200
.329435400
.340141800
.416159500
.331727500
.365762400
.341739201
.363600100
.404614600
.320999000
.320381100
.350812000
.375301100
.351667000
.311473500
.356521600
.364910000
.331979700
.383283300
.352850500
.347990200
.415047400
.357875600
.351515300
.356868200
.357006900
.337132700
.359002500
.359569600
.355387500
.414700700
.370986900
.365597000
.412212800
.336018000
.370907899
.379762700
.350659800
.349208900
.334895801
.339188300
.346469500
.418718900
.339121300
.351416800
.334468000
.338956000
.329937500
.386151699
.321732100
.398806700
.334961100
.331838501
.372626100
.338310400
.340315000
.355324500
.387091100
.355823700
.369179800
.425370900
.333086600
.332435700
.378372500
.339302499
.328495300
.386496400
.317155300
.399122201
.352293200
.335723400
.307737600
.375100901
.365090600
.339581500
.355558600
.447677700
.396912200
.358940400
.331587300
.286083800
.344633999
.365848700
.363543800
.352795800
.344071500
.338659900
.448325300
.334985600
.334133101
.385876100
.385381200
.318868300
.377237700
.366318000
.353158000
.372890800
.371233900
.339607200
.334940100
.356199300
.315674500
.351201200
.380392500
.362529300
.365980501
.365073700
.367267400
.340838600
.347138400
.355544300
.368945200
.386463200
.294132900
.366635800
.348629600
.343469300
.351382800
.371144000
.362542900
.361978400
.359922300
.377026400
.328074300
.387159600
.356598000
.346517100
.332634900
.371476000
.340731200
.316211500
.380882900
.341202000
.339215800
.404009700
.353824400
.335808600
.354787600
.340778400
.352391800
.376672200
.304938700
.343997600
.313077000
.331254800
.348948000
.414863400
.529545600
.525363400
.498999200
1.674663900
2.324948500
.327442000
.349763001
.370397200
.320682800
.395066800
.354183700
.393699700
.380377000
.332058500
.326262100
.396337599
.379241200
.349646400
.362117600
.377919000
.384160900
.361646300
.468479601
.349019500
.356179100
.355001600
.367815900
.376477900
.386423700
.358400500
.366994700
.341609700
.395933600
.348669800
.322110600
.406652200
.371939000
.342012500
.344325900
.388974299
.319839100
.336579400
.355502400
.378598501
.343812600
.364518100
.366948600
.381823500
.350401300
.343058100
.336553000
.354198100
.373019900
.336675700
.347290400
.335301300
.347874099
.365461700
.339354000
.373778300
.361878399
.361391700
.370368400
.368828400
.366858201
.344209200
.370271100
.339192000
.360248100
.373200400
.353932000
.347789800
.367087200
.354607400
.397528500
.409058100
.337625100
.360548300
.351890200
.323886600
.347703600
.374128900
.358471600
.324355600
.369807799
.521451200
.375148600
.299996301
.354883800
.351162500
.394314400
.310722100
.373130999
.381861200
.319358700
.322560200
.368452701
.343059900
.314627800
.349071900
.435371800
.371743400
.356900700
.325146100
.362304100
.348853800
.361852600
.344684100
.343149900
.328633200
.339425900
.357343600
.348346100
.322489001
.376066600
.333758499
.338529399
.347301200
.359848500
.321277500
.403122400
.317066500
.358894400
.348565400
.364011700
.347826100
.344880300
.381413600
.362254200
.356834500
.367412400
.344389300
.357172100
.337081900
.337472000
.375506900
.333324000
.324374300
.346572300
.332534900
.366050500
.348273700
.341974300
.368736300
.385824000
.369075200
.338737000
.405990600
.412759599
.354561500
.350512100
.364231701
.375282400
.377362700
.341600100
.375587600
.388692700
.329513800
.369039600
.351656000
.372492800
.332357500
.387053200
.361435000
.350818300
.328183400
.359652700
.344504700
.333031200
.341424000
.358927900
.356988200
.321655201
.357168400
.354115000
.327572900
.340972100
.357112900
.328476400
.351242300
.380007800
.325291300
.366842100
.341090100
.344039300
.385977700
.359659300
.346561000
.347755600
.399968300
.341581900
.353948200
.461745700
.352390900
.351078400
.349886600
.351657400
.353502800
.372598000
.343395200
.347769500
.339509899
.328192500
.321065500
.397573700
.336734900
.392687800
.348292000
.357071100
.355067600
.340308800
.343256101
.352641500
.384500500
.368055200
.332626000
.371863800
.329827999
.337975000
.347804500
.328484300
.331183800
.368022001
.353024200
.358125300
.328250600
.385123299
.378271900
.381413500
.336416800
.383814101
.335842600
.347117800
.341281800
.381107900
.334824400
.357330300
.348378000
.366206400
.356212400
.342323100
.366930200
.374495599
.379637100
.362148600
.348278100
.362686601
.334614000
.366041300
.381581400
.384498800
.356019000
.378364400
.366004101
.320328100
.377560799
.355351700
.319274100
.399930299
.341216700
.362324000
.413905400
.326078600
.310417101
.398851000
.340633400
.350486900
.351944499
.345180900
.326882000
.357316100
.352926000
.361326600
.362018100
.344779300
.342776502
.350370800
.369144900
.342082300
.409430000
.347922000
.356505799
.373569400
.360191201
.352930600
.376929400
.317933100
.321446100
.375529700
.364361600
.347908400
.339306500
.364522000
.377136800
.333098699
.357991000
.364053400
.376041900
.390948300
.336496601
.347586200
.356432400
.346513200
.357378800
.378918700
.338402300
.391665500
.381755900
.354424800
.328147100
.391242100
.334143900
.334853899
.355534001
.360673000
.328250500
.374888700
.336754499
.359657600
.332344700
.366734100
.353233101
.379756500
.328100100
.340219400
.361354400
.358348700
.347239300
.334874500
.453105500
.455274499
.364157500
.342237300
.365597701
.350829900
.326127100
.367928000
.358126600
.366755300
.385445900
.379804200
.350469600
.337324600
.352337000
.368382900
.354788401
.366501400
.312747500
.357842800
.342875100
.408586200
.370259300
.341541600
.351723200
.366957200
.392764000
.327600100
.335417000
