.415061501
.459242200
.408344200
.408397499
.483301800
.430811500
.402100900
.401748301
.459870400
.437211900
.435418200
.421055800
.377997800
.383574300
.422917300
.401085800
.373368600
.372858400
.458627100
.427377900
.454239200
.443796900
.420892500
.379167600
.362632200
.440699300
.379372899
.376058800
.400902701
.429629100
.419533399
.427855800
.451566101
.430194900
.400040800
.404597100
.408347500
.419121800
.408772900
.403785700
.426129900
.389259300
.447199600
.427072300
.437346400
.430810900
.415384799
.415319700
.381215400
.372474200
.390412401
.390731700
.380239400
.358900200
.398698600
.385747100
.382432600
.414989100
.377956000
.391367300
.380511700
.396510500
.398825900
.342151800
.382451400
.392562499
.367168800
.381508700
.422512000
.377582100
.439662300
.369870200
.378401700
.408133701
.359348200
.414617500
.338927700
.374550499
.376747200
.362530300
.372244901
.425744100
.361770300
.393820400
.368501400
.386811000
.371331200
.370533600
.394726399
.391597300
.418941700
.356557600
.427260700
.384514100
.386553101
.379591600
.365010500
.402658100
.366514599
.392253000
.428258401
.410845700
.346903800
.405035400
.394835900
.408213800
.406566800
.368677200
.404056100
.348750600
.357512800
.366490600
.405101300
.367006600
.378984000
.343093800
.410491800
.389163800
.345921500
.364584400
.412206700
.387020800
.387757600
.389032900
.384171800
.339681000
.357611900
.379980200
.361222500
.348488300
.405827000
.414947500
.407783900
.362537400
.400710399
.425942900
.405660200
.374215900
.364848699
.380254300
.378758400
.386555200
.409176301
.411796300
.429769500
.403985400
.384699799
.384568800
.399047400
.390103601
.362811600
.380541000
.388218900
.382344800
.363641700
.384648700
.434798100
.408303399
.398018500
.409263300
.392597700
.398903701
.486206100
.386577000
.396245700
.384363400
.356270000
.372020400
.392388000
.427496300
.366287600
.388349600
.418385800
.405914300
.398610800
.365393400
.382421100
.388681200
.372080100
.379216900
.358463200
.375837900
.370546700
.370676400
.423676400
.396573200
.399904900
.399789700
.412143900
.370644800
.376544600
.407836200
.408954800
.370855900
.460598200
.415380600
.368181500
.401571200
.408213900
.435257000
.451550400
.386700999
.426583901
.388088700
.336269900
.382832700
.382859000
.382831900
.431445300
.392909000
.352558600
.415545300
.391806800
.418942300
.392366100
.371303600
.400860200
.404760000
.377625100
.378415000
.339138000
.410530300
.359356500
.402311600
.372367900
.464854500
.363836400
.374528100
.384631701
.380215800
.382719900
.378892300
.477197201
.458796700
.386637099
1.258346201
.526661601
.427768600
.391647300
.436928900
.368821099
.364773701
.400563400
.378453000
.351673500
.393584500
.446594500
.439023700
.394104599
.391968600
.418473500
.388829100
.387556001
.410804799
.365926600
.356664200
.389140501
.384046000
.352571200
.391857300
.439619400
.401496400
.357955000
.379012200
.380838100
.395827600
.406611100
.353054900
.368096000
.388836200
.342233000
.364548100
.387915300
.443557100
.409232700
.415132199
.403368200
.427786300
.375277402
.423052000
.381892900
.399657600
.388083000
.387587400
.382706400
.398050300
.403280600
.412034200
.362940000
.362727900
.396838600
.482919500
.423968900
.357206200
.388273200
.390135900
.376409600
.356119800
.401101500
.414027900
.385559100
.382928900
.399683600
.398461000
.404544000
.434726399
.423429100
.369478200
.399346202
.376292599
.418019200
.401096700
.416420501
.437121600
.364895300
.362491400
.402114600
.370936400
.380206900
.409391200
.382769899
.419923400
.375035400
.350216101
.408954498
.370949400
.412490701
.408866700
.362576000
.424722600
.419551100
.379329299
.406931100
.379277900
.422430500
.429841801
.370098800
.388935400
.362518601
.392359700
.370432800
.388508200
.406515200
.420835200
.376047700
.365661500
.372335799
.394813700
.381039400
.386691100
.410912401
.406990400
.357349300
.402502500
.380469300
.380239400
.415182800
.335076200
.417154200
.407016200
.408756200
.431735800
.386745800
.371133100
.374109500
.481272900
.358059600
.372664400
.418593700
.405270500
.405161500
.352733600
.365866800
.398670300
.485969400
.379843100
.336153499
.411086300
.378630700
.366363600
.372836501
.403293200
.415148500
.340252500
.402335800
.411314300
.366886200
.369077700
.399752500
.474899200
.406761000
.385403800
.418662401
.386384900
.356964199
.436869200
.402152000
.365159600
.403644400
.470357399
.411738600
.392236900
.392010201
.451950500
.369825100
.382535000
.372674500
.360969600
.401256400
.390006100
.410826199
.399629000
.402626400
.384194700
.400141101
.338171400
.417608200
.417585500
.375219600
.413043900
.373867800
.410355000
.388222500
.442470900
.405960600
.375369500
.403494600
.360673600
.394036599
.387833701
.390598000
.389876800
.365854800
.376990600
.395194400
.374757800
.368862900
.404640800
.373546400
.422411800
.411952800
.450436000
.384160400
.395120799
.388113901
.402635600
.412563300
.367333600
.385086100
.398404700
.379970700
.416687899
.435912600
.381255800
.372568300
.395532401
.375389600
.395748200
.383456100
.397401600
.388710100
.395572900
.368899500
.394451900
.415419600
.372479399
.396449101
.394836700
.375105200
.362726500
.428841199
.375000100
.406962400
.367536600
.390968000
.394476900
.379944900
.367419101
.443841400
.400100200
.414514599
.377359101
.455611800
.394028000
.364338000
.420025000
.394482500
.369644200
.376559200
.380197600
.447506400
.423343400
.379549700
.470477200
.389310400
.393394500
.381833500
.351565200
.382894700
.364211300
.372364499
.362257000
.383004300
.394032100
.440055101
.372174500
.385192700
.393918400
.396364100
.388564000
.389058700
.360341500
.419691500
.383394300
.422526400
.406811701
.414679100
.407467800
.404719600
.391409900
.419832900
.401408600
.378694101
.431542200
.383343700
.367423100
.365745200
.409609300
.376839200
.417120400
.396831700
.439479800
.305432000
.422582400
.430862000
.356352100
.369570800
.385886999
.391408800
.599295700
.414739500
.404001100
.370702600
.406579200
.429898000
.395279200
.401778600
.381523500
.403235200
.387120900
.375358900
.377754400
.397549900
.383887100
.420201300
.403605700
.389529600
.351537400
.372595300
.372262999
.367253701
.362937200
.405270100
.369090000
.500699100
.397179300
.361384000
.427488999
.400632000
.387652100
.374476300
.399140700
.404987800
.391094200
.353208601
.384990199
.378733200
.356021300
.391480001
.403226900
.388908900
.418426400
.360806700
.391850000
.382135400
.404625800
.407015600
.367156800
.358788600
.387881600
.394893199
.364440500
.387120400
.385909600
.403892601
.390670300
.418469800
.359976100
.420383299
.416890200
.402034800
.357046201
.439815800
.367615400
.357598800
.423725100
.401700000
.385249200
.401519800
.368468900
.380492000
.384135700
.403113000
.370710299
.391369800
.387682200
.390920301
.400675099
.394570100
.379917000
.458426500
.381565000
.365737800
.405629000
.366747100
.405578600
.393613400
.361993500
.412168500
.390639200
.386642300
.399679000
.410850699
.380271901
.354005400
.366670801
.399022000
.385209200
.419110700
.345469401
.368000000
.388236300
.362494701
.387782500
.428030800
.384317500
.398523700
.401999500
.411229400
.383587000
.399370700
.395004500
.355263700
.378780300
.379918801
.370639300
.391859400
.388833900
.386561000
.431634700
.387656900
.384397599
.421871201
.376853300
.392456400
.382734000
.366811899
.376421100
.366554600
.399951700
.421230101
.405950400
.369779900
.384293100
.410185599
.414278400
.384382200
.405102499
.416361000
.460789401
.417901900
.376407300
.375962500
.406415300
.381496499
.439374801
.413426100
.387596699
.410779100
.365086600
.368370800
.354128900
.450510700
.375559700
.362145900
.416230500
.397468300
.388704800
.407382900
.395402500
.408208000
.389588300
.395144100
.339116800
.413066000
.389447400
.412779801
.439783899
.420658200
.351147800
.407601401
.377864800
.379496100
.395790999
.407023001
.371412700
.379212000
.362702200
.362460700
.508628100
.389446700
.378774000
.405039299
.405285600
.365351600
.389857001
.380316100
.408075800
.391080800
.359258200
.576407100
.430965600
.386953000
.404440600
.392582700
.381900300
.369178701
.386054299
.399392400
.379726900
.351516002
.371276200
.390080100
.377695200
.387965300
.423316800
.360010100
.347945900
.378943900
.427280600
.431307500
.360697500
.390854099
.420754800
.384918201
.390445700
.388602900
.404783098
.383353399
.377811300
.372371400
.439422700
.373723400
.397029800
.434625199
.380102800
.389915100
.393680401
.392631400
.370082400
.368895100
.374535500
.412373200
.379730900
.350904200
.436383100
.375591500
.371768700
.379618400
.402091100
.390339900
.378632700
.384535599
.414183900
.384335700
.414529600
.351963101
.425006700
.365052100
.397069700
.398549599
.397719500
.383107600
.326404100
.411253400
.405664300
.381231800
.358917899
.400993601
.402499800
.387339400
.369633900
.387629600
.394553900
.396346000
.419557200
.385599000
.386928399
.407419800
.376011401
.387565100
.396221800
.368230800
.402518300
.568309500
.411579100
.371402300
.433292600
.394915000
.366442200
.344849300
.445391400
.379728600
.399036000
.383695000
.373469600
.392123600
.363164000
.427931900
.350059701
.373822000
.353687999
.401165200
.362093800
.396528300
.398901100
.400641100
.371220500
.351124400
.412468799
.378983400
.362545300
.370631800
.410669501
.361756100
.380964200
.367751100
.438461699
.399688900
.394552600
.376474101
.367128799
.404972900
.364205800
.359103000
.410786500
.474968700
.390263900
.389293400
.359552900
.427606400
.362326900
.421614300
.383551000
.364702200
.349299199
.386391800
.416699501
.396064700
.415371100
.373110399
.393366800
.398721700
.367021800
.419451300
.408922200
.378149200
.441528198
.403812300
.366843500
.396088702
.427460200
.411335900
.357000800
.372187399
.419114200
.379182300
.419760300
.351767100
.419565900
.403314400
.361584700
.379044500
.392624100
.391475100
.407276500
.395046000
.376055700
.378243600
.386389400
.403011300
.396747300
.416539300
.394623900
.421611600
.376675400
.382430800
.423516799
.421111900
.389989000
.375887700
.415928800
.347175300
.384208100
.410122301
.394660500
.451792700
.372321700
.373360000
.396571300
.396664100
.399283600
.357004700
.397104700
.370616400
.390209100
.353159400
.391208200
.382203600
.388930400
.374277100
.389426700
.396587800
.404454000
.423257200
.354735500
.366559600
.384190401
.413853300
.529325600
.382366000
.366138300
.448305500
.366524000
.392493001
.386641100
.352520900
.381787800
.390238000
.390624700
.409048300
.432173800
.388384900
.404814600
.387529000
.397624000
.393780600
.384829800
.376318000
.387451800
.376152500
.403695300
.385466000
.410902900
.427600500
.449549600
.389230300
.409480799
.368137300
.353109400
.394055800
.411534401
.372856800
.383273400
.415601300
.395665399
.383538700
.379169300
.438480400
.369506700
.469189300
.363555301
.354986399
.422425700
.382368500
.396613900
.435139200
.431614501
.428097400
1.278412700
.593381300
.474249500
.370018900
.364230800
.389610200
.493754200
.340109200
.361270400
.403076899
.368498200
