.510027100
.584394601
.542811800
.525592200
.550396699
.574635000
.667772101
.564411100
.466378300
.572102100
.512827000
.537543400
.554890899
.535920900
.508379600
.558469201
.524126200
.554663099
.458177000
.664238500
.586164801
.548051500
.567528100
.566529100
.592668400
.587654000
.549522400
.538938200
.559196200
.552335300
.519557599
.518970100
.516273700
.593271500
.553779700
.563755700
.574389301
.565537800
.520419200
.579176900
.509284200
.556853200
.581263200
.538994500
.584864000
.560022600
.538251700
.606817700
.503298800
.516113900
.456503100
.464459100
.464508500
.430722100
.446806000
.467431100
.482554200
.464010700
.418608300
.423170500
.479750400
.427453500
.467408799
.432498800
.433579700
.406213002
.463817099
.488596800
.456191500
.434240701
.430754200
.463015600
.456475399
.453485400
.419100200
.448494201
.387872200
.328452500
.443401700
.497218400
.445708400
.457753900
.514602800
.462433499
.487759300
.439791800
.427547400
.428198500
.409484902
.505163100
.450562300
.449306000
.465582800
.486268800
.497406500
.519858400
.449408300
.402590700
.479106699
.409445900
.393460001
.451554700
.458743300
.485253300
.424549500
.382846300
.398422700
.455767700
.483809900
.423232800
.440629399
.453884401
.537991900
.427540900
.435558700
.459552600
.468975900
.418265601
.443076099
.436474300
.457245300
.491486500
.495346600
.417433200
.499045500
.465060900
.436699200
.428842200
.472569500
.424008200
.434057700
.406460300
.449321400
.464404700
.489761900
.497197000
.461661300
.422573599
.477209400
.628145300
.358494800
.427860200
.474717200
.443235600
.471627800
.453809100
.432815400
.466531300
.448326900
.486283900
.418833100
.469392700
.449350500
.452784800
.557324100
.500676800
.415481400
.493964500
.469848100
.428988600
.439027000
.415718100
.454778800
.452106100
.430458700
.434764300
.479486601
.458223999
.449927300
.417714800
.423254100
.458730300
.479118700
.388104000
.474495700
.428884300
.423606400
.434748000
.460255900
.439944100
.452793100
.490358800
.396017100
.446875400
.481305500
.439437700
.497161600
.506412900
.474443500
.482956900
.496585900
.421466900
.473059000
.497348100
.419049800
.441197700
.485033200
.456559700
.456732100
.472721199
.443113300
.426221200
.441969301
.386286800
.454182800
.441987200
.468286800
.466606100
.432842900
.517953600
.447425900
.523982100
.485598899
.458851100
.459562300
.439219701
.444646600
.561810700
.447112000
.424676700
.477299700
.451225900
.483149100
.459263500
.444715600
.658965900
.473472500
.482978300
.440617200
.471576200
.422433100
.450666000
.507426100
.415713500
.434480200
.508070300
.426199000
.396824400
.466684100
.455352200
.358428400
.489030900
.434600000
.443467900
.505559899
.458628800
.376818700
.449727801
.458773799
.430319300
.460815400
.444195300
.492236300
.455336300
.432581900
.442103400
.473750600
.404391800
.462494800
.458606400
.421423100
.606548800
.437444000
.444175999
.468193301
.521340500
.425917200
.439212800
.509944500
.418752099
.475517401
.421393400
.387429600
.442250800
.491196800
.450624300
.467104500
.467931900
.463738500
.429447600
.476389700
.450070700
.403999800
.410954000
.412833600
.438482600
.438154501
.428331500
.492572100
.435580899
.467909901
.504958700
.452634900
.434754599
.421312500
.460611900
.461586801
.487210000
.444370500
.429978700
.467270100
.494741700
.455380700
.448354300
.471944400
.452795400
.472808800
.461911800
.456070200
.459322800
.496368500
.446265300
.415768800
.458675800
.423720300
.415248000
.464465300
.498516100
.402269400
.445131799
.442067600
.449551400
.455349600
.444019701
.457003600
.428221700
.450888200
.437699800
.476383400
.477140899
.481709200
.441790700
.534096500
.548262300
.448821400
.487518401
.441746800
.426548500
.429186600
.449813400
.466426300
.431153900
.458998199
.451598200
.450973500
.443278501
.443528600
.402594300
.440033900
.455057500
.392629200
.418408100
.434879900
.451018000
.455800000
.459255700
.475967800
.506000600
.379906100
.450898700
.428142300
.486762200
.388457400
.484783400
.432208300
.467575200
.470910800
.419926900
.450261301
.735704500
.454536200
.455732700
.410997500
.448000800
.453398099
.408550000
.487284600
.422738800
.492316300
.434217000
.423777100
.447024299
.443895500
.427067900
.452207001
.430847100
.478038000
.451031500
.488848500
.462296300
.411006100
.445367200
.438531700
.414630500
.479225300
.403329100
.428022400
.416075299
.450894501
.418630000
.518729999
.412016901
.510612200
.463624200
.410789700
.568074999
.514809400
.447388500
.435321100
.446787200
.479147000
.458923999
.455891000
.392291300
.445860200
.488062300
.450493700
.483737399
.470843400
.447810600
.450853901
.483238900
.420869000
.424993600
.417100200
.441787500
.428072500
.504743200
.425398000
.464623399
.422833401
.512456700
.363040599
.472486100
.431175101
.455881400
.441282100
.507799800
.434822200
.448449400
.410095199
.556962500
.460177000
.463304101
.470958299
.411748100
.426736400
.503895601
.455144000
.427620300
.443970999
.476421201
.398157300
.459054400
.497712700
.475474600
.411680499
.390689700
.463295100
.425794300
.457772901
.468256600
.426042300
.435204700
.396142599
.385886701
.478791401
.501438500
.450413500
.428295100
.456962300
.421154400
.468257800
.421556699
.499736400
.504812000
.409896101
.474141199
.432754600
.438191300
.442528601
.436253200
.431715500
.464243599
.445604800
.423111700
.432717901
.444353400
.392844900
.455533500
.446691200
.475860000
.423075400
.459662800
.630353400
.562166200
.530447400
.528616700
.547459400
.509155900
.562979900
.570763300
.503058800
.583058000
.434914500
.655619300
.460018800
.597852400
.422430800
.507365600
.540283200
.501661800
.467316500
.479142300
.463935100
.459065400
.391501600
.416621400
.425051700
.448615700
.471738700
.483764900
.500102700
.418903300
.491943000
.474273100
.453791400
.476448800
.452129300
.444679999
.418422100
.440333000
.384000300
.482111401
.439540400
.447274000
.439536099
.470559000
.384789100
.450999601
.395180500
.426600900
.472140600
.511456600
.453691800
.484973700
.501560600
.543610400
.427906800
.484199700
.424750200
.473802600
.439629700
.497595500
.478738400
.435632099
.455896500
.394178800
.432423301
.438530800
.400173100
.486722699
.441299501
.424577400
.449144500
.564058099
.446431700
.528042500
.468049801
.462835100
.426811700
.481321800
.409110500
.433775100
.441104800
.467471500
.454491000
.453455900
.426076500
.443270400
.490564400
.420790100
.594353500
.472444200
.432604999
.432571800
.475386000
.422406200
.444261301
.466599400
.428551200
.402687800
.459285000
.424584900
.439571700
.410761800
.427839000
.365706800
.454034599
.474554700
.447086700
.439393701
.456721499
.467083800
.429721101
.401474300
.412326300
.418172100
.447935799
.407575900
.494661800
.410649801
.439776601
.455906300
.459254700
.418637900
.427744600
.441376400
.453053900
.457343100
.514963600
.461426600
.486511100
.431987900
.435180800
.459595300
.487374400
.439878200
.426454000
.455933000
.443721400
.533465100
.455290200
.466433600
.516137699
.403255400
.431876400
.434908201
.427468100
.432007100
.412154500
.446566700
.538498900
.379572900
.488067899
.419557700
.460094800
.436227701
.402618600
.496863200
.458166200
.462546500
.513264600
.430003000
.483651200
.478536900
.435911900
.495032100
.427962900
.434378200
.443459800
.479589100
.443989000
.377415500
.452836199
.434026300
.470878100
.460306701
.454612500
.437516700
.437038500
.440021200
.419432700
.404011500
.414351200
.436200900
.446410100
.483018600
.454083800
.452415400
.422803200
.495640200
.418843900
.432359000
.419566299
.443857800
.426650300
.435978601
.420871900
.512594300
.448877600
.519959300
.429848500
.469020000
.466591100
.458813000
.463093300
.512018200
.472130500
.472551000
.502144300
.420432300
.410028100
.475891500
.454189900
.396028000
.435384800
.428319400
.469444700
.443176100
.418563801
.411187400
.440330300
.433575099
.432709199
.464892900
.381532899
.459186801
.510727500
.449352500
.443601200
.479929100
.404204000
.448441100
.493429400
.482336400
.467233100
.440804200
.403581100
.484967900
.467489300
.475101400
.445964700
.491828700
.457053300
.449326900
.428006800
.478642700
.411347700
.420620700
.374518800
.456734000
.456056300
.434459000
.432913900
.472643100
.389945400
.450734500
.456413900
.446578100
.412045300
.499575600
.439854200
.476076200
.474717000
.419219300
.454130099
.458827400
.426602900
.379420800
.485299201
.435983500
.381442200
.420447300
.477810500
.514859900
.326909900
.525175600
.502271700
.428733500
.456024299
.415938600
.450051200
.469910799
.437876300
.409065900
.558852201
.436908500
.428017400
.465986300
.467695700
.440134900
.467448800
.476247500
.463122200
.456662500
.474307000
.411316400
.447205200
.419464699
.442435500
.433848400
.440398901
.460737100
.433187600
.524103700
.439607200
.465140200
.478055900
.444711900
.424262600
.391758000
.422955500
.459446400
.432758900
.466724100
.465844200
.448821500
.460606700
.422529899
.442413800
.463169200
.424278901
.502321000
.419636800
.422917600
.420325701
.445964600
.480656200
.414360599
.427096900
.480956900
.488244500
.474366700
.405592800
.451502201
.434802600
.464749700
.422041400
.425308600
.459507200
.504060900
.459115199
.426159500
.445843200
.419765400
.462873100
.511748300
.432383699
.423567201
.435299500
.389653500
.428519700
.518426200
.439636300
.442060699
.490785000
.496614500
.399052301
.509362000
.448947500
.446306500
.444354500
.458055700
.445815900
.502511599
.498376700
.435779100
.542326401
.427760700
.446227600
.455931099
.407727900
.421974800
.469616300
.391077601
.446403300
.454511000
.451664600
.451700600
.490330200
.415855900
.410725400
.519824600
.475997800
.423600901
.434810400
.383398500
.416838100
.498165400
.443514600
.450430400
.436338200
.453946100
.429395400
.455696300
.461002400
.440367400
.461909000
.441413000
.428001600
.506218800
.435776000
.420114100
.497836900
.424823900
.461682300
.435912499
.434303900
.424255200
.488285401
.467964899
.463094500
.447995100
.365165501
.452736600
.471787400
.394397500
.451595800
.463729100
.463999500
.446975700
.441370400
.478586500
.436000900
.499212200
.423835500
.465434100
.621216600
.434445000
.442122600
.443883300
.455105000
.455843400
.443075000
.442863400
.427959300
.471509599
.418749200
.416200000
.431785700
.425989801
.440936200
.426798100
.467169501
.502463500
.436027600
.476379200
.448879899
.442545300
.459776001
.436058100
.467658400
.373304000
.465200900
.483273500
.510201600
.503267599
.474813000
.411102500
.500187500
.417326200
.392117701
.531779900
.440347700
.447398500
.438679999
.574280001
.446714400
.447933800
.490518500
.496429500
.450401500
.444185800
.455601400
.415180800
.440095500
.458514700
.497450700
.442973200
.476236300
.422408900
.436595600
.445256599
.508465800
.398364300
.436629900
.435927900
.417073200
.438306201
.482934700
.577691300
.477230000
.442950100
.424793900
.423519700
.446927299
.405117700
.439320300
.467046101
.474316500
.451001899
.391560701
.447610600
.442582100
.467022400
.412505900
.422629900
.406783700
.465022600
