.394139600
.518457600
.349867201
.398496399
.356253700
.374484100
.357122100
.394093000
.389299800
.500313800
.415173400
.397385500
.395605100
.336587700
.399316900
.374873500
.374745900
.368664900
.364260700
.367607100
.370115200
.377854600
.419806100
.370506800
.430977800
.375774500
.396334700
.382773900
.356379100
.415344700
.401993800
.359531400
.385215500
.347166900
.407838600
.354398700
.437770000
.438961899
.410088300
.368244000
.362599300
.424874000
.373394900
.388364900
.359785201
.388252900
.396811700
.357862600
.348520200
.388945800
.376230800
.380192400
.311469900
.393394899
.381332300
.401594000
.347036100
.442431800
.529685900
.368758200
.415902100
.373820300
.375309400
.388456600
.383507499
.370960600
.374760300
.374321701
.419600800
.399363700
.361994500
.358909200
.429637400
.382095900
.377335900
.391628600
.395207600
.342996900
.380299100
.410138599
.408101700
.365721200
.387720700
.389977401
.477745300
.525126700
.406325200
.427448100
.370514900
.364494900
.403815999
.445923800
.364693200
.386551201
.398486000
.380539500
.369147300
.333047600
.472233100
.484499200
.373867900
.386139500
.414032300
.367945100
.366732500
.470468500
.405599300
.366444600
.358804000
.521029800
.361396400
.367805200
.393227499
.384607400
.357003200
.323747900
.366282800
.392872400
.381310800
.389744900
.350588900
.405380100
.373696300
.393852400
.381941800
.367289600
.363835800
.446600401
.407327000
.384261700
.354114100
.341941600
.383863500
.388796100
.367851300
.356779900
.367507900
.398558100
.332868500
.343927300
.373421400
.353515801
.380575501
.350416299
.458762500
.356669900
.360667400
.376998401
.364172400
.403023800
.357018800
.368322500
.395753300
.382421700
.351673000
.355614000
.387906200
.350758400
.377493600
.375798000
.375683200
.365216100
.361720500
.346357800
.371672200
.356328700
.375363500
.369955800
.388940300
.380656300
.478618900
.377489600
.365551800
.418834800
.358693300
.380283799
.430770800
.434230100
.370908302
.418067600
.364243900
.393727200
.338414000
.401552400
.381761200
.359939100
.345057400
.425597100
.386387600
.361390499
.330589301
.389154600
.354069200
.370544900
.400821700
.406913600
.382760600
.360484300
.400881699
.381481400
.365011900
.358623800
.389867500
.384585500
.369361300
.408335100
.372422001
.380583800
.417642900
.366411800
.380838599
.403660500
.516969400
.352683301
.406902500
.393465100
.380758300
.381642600
.463742000
.359240200
.399254400
.403160400
.430847800
.373158000
.387829000
.403110899
.377942900
.347815000
.350046301
.406935500
.368965700
.374427100
.345651100
.348965100
.385435600
.373469500
.344390000
.399727600
.388519300
.388656300
.410612900
.371147100
.369952800
.385451900
.368531200
.360644800
.374998000
.372797600
.370313000
.369540200
.392989900
.369257099
.383447101
.397485100
.382549100
.359363900
.378682900
.368078700
.383420200
.397680200
.359274599
.373002900
.378657900
.389654700
.391736500
.396812800
.361398800
.365655400
.388404301
.377631900
.379243200
.374657100
.372896300
.366154600
.371958300
.391037800
.432684400
.396173900
.376309600
.434405400
.380944700
.403467200
.374333499
.407360900
.375912300
.376364200
.527615801
.537665700
.469109900
.377295600
.383867199
.389004500
.381648100
.365299900
.387305100
.414971400
.419758800
.382363700
.420466900
.378697700
.362124100
.396889300
.372745700
.368418300
.365197200
.381470199
.435349000
.383335600
.382200800
.400139001
.406966400
.369558200
.396477100
.382712000
.381370300
.403418100
.357923800
.393244900
.428907000
.379301699
.367807901
.401739700
.372020600
.367628400
.405922600
.393587999
.382281300
.376194900
.388006401
.390217200
.356168000
.433412500
.407470500
.354347400
.375216600
.344992401
.398164700
.383710000
.406782900
.354730699
.400972200
.399090200
.358458001
.373037100
.374620400
.450085600
.343243200
.398625700
.383850200
.383654200
.365296500
.397087900
.430991300
.420288400
.360964301
.368913400
.356286700
.377636500
.362134300
.373015100
.374163600
.333149500
.359835200
.413824499
.355287200
.374392100
.355885601
.392699199
.389137800
.376231800
.418405700
.379677000
.382489100
.364929600
.381341899
.384748900
.369172400
.472634400
.383625401
.431834500
.378261000
.359265100
.374774800
.379160500
.447283700
.371636800
.378471300
.358785300
.403683200
.351957700
.406412700
.403629600
.416069700
.388117900
.360270200
.367058200
.380711800
.370461900
.404683100
.354223500
.399018000
.405135700
.435285500
.358330699
.350502100
.524941400
.481489101
.579160000
.509138699
.606317300
.626961601
.479307400
.486558200
.644671199
.638080800
.556328801
.583989300
.882842000
.383635900
.382989900
.386267000
.403677700
.392895800
.376010100
.361564000
.417933800
.377266700
.376519800
.355811300
.406233899
.407277400
.378215300
.343444701
.374705300
.380752800
.351432700
.346579400
.387073900
.500167700
.359110100
.366066500
.386001200
.364214600
.362512200
.348707700
.407098500
.387917700
.356653000
.384415600
.392522800
.462406500
.428637100
.399543199
.381540400
.352689200
.377999100
.419495800
.351506900
.358676100
.382521501
.528795200
.569287100
.360208600
.378738000
.384737900
.387628000
.346241700
.393618800
.448554600
.383164500
.351488400
.394860200
.392047400
.344856900
.363932500
.436576800
.382214500
.392943600
.387537000
.366539100
.348144300
.389961400
.508365500
.390331100
.402586200
.344599001
.450284701
.410532200
.359470400
.354352399
.432691100
.391613200
.357700501
.402138800
.398054500
.366064400
.351180500
.394688600
.375712100
.376923200
.468011200
.409321100
.371147600
.381978800
.363808700
.395777000
.409246099
.370064300
.357702901
.371845000
.398229300
.391509100
.338467700
.399862500
.387789899
.362104200
.412975101
.382944000
.366973600
.372613700
.384889200
.383107100
.419908800
.394261500
.397554900
.370532400
.390084400
.399071400
.386618000
.412812200
.367264100
.409897100
.356637500
.412871900
.388290400
.394282899
.386392900
.398253400
.400396200
.422354500
.374736900
.364543500
.391948900
.378322200
.373192900
.382434700
.364263100
.397044301
.397895800
.379730400
.340718600
.405156699
.390264300
.361601400
.365270600
.380399400
.387749200
.359079600
.386374500
.395805000
.379529200
.350619100
.378518100
.390111900
.373611300
.398406600
.359012100
.413735900
.373483500
.391527500
.425030700
.380936600
.363680500
.366833000
.376616700
.377148000
.385278200
.365110200
.422932200
.411551900
.383308300
.391603400
.369768700
.372375100
.517619700
.421333600
.377785500
.369794800
.364619600
.396571099
.403477200
.374408000
.361657700
.405264800
.418128000
.371516400
.346248701
.478178000
.365247600
.358681100
.369044399
.344906300
.375671600
.354426000
.347974101
.422766100
.375333200
.413794500
.443403300
.366383400
.358866100
.363830199
.399603700
.402919100
.354267600
.352037800
.387967300
.381694000
.382590900
.376314301
.376857700
.386443200
.361051799
.352452201
.424094299
.370718400
.374431700
.335799200
.408422801
.372296399
.408040901
.370697199
.384652300
.368669700
.374649200
.370600401
.382940700
.423766500
.359224900
.358745000
.393168700
.369508900
.375899100
.375321899
.411348000
.361863500
.351615700
.416175201
.393096000
.376124700
.344197000
.454154300
.408721300
.363410000
.426485500
.352206500
.389981300
.348814700
.456583500
.375582400
.384210800
.353977600
.383590800
.386025300
.360725300
.362513600
.377470600
.365593400
.351656600
.563533100
.376407600
.369153100
.363190700
.347375000
.372260500
.376369500
.375631100
.348960100
.398642699
.367353000
.360948400
.352232300
.364637301
.410984400
.363186400
.375434800
.404257300
.374542900
.372827000
.365594300
.415390800
.364127900
.365230900
.343864500
.371781598
.402169400
.376293700
.354106601
.376972799
.453625500
.351903400
.377298499
.394948100
.363647300
.404927200
.403119801
.394524800
.380690100
.370107000
.364207600
.378192000
.418976700
.351350400
.372534599
.373273700
.404487200
.353905700
.441308601
.382394500
.359291500
.357727200
.401047800
.423814700
.398164800
.356288500
.407147900
.406232900
.387987500
.384526100
.387510700
.377473500
.381323000
.394251600
.365620100
.406973400
.347501000
.428226899
.380262900
.369214100
.346990300
.413009501
.377914000
.407458900
.353150500
.459327299
.394177600
.365224300
.447400301
.367076100
.394492200
.386590700
.421948999
.371387600
.349755900
.360568600
.398480801
.382844500
.370560800
.354257000
.376992699
.365637900
.374474600
.376603100
.412742101
.399920800
.361778400
.369376201
.390343200
.421970300
.359131400
.342241700
.387523300
.377300700
.350056200
.342566900
.376678900
.365765300
.378850500
.362992500
.412677900
.371639300
.360112400
.345207200
.383869400
.400347400
.386864700
.422203400
.403546800
.363696800
.390900000
.465024600
.399683000
.367622200
.359189300
.390670600
.404033200
.365827500
.335402800
.429799900
.384556800
.422783700
.372334000
.376272700
.376974400
.372094800
.365304600
.390324300
.413602400
.359328600
.383742400
.370255800
.407557300
.355585100
.407583500
.454177300
.361653800
.361744300
.378492200
.373219600
.353750000
.344548200
.410784599
.364872900
.359388800
.367659600
.372026200
.386462800
.355893300
.375222500
.469513101
.360256100
.349311700
.372130000
.381118100
.370206800
.382254600
.358485300
.373279300
.394792900
.503036100
.371244600
.369293700
.416297200
.354126000
.381008400
.407366000
.413546000
.348947400
.401725799
.363010000
.367929900
.374292200
.389750400
.468738000
.397653700
.364254501
.405953600
.377496200
.363326900
.342343900
.422647600
.365458600
.362756800
.350879100
.343038400
.380829300
.360173400
.348686300
.385113100
.401925800
.351890100
.417853800
.463372600
.385993100
.358539500
.441592299
.393552100
.373732700
.397845401
.370570099
.360933500
.642370000
.437825900
.373208300
.446543900
.338396999
.370262800
.388089900
.398529500
.365912901
.399604300
.397705700
.367518800
.349194800
.392657800
.391443000
.344848800
.375424300
.383204400
.357617400
.371494700
.348528000
.409519800
.363590800
.381189700
.385350499
.457763300
.368481500
.376016400
.404939801
.386010500
.356449500
.337343500
.542973100
.382076300
.381610200
.401441900
.390424800
.404901400
.380005300
.419818400
.393275800
.371188500
.634824900
.395510200
.367818700
.344910700
.379807599
.419700600
.393644400
.336984300
.443721201
.355303400
.378087300
.344930800
.380213699
.373935200
.354368800
.343638700
.398241601
.381942800
.360814600
.343583500
.385823199
.373377500
.395406800
.341357600
.401278401
.401827300
.354868400
.334746400
.394925200
.395762200
.359323600
.353666100
.393829099
.370254800
.368163500
.381285000
.374366501
.393846600
.409749400
.352227900
.380594299
.366558800
.354966100
.379856101
.365735600
.411361800
.354626300
.342460001
.406355000
.368311400
.348103900
.355207701
.403490600
.383612200
.355710600
.345732500
.395929699
.342647300
.361493900
.445994001
.403740700
.398019200
.386508300
.377157499
.402734900
.359617100
.335028200
.380870600
.377084200
.367581400
.355088400
.394573301
.395437300
.385548200
.347510600
.436695899
.364514300
