.297555400
.286178700
.274960100
.286646200
.284520599
.292705000
.276967400
.279380300
.272851100
.294688701
.277115800
.291274300
.276480200
.274039100
.293696999
.287602800
.284962700
.333765500
.282463700
.289692600
.318724600
.284661000
.276635500
.272514100
.312447501
.288923100
.290546500
.276720400
.283522899
.281420501
.273339800
.300920400
.288704400
.283443800
.279553500
.281377500
.289919700
.268520100
.286643701
.268060700
.307074099
.279824900
.284897100
.284595100
.272510500
.292076500
.277107700
.281441700
.285238900
.292188901
.277092299
.282843102
.276565700
.314667700
.273586899
.298494601
.309929300
.287216000
.272677899
.277161602
.313473800
.291429700
.288883199
.280676800
.268998501
.272781800
.293164600
.311909100
.298214300
.276938700
.293038299
.289257700
.290066500
.273206900
.268691800
.280593402
.295003100
.349473700
.288528400
.280823400
.284575199
.281967700
.276625001
.274167900
.261170900
.294625900
.281304100
.322642300
.279397200
.284101000
.272685800
.323060299
.297015200
.278775800
.277249600
.278927900
.294743801
.290936800
.279612000
.268542600
.293328601
.289574899
.291471000
.276924300
.283652800
.266463100
.272026800
.296119000
.291188300
.308585400
.288344900
.268875500
.307882000
.277000700
.268752300
.269596400
.241736000
.275663699
.285920400
.272795300
.284327101
.279148000
.300553499
.294295700
.283505000
.268832300
.278916500
.276953599
.304000700
.277318600
.271363500
.273124900
.278543901
.276875500
.363662599
.268448200
.285792300
.269051901
.323765999
.279564200
.296470800
.278470700
.275433799
.273799001
.278313300
.276939000
.271982600
.253312500
.305906200
.278476700
.290614000
.268641500
.271820300
.268577400
.298674900
.296627200
.287871000
.268762300
.293004800
.284367199
.276038500
.302116200
.265844400
.280381799
.287240400
.304895900
.288885401
.288615700
.262467801
.291937099
.289082500
.273627700
.288417500
.283876800
.274030501
.278839600
.293397200
.277360600
.268684200
.289547799
.285905200
.295854700
.276378500
.272333800
.266705301
.312720599
.272829600
.279096500
.272554200
.265780300
.289406199
.299566000
.333414000
.325714300
.279304701
.276430299
.291686900
.322282800
.265636500
.264526400
.276809899
.289567800
.276995900
.266390900
.274683000
.279618401
.288728300
.274209400
.268868700
.279270800
.251797200
.297681600
.273691000
.281015100
.273681900
.267017100
.293142499
.280781800
.280871700
.283516300
.279797300
.300609401
.273506700
.280194600
.277826300
.275221200
.280990800
.295020200
.282546900
.280411000
.287376700
.269589000
.281522500
.268719700
.281706500
.287729400
.264372900
.269256500
.294437100
.282721900
.277451500
.256870600
.306286700
.288830700
.306920200
.265085200
.286755500
.296438000
.275120800
.278981000
.270093700
.256871900
.281214100
.284821600
.284731500
.271371700
.276301900
.276848600
.324816299
.311713900
.278203900
.272138800
.282730502
.326301999
.310494400
.278635400
.315023400
.271919400
.292357300
.311626600
.277472900
.291281700
.272719600
.299970700
.272609000
.291831600
.272499400
.281641100
.285496599
.299713300
.274673900
.268980800
.277147100
.309238401
.285550500
.280515000
.284657700
.272773400
.272643201
.268954400
.280657500
.283309300
.272563000
.267600400
.302840600
.272503100
.318773400
.280524400
.294787100
.287532599
.300983800
.284093700
.278870400
.240524900
.304592901
.291772400
.308960500
.281530300
.286786100
.292501700
.315635600
.268533900
.307509000
.272923800
.282110500
.295787200
.271067700
.289692500
.285213000
.291281600
.320795300
.282560300
.272435900
.320628100
.312450000
.279114800
.281319800
.279733500
.404569300
.299624000
.289030300
.275937200
.270548800
.304066700
.278369000
.287634900
.293214000
.284409900
.283510000
.268944100
.284083800
.280827400
.289953600
.279196100
.244456100
.283548299
.286379600
.276509800
.275338100
.269446000
.271028101
.314502900
.276205500
.287517600
.268784000
.246898200
.295930700
.306337000
.294906500
.272599700
.268994101
.283451900
.367917500
.283054200
.277303300
.276886099
.288094201
.278946000
.271748200
.268121300
.273995400
.298825099
.280606300
.278354500
.262359400
.290929600
.304902101
.287492200
.292747300
.287953300
.276772800
.327434500
.288809300
.271888200
.272718300
.297362700
.295109000
.293651300
.289225600
.270166500
.269325100
.277480400
.278810600
.276868600
.271154900
.288312900
.272894500
.279373100
.276778300
.274949400
.268780700
.271959900
.288633800
.296502200
.285092400
.283278600
.275967000
.269337500
.279938500
.279192100
.279039700
.267491600
.270779800
.310967100
.281645700
.286601300
.274673400
.276916500
.284267800
.288178900
.350236700
.271483800
.273727900
.301525899
.323119400
.280860000
.282311400
.300688000
.296535200
.288994000
.269066100
.290810900
.296348600
.276775400
.295571200
.272594400
.269795100
.258906200
.277317200
.281406900
.297331300
.284501900
.280668500
.330276901
.294117500
.314861200
.284176100
.283027600
.281345300
.266451700
.324856200
.278824400
.337195500
.276765900
.299937900
.274802500
.277305700
.278008700
.274563699
.318626601
.278772100
.284041500
.282894000
.270515300
.372477299
.344135000
.288451200
.280029100
.237976401
.297894699
.288721500
.275363600
.280692000
.266421800
.425880399
.594384400
.273781100
.272890901
.284336400
.278496300
.284767300
.274562400
.279644501
.286908900
.300475000
.282283000
.269407000
.276600199
.294051401
.280530200
.289719600
.303185000
.273645900
.300974900
.306104899
.278453000
.372438001
.281119100
.367726399
.288497200
.278972500
.281574000
.260733400
.282027101
.281147700
.291187300
.282157900
.349699400
.293716900
.307611800
.280509400
.301980100
.274923900
.310937800
.285731100
.270642400
.290988800
.266143800
.295720800
.276619800
.283521300
.268886900
.286276800
.280107599
.307715700
.295797800
.270490800
.276838500
.274438401
.309775000
.477324500
.283866500
.290199500
.267099800
.323812800
.280681300
.263212600
.281063300
.288927599
.305961100
.314801400
.282342900
.280416600
.284776701
.290535100
.294072500
.271404200
.280159600
.309225399
.313730500
.316808100
.280406100
.271732700
.301020001
.289316200
.282414099
.283057200
.271998600
.283194601
.318320999
.288109100
.265170600
.264383100
.284019001
.281443000
.290225600
.276944800
.324553700
.330868700
.322002800
.270676400
.273270400
.288854600
.271478400
.279055299
.295192600
.312044400
.286822600
.270855900
.314844500
.270537400
.291576500
.272391600
.269031000
.361907301
.289498300
.296062800
.272698100
.285658300
.337400100
.327870100
.286721900
.269421900
.265195300
.270929500
.286140700
.273413000
.286459900
.272299500
.305637300
.290311400
.321968000
.275962500
.308702500
.308653899
.311714400
.279251000
.275749600
.279853600
.309226301
.307654400
.281336500
.269437400
.230975800
.281160699
.281970000
.273931400
.283140500
.345903700
.270434101
.268633000
.288322000
.284470000
.287406600
.276751700
.302910900
.288653600
.279449600
.269539200
.293447700
.273050999
.290460900
.279613300
.278469900
.272887500
.277347601
.327357500
.291539800
.284314200
.288728100
.284799600
.274712000
.395253300
.272817700
.282243100
.288622899
.295413300
.277881200
.281338400
.275948200
.279942801
.281633900
.277466800
.329741100
.279450700
.278931700
.307554200
.272386700
.278800900
.262507300
.269849900
.277061699
.298707600
.285348000
.279861300
.266941000
.299320300
.277465100
.287982200
.276847500
.272724500
.276156900
.271106300
.291869000
.310526100
.279735800
.274444001
.308114700
.276432900
.278455100
.278104500
.276505000
.300932500
.291235800
.268650600
.283191300
.267123201
.277681599
.290556400
.324518600
.239753300
.276944000
.279878100
.292643600
.282436700
.272101000
.283652400
.316512100
.287533800
.400220800
.278822300
.280321900
.305413700
.279315800
.264638300
.280724000
.272001400
.297965901
.283735900
.279483000
.272792500
.272459100
.288172400
.297211800
.283864300
.282457500
.259134500
.279731601
.281048300
.270063100
.297282000
.284363000
.277894300
.283267099
.325020300
.271210200
.279824600
.278825500
.291589500
.307045200
.285154300
.282728000
.288817600
.283197601
.308352000
.286003700
.293307700
.280542700
.304417800
.277570800
.280915600
.284224500
.270522400
.290018300
.292526800
.264642600
.280366100
.279901700
.276635600
.275031700
.262739900
.275215100
.279758400
.274052500
.286490499
.288600800
.444464500
.280229000
.262099901
.266107000
.296753100
.281928700
.304798000
.275075700
.280592199
.297229300
.274065900
.267418900
.292772200
.282593400
.287474900
.272306900
.274200200
.272843100
.298234301
.279094900
.287388000
.274257100
.266339200
.326957800
.287252300
.272600200
.278163000
.272774100
.243268900
.288110699
.280724600
.280401900
.282046800
.266321500
.292610901
.303857700
.276347900
.273395700
.287459600
.292754000
.300374700
.290442200
.315352400
.272801800
.288691400
.260627000
.292838000
.276610100
.290556800
.273838400
.285982900
.274457600
.296268200
.275985500
.272302400
.314832700
.286646000
.288271500
.268781100
.281541700
.301018100
.324532800
.277830900
.271289300
.273306500
.283028199
.357005900
.277296800
.281728900
.279742500
.301320701
.284464200
.292784700
.272675700
.272398600
.297250500
.306790800
.276827700
.272617400
.273008400
.295319800
.292801200
.290784100
.290679500
.276968300
.277719299
.312899900
.286082600
.277901100
.272614500
.292425902
.284578500
.271143200
.263129300
.270740900
.276682400
.291386399
.277129600
.270933200
.284836900
.279944300
.310913400
.279859700
.282272900
.288659100
.260487000
.276194600
.300850600
.287795900
.272142100
.276385200
.263056701
.319251800
.268619300
.285593000
.275500500
.292775900
.380303399
.315559601
.370289600
.428721800
.468626299
.387172901
.300655000
.233937300
.295550799
.292588700
.278401300
.294386500
.279511600
.304898601
.279402800
.277930600
.275698000
.273220900
.281891099
.280694800
.290094400
.268489500
.280019400
.270949702
.317468200
.280912700
.266168400
.272110300
.280795000
.277392600
.264611600
.300268800
.260293900
.290995100
.276812700
.346791900
.271971400
.271769700
.294904000
.280759899
.278079800
.280911700
.293247300
.268752800
.282654501
.282613100
.277372200
.268508100
.273385800
.268919200
.307971799
.291572300
.284562800
.274560700
.276209200
.282300900
.312035600
.284669900
.284313300
.283062900
.297469301
.298713200
.291938800
.267275100
.273489401
.298351199
.286438900
.301795600
.280825900
.274493300
.313243700
.288966199
.289438500
.285920100
.292380800
.317140501
.279177700
.301087100
.272495300
.232939999
.273909501
.390585400
.340368900
.276610301
.292752001
.293404400
.279405400
.291986400
.286942700
.272189000
.272790000
.305939800
.283897300
.292321700
.280356200
.268302100
.305115099
.270722100
.299467500
.276451500
.269035900
.268859601
.283587600
.289184100
.270608700
.281930600
.319665400
.288718900
.284880600
.291440900
.316920100
.293955699
.326640200
.284241400
.281988700
.287963200
.284760001
.297057400
.275724500
.280930500
.272411900
.307071800
.305953000
.269679500
.271399900
.278565900
.284367800
