.838069900
.837214000
.779083999
.850727402
.855472100
.860016500
.843874900
.853274500
.815803300
.836908700
.849896800
1.305087100
1.097755000
1.295617800
1.234227100
.994875600
1.268264999
1.129804400
1.166749101
.784723000
.870912499
.858785401
.853361800
.743031300
.874462700
.815846299
.780008600
.824144101
.821476300
.860955100
1.074682600
.784274999
.900958301
.855923899
.890274501
.950566500
1.003016400
.839864800
.903673800
.857661899
.902090701
.883855300
.895292099
.833803500
.922133901
.809550300
.835573100
.858437000
.804704800
.898019699
.888104400
.877523501
.859938900
.845489100
.930737400
.796685100
.904107800
.865384000
.835286000
.851152000
.756393000
.866034100
.847288400
.774015400
.834799800
.886786499
.857384901
.858397200
.822976199
.833945600
.864981501
.804277800
.792000699
.923613901
.879501000
.974189799
.738899000
.818077901
.932240000
.783579599
.876488801
.906302100
.830914399
.800967600
.829032401
.863095100
.880303100
.866251500
.858957500
.831276300
.889881100
.915714200
1.002492700
.867462900
.834846499
.848868800
.816657601
.875205300
.947039500
.835579600
.827219500
.766989999
.862358700
.771989101
.902387800
.863792900
.882721600
.857022700
.848326099
.879077700
.837272100
.910776401
.835998600
.883055299
.826168700
.910423200
.831517600
.878410801
.890326100
.833327000
.855635199
.777604401
.839404000
.866192500
.842421899
.854703801
.804643599
.893621801
.824669800
.870448000
.829718600
.826991499
1.018526801
.800057400
.852477000
.846361400
.834179000
.823129600
.736397100
.861957800
.876518800
.838188599
.901875502
.870135999
.875563899
.795517400
.883146700
.859911800
.814679299
.819161200
.804569800
.833983500
.832613001
.853706900
.785417100
.837901900
.879165100
.827971300
.850180900
.845866100
.861334900
.788250300
.824601600
.869967199
.848368801
.845782900
.796618999
.822830200
.887000599
.780134701
.898179700
1.177774000
.828868100
.756391100
.827843300
.856118799
.819434701
.881656400
.830176499
.863057201
.922843100
.846991199
.918889100
.824185001
.750818800
.887578399
.795295600
.884366101
.918840500
.841715800
1.109474300
.886926400
.862700600
.818198800
.841774000
.846087400
.868829200
.832185299
.843076101
.851967600
.852243799
.865873900
.780259800
.713470800
.885840001
.847796700
.865787099
.810180001
.884922000
.907846900
.842998300
.842628500
.909713600
.846093400
.819225400
.846608000
.763423000
.877671200
.825702800
.827209400
.791297299
.824746901
.928589300
.856742300
.838005300
.861044699
.834726500
.834441101
.841916800
.852679800
.881853399
.825151501
.846223700
.850947100
.764387999
.854108100
.817704500
.813622700
.804336800
.814368400
.843860900
.864713599
.857405000
.884107001
.763054700
.817387600
.825070000
.834388700
.997157799
.835457600
.726985900
.882683901
.791051900
.861709300
.824962300
.816992000
.892426500
.776898299
.817971601
.861227200
.813131300
.853398399
.841992601
.824052800
.866064299
.855768700
.849338701
.851162500
.812325500
.892745400
.763172400
.821721299
.869401100
.798350101
.907883000
.817843799
.824178400
.864992300
.825269500
.883600300
.857264799
.825552300
.792409401
.922395700
.832979900
.870944999
.788422800
.952705400
.755038800
.869825600
.861448401
.802384100
.836136700
.895199700
.834473999
.884845802
.853533100
.812223000
.829327300
.836019000
.784033000
.892949699
.848390700
.843501700
.774839501
.845310100
1.133117500
.811818300
.861624099
.833649601
.890757700
.769597400
.871027400
.855953799
.861424300
.832274700
.885450801
.838676900
.825487300
.831143600
.821606100
.790304400
.893351800
.794668600
.878176500
.831487500
.789677800
.859616700
.860163500
.811537700
.926823901
.847609899
.841220301
.874445400
.902557200
.816963100
.875013000
.920140299
.873064000
.831646101
.774616300
.815606900
.777641600
.918227800
.857509501
.827597300
.837489699
.861192600
.841332601
.876807800
.850257200
.819402800
.762366800
.895688100
.854438500
.837045800
.881658900
.823630900
.813653600
.874224600
1.286804000
.921231600
.974401200
1.476749399
.914487100
.937740000
.995625301
1.424281299
1.137280001
.885570100
1.285244600
1.133744500
1.012370600
1.036328000
1.513180500
1.364631900
1.253932399
1.177969300
1.000097101
1.264681399
1.041113801
.865912000
.893685500
.889209600
.837319600
.901504900
.793745100
.856206700
.814721600
.833792100
.850803800
.870764700
.826544800
.834904899
.850951900
.910843701
.869053100
.856392699
.854722501
.778970000
.835382799
.778822800
.871976901
.830650200
.879112900
.850907699
.803415000
.839072699
.849294600
.824800600
.803084600
.838604401
.826941400
.782293700
.834526200
.833322200
.844338401
.754349400
.801118600
.770665400
.843041300
.838798900
.752063799
.824308300
.811030800
.785600000
.856550001
.804083500
.824535800
.808206200
.859571600
.812484200
.851940000
.854055599
.792081500
.784224500
.863114201
.851822600
.791867999
.820201700
.843449401
.883940100
.781986400
.849068399
.907128300
.813552700
.830550000
.867710400
.864314500
.840114200
.842711600
.842837100
.874716900
.778929000
.848806700
.806312800
.884552800
.907675800
.785405900
.839251400
.824556500
.812273500
.848435600
.821262599
.852502200
.875656200
.828194201
.785894200
.819227300
.869460900
.809126200
.854905300
.830998699
.833975801
.852360899
.857274900
.812269500
.879295499
.860809300
.754354900
.819298100
.849199300
.793163601
.863213200
.852677700
.841603800
.932688900
.929347700
.859911499
.814568901
.817526000
.942275199
.827271400
.869302301
.822912601
.762241299
.876124701
.754397200
.825793400
.861268900
.829811100
.876089500
.768639200
.866132700
.884917000
.865608400
.829671500
.888170299
.902619000
.781888001
.818794300
.857941400
1.013476700
.816613200
.819498699
.887132300
.847904501
.853160700
.837439200
.840178900
.823044700
.781115300
.855794900
.845370500
.766493399
.840596800
.764749600
.864766100
.869473900
.844959400
.841400900
.844627300
.870753799
.749970601
.875473300
.896803200
.797653300
.833313999
.784551000
.873404601
.845289600
.897106000
.812940799
.864927500
.878572000
.770147000
.867249801
.885105000
.785519200
.881371600
.811687000
.865742399
.932934900
.869109500
.857128801
.824767399
.858710801
.882645000
.865894199
.857433200
.841102001
.845447700
.775414000
.886805500
.848377600
.917426000
.837200999
.860681701
.866605700
.880110500
1.156912400
.860345600
.837125600
.846337600
.824042900
.843649900
.817374300
.866691800
.788062000
.811966400
.849783300
.873240300
.817856799
.859154801
.878998900
.835805400
.836304600
.902688899
.877039100
.874381501
.773271200
.826937299
.897911701
.849186500
.849304299
.905024600
.866155101
1.006574900
.922583899
.824281600
.872855700
.905285800
.852982300
.902598200
.788810100
.840009301
.893576400
.781951999
.856981700
.799236502
.875130399
.859935200
.950851500
.878595800
.849141200
.890790499
.777826701
.874164200
.820082799
.840559500
.896644900
.860923100
.850875401
.853452099
.872676900
.820890000
.874580400
.793318700
.918919700
.870295101
.806724200
.966489199
.803400301
.837301600
.842282499
.896697600
.832234600
.871476600
.878223800
.905203201
.877097100
.886469400
1.047078199
.756724100
.852727100
.896778401
.870253400
.883176900
.861487400
.814853400
.845308199
.851634101
.845642900
.796113300
.889198700
.875376300
.819267999
.816987900
.853884601
.843250201
.837577300
.858774899
.777754900
.959789701
.853747800
.804137900
.864977400
.839811298
.817622100
.912837900
.858640501
.823648700
.839557700
.830490800
.902265399
.837185301
.892928600
.827447300
.793536100
.884823400
.772967700
.891308900
.873294900
.823922900
.831059100
.841843400
.867081600
.859670601
.830896999
.907114700
.821210200
.844923300
.829160200
.908491499
.839873300
.843970500
.820095801
.840873100
.859291399
.891127701
.858839200
.802853300
.781747700
.936833000
1.220205800
.984856700
1.058529699
.969399201
1.339330399
1.230746900
1.275112701
1.128369700
1.206831599
.866222600
.939518700
.852635300
.860421101
.825867900
.773672300
.859802900
.888504000
.875710000
.851233099
.765129000
.884675001
.834010400
.875221500
.855488300
.805053300
.873823399
.898078700
.870623000
.859888300
.903747900
.868180600
.788517301
.848629000
.813030900
1.020403700
.875768300
.839483700
.854090999
.850611701
.835894500
.904118400
.818902699
.866610102
.880292499
.824139100
.851315100
.833071300
.817514600
.878429400
.837475200
.834822900
.840945800
.825343499
1.086946000
.897007900
.810233699
.839737601
.831848400
.824081900
.846018500
.863664399
.862708700
.773076700
.840997000
.840087201
.742300400
.801228300
.743008000
.850544400
.837632200
.828186100
.836277699
.784690500
.818941400
.796954900
.840431301
.853327900
.807831700
.883801000
.812889300
.818111600
.826573300
.841660800
.846807801
.836404500
.824616300
.792983900
.865535500
.828161800
.767945699
.844134500
.821032801
.846109500
.826557999
.849495701
.842070000
.812961499
.872727200
.764830701
.876504700
.829554700
.771686200
.867708100
.805113900
.818185200
.863765500
.824380600
.818910100
.839859599
.837263601
.796551399
.840730800
.865638801
.795499400
.867944099
.821224900
.838319300
.867060001
.927927400
.854875500
.876837300
.814563300
.791092700
.884217599
.819984001
.804059300
.895312600
.853730600
.862551900
.865964499
.837202501
.917832899
.891882300
.843659101
.901384200
.838706900
.845131299
.859040600
.824824401
.833774800
.817547600
.829412000
.888280000
.769668199
.855402001
.789459499
.867345400
.865536401
.873203800
.839013699
1.041487701
.867256500
.843651500
.896084700
.835420400
.846567100
.863342200
.877408100
.894288200
.801204500
.834635600
.816772200
.797923400
.891066499
.878017601
.844478000
.851489600
.858403400
.799327300
1.128491300
.850523800
.829432000
.912332900
.845711000
.842331599
.853876400
.822546501
.831831700
.806448999
.830828400
.798533201
.889339800
.842213799
.894918701
.834302400
.861833599
.830311300
.787043301
.989670299
.805519100
.835667101
.867697900
.742457700
.853871700
.849675999
.885317800
.867954601
.961618100
.894345500
.886877000
.844919699
.839767900
.813651400
.807679500
.913690901
.893523600
.842242700
.989813200
.772993300
.867706399
.900640500
.896346001
.866192800
.764436899
.855477601
.754283300
.825566500
.930754000
.891063000
.758408000
.837214200
.836837899
.765153901
.880978500
.857602000
.815109599
.781706000
.811996701
.830333200
.861868299
.817514501
.783822700
.755970400
.852970099
.841172101
.859324400
.861394000
.848703600
.866088200
.831343100
.888925000
.944412300
.849310300
.861364800
.918258500
.847312800
.882552200
.955527300
.830736700
.847161399
.728223900
.850421101
.890454800
.825513400
.926342400
.979705000
.826132800
.835567200
.974091000
.924155200
.824522900
.880596700
.818675000
.818952700
.834829500
.928868300
.833100200
.845179299
.794295501
.864059599
.836350200
.853631300
.803824300
.851973300
.762296901
.849157600
.842380199
.817715501
.856377300
.803596600
.864043900
.772084100
.833298000
.893648300
.954420500
.830117700
.848065900
.862098700
.956425300
.847209900
.883897100
.830295400
.830466500
.901563000
.880766600
.867385401
