.076894210
.127687354
.123240660
.127297227
.124383057
.177122021
.040792688
.077804351
.077337039
.135638971
.079694104
.125223092
.131198835
.134902362
.120973808
.127590968
.128782458
.076278212
.132325560
.126852744
.079870257
.130622768
.077538802
.075328876
.129610181
.079608161
.078592828
.128845206
.080304496
.076780272
.074168012
.129047402
.074381942
.075568542
.077636012
.126542847
.078663385
.079460143
.132012161
.082001340
.126662701
.075637901
.077485180
.126542634
.076622320
.083104800
.076256818
.128842403
.083603666
.084299319
.081228624
.125535157
.079624780
.076778833
.075736751
.080794227
.080543562
.077630977
.078670439
.081460962
.078501101
.083031307
.074292938
.076243019
.076535639
.078547443
.078619119
.074865179
.073768398
.075156419
.076814363
.077342813
.074310462
.073723309
.076669153
.077431724
.079764320
.079640358
.076399628
.076649280
.080510741
.076682129
.077672473
.075090204
.072611189
.077508404
.085157793
.072008115
.080510058
.081595530
.077306516
.076506194
.075142432
.077840645
.082926971
.067300334
.074768100
.073594308
.074430579
.078029298
.078962257
.075964612
.081151509
.073585053
.075347753
.077090607
.075363505
.077013635
.079620288
.086578157
.077837034
.076970601
.078663194
.078767251
.081879287
.077711547
.076854636
.075617065
.080290524
.076726013
.076469930
.078696597
.082457493
.077628267
.074345398
.078410441
.082851418
.079243947
.072891528
.076850826
.075879019
.073885312
.079836442
.077836412
.077361359
.075311717
.077840288
.077463982
.075942401
.074815160
.076172906
.077983934
.081937583
.078686183
.081521366
.074491853
.073829420
.075850841
.076788624
.074966486
.077420345
.075512233
.078251023
.081168268
.083940021
.077409810
.074324580
.074386714
.077712939
.075662392
.075505550
.078418724
.074100568
.074542432
.079264761
.085376566
.086871842
.077023345
.073376473
.077940593
.078313862
.079364531
.089326596
.080375031
.075032851
.073713637
.076699355
.075630726
.079957637
.080179983
.076538039
.082502710
.075368210
.079750027
.077532954
.076648343
.081777001
.076318411
.073951566
.079358586
.082363098
.079609469
.078863800
.074510561
.077913323
.076952447
.076865747
.080588814
.074025648
.074682510
.082314163
.079412617
.079994013
.078586207
.074829186
.080195855
.078214081
.078833001
.075433230
.080663785
.076423870
.074504345
.084549792
.080986084
.075281880
.074146237
.077213122
.079700490
.076918518
.077794027
.076814119
.079351805
.078092295
.078089535
.074841179
.073287676
.077537832
.080145895
.082291374
.077957120
.078579793
.075920603
.077291152
.075656931
.078879310
.082436907
.076755410
.076794358
.074227019
.075810476
.077673000
.095206781
.081162151
.081412110
.075222033
.078024765
.082465043
.080858397
.076168168
.075338897
.077894588
.077910283
.077693768
.075902560
.077702805
.079367580
.079072820
.080151598
.077717734
.078441097
.071988307
.074155431
.075850908
.079160423
.077951912
.077890966
.075741500
.077656533
.076739140
.078368539
.078329104
.075616101
.075833067
.074671090
.078118220
.082982090
.079770208
.081038316
.075869407
.073201263
.073957250
.079494759
.078725973
.084975215
.075523089
.076171560
.078191765
.081748798
.074376765
.077650113
.077499310
.084262097
.080127159
.078882746
.080459057
.075231799
.076728592
.081701989
.077992004
.079048166
.079846316
.074897769
.081264515
.076562045
.073524217
.080566022
.077825890
.080855227
.077791087
.075861066
.080934341
.079520217
.077306400
.080260684
.081892862
.076287779
.074748765
.080187327
.077642544
.078674244
.075485595
.082133320
.083550473
.074415954
.077616472
.076152082
.078518234
.076997000
.079356191
.085123612
.075866733
.074590777
.075621226
.077879717
.076276302
.079508838
.078947849
.082429834
.078465447
.082786165
.079276286
.080409576
.076244851
.073523748
.078454816
.079488298
.076851463
.076426519
.076868637
.076603193
.078631038
.080783045
.076354869
.075682455
.077834760
.078024755
.077851280
.075791609
.073821555
.085241391
.077538417
.078900961
.077992333
.075985012
.076792726
.078855886
.079515797
.082270761
.077411702
.075922840
.074308259
.077921279
.077174892
.080438086
.074597069
.078937963
.074969633
.073887366
.080297371
.078056537
.076547808
.077781170
.076244044
.078940626
.074679271
.081294265
.080010366
.075348817
.073805045
.078506922
.076499150
.082113094
.076516096
.072525568
.075655376
.078881527
.079965283
.076635808
.077901265
.079451002
.076022691
.077601756
.079135700
.078129306
.081660497
.076958954
.077878273
.083730622
.078366624
.075805321
.073707085
.075856514
.074887103
.080318740
.084061670
.083573578
.077126812
.076468343
.073930804
.077161781
.078860732
.089598602
.083581044
.075258098
.074638058
.073820603
.078202027
.077196272
.079841725
.079750532
.080067311
.075915299
.078424440
.077009122
.076379255
.073426045
.077590324
.078956581
.083572825
.076376160
.075835613
.075833949
.073620273
.080604872
.077363287
.077295110
.079532983
.078195071
.074721694
.072763947
.078395792
.079778873
.075749202
.073819269
.081634454
.076674214
.114822931
.093927068
.096818650
.085395312
.087032898
.081975355
.081701219
.077926788
.076625115
.075996002
.076603745
.078424988
.078159526
.081272315
.080891840
.073333979
.080668832
.077964433
.074869868
.082143599
.076857394
.079344906
.079917333
.078210032
.073045121
.075687204
.085762877
.089446869
.077720767
.077017829
.078905044
.076983986
.076379668
.076680111
.074797116
.079363660
.075476946
.079379605
.078943666
.080754073
.076380663
.073458101
.077126112
.082865885
.075179329
.074012951
.076670826
.080209600
.076994118
.081817388
.080101008
.076810395
.076180070
.076790528
.080910846
.075581624
.079982428
.076816917
.075354134
.081885114
.081734089
.078073858
.078546877
.074871407
.074272696
.076353714
.074174764
.082471181
.079187147
.075452101
.077125941
.075643346
.077498108
.078714033
.075739167
.080427396
.077321549
.078835338
.081941201
.078747273
.077392745
.075722670
.077775164
.081078313
.076025728
.075123804
.076605096
.075654408
.076319516
.026184745
.082260830
.077631051
.075649558
.079244176
.078594514
.076973669
.075835254
.079725071
.074551471
.079667837
.076838407
.075768272
.078858360
.080477554
.077508226
.082194993
.074610503
.077097730
.077789257
.077574303
.080151080
.074209167
.076441652
.084339569
.079411946
.073976314
.074327421
.074386912
.076182362
.079649385
.076027592
.080331214
.075200157
.076023334
.073412138
.081832864
.075713501
.076445152
.074696574
.080131914
.074377061
.078343673
.077666092
.080456257
.073249702
.075932134
.078506433
.079613270
.075635964
.078985795
.073325928
.076164628
.080156763
.080544641
.084455331
.079626941
.074190200
.078021966
.078256927
.076431090
.078084326
.092204969
.075876867
.075714328
.075366105
.077040236
.057358170
.080175489
.077151993
.077705396
.084001671
.080849786
.076703308
.076274917
.076009416
.074732437
.074934260
.079714840
.078352461
.073755748
.075989444
.078661529
.077809216
.074333885
.074366246
.076529549
.080272929
.081420313
.076556192
.073375954
.076504715
.077179261
.079232023
.076728715
.077222545
.078188050
.076182735
.073739296
.074957474
.081799284
.081479993
.075723717
.078805970
.074643397
.077390092
.078060447
.076355145
.077063842
.075989023
.082474670
.081791338
.077304007
.077728597
.077704061
.076218685
.076720589
.073067224
.079528465
.085756217
.076717428
.076589547
.080479634
.078014692
.075291083
.079597423
.081711539
.078098892
.075508764
.081420530
.093350897
.083203096
.074482581
.083455474
.078126518
.074727104
.081701423
.080212713
.076804642
.075591858
.075236285
.075080346
.080268479
.079613675
.078368439
.077909176
.078543753
.078757572
.080574855
.076243817
.078015865
.072303656
.075396089
.077946446
.076828022
.073859134
.080094334
.076802977
.076885101
.077044986
.076697829
.075163216
.075795723
.074011059
.074555114
.082087621
.081224219
.075754991
.075193681
.078454014
.077312459
.077597923
.076078877
.077235562
.078998692
.078707529
.078608645
.080340322
.077880796
.077402780
.077309542
.075258260
.078776067
.079118665
.080967573
.076794852
.076750113
.078011935
.081089325
.078166833
.080378345
.077161432
.082746786
.078108213
.077579106
.076291935
.081594129
.076403886
.074506308
.079215717
.081743718
.079333230
.080890366
.078075556
.077410254
.080112149
.074764534
.077593002
.076398760
.077307837
.082178266
.075993688
.078185664
.080871154
.077326711
.076105677
.077199174
.075037499
.087238776
.070370342
.085064508
.075844945
.074056430
.075739572
.075239789
.074643704
.074974822
.075527270
.074588555
.078745865
.082158126
.084856494
.075745385
.075269580
.079068190
.072623018
.078169752
.080157525
.078763295
.077218669
.074944776
.082601426
.122677353
.055220518
.075181374
.075605787
.083319849
.082434491
.078960253
.087444142
.079984166
.076952984
.078602729
.078773885
.075795462
.076963499
.079212605
.083927598
.084193301
.076059998
.073298889
.077188470
.075022704
.079011773
.078412352
.078135624
.083032812
.073479221
.076414812
.077435677
.075302758
.084656545
.083488943
.103318367
.085575327
.079805001
.081813589
.080263023
.076708961
.075978040
.075880684
.078508402
.086594325
.080759633
.083212026
.079439121
.075218987
.078729096
.075608189
.076891482
.080775826
.078948043
.076779256
.078277994
.080965929
.082166034
.081837786
.079357416
.086398478
.082678320
.078878476
.077120106
.081590200
.088483229
.082041983
.077893371
.080411998
.080722334
.076416927
.077590865
.101776901
.077520077
.078893533
.074016665
.081300450
.078357378
.077832051
.081509554
.077187045
.084435194
.080460328
.077776791
.078063753
.076884117
.078943142
.076152800
.077679466
.084985290
.082726545
.075652294
.077519087
.079626284
.079259306
.079225450
.086146427
.083759528
.076692800
.078466476
.076765745
.080778384
.079582406
.073257655
.076107464
.080212566
.077281326
.082251471
.078004170
.083452642
.077448610
.076390931
.073623604
.079601641
.075897992
.076912354
.077962815
.081110546
.077156870
.076842160
.081679633
.083505923
.078366936
.073120831
.080455286
.078794828
.080732269
.077168678
.081217081
.085940055
.079953325
.073336784
.076067403
.079814697
.091757490
.078509731
.081545757
.083667632
.074486324
.074314269
.082254287
.077962112
.083787119
.078211219
.076877066
.078430611
.078786450
.080222684
.078349858
.079049746
.080940423
.076475421
.081091210
.081448115
.079183193
.078811305
.076825590
.076711103
.083764642
.077026325
.080337429
.081793076
.077877308
.076023413
.074330466
.078376772
.079467692
.076638087
.078686719
.076898234
.077112122
.077463420
.080879968
.081051153
.084832208
.074643639
.076857811
.078981001
.075373308
.078210741
.080631737
.081529402
.079978742
.073796764
.079533695
.079273318
.080451483
.083473360
.076978409
.080869617
.080983701
.076906359
.074853175
.079762458
.078111257
.080965763
.082503534
.076925169
.076517616
.077761394
.076677018
.076667761
.082717898
.076374635
.081435244
.078080409
.081170524
.079659080
.077466315
.076323981
.078891045
.077906639
.088035889
.079441217
.080928324
.077808306
.075898745
