.282784269
.505822243
.632392922
.453609157
.316560220
.507418958
.487028982
.504440154
.500928583
.312813018
.491874539
.283309963
.352547163
.456705583
.303634110
.489123338
.493473113
.308438178
.304425474
.305619602
.494093472
.500400048
.483565930
.310268010
.315450396
.353724960
.272566817
.308541041
.337696998
.268575132
.311276033
.306445438
.312186628
.487299592
.306688249
.311855603
.486251008
.312171537
.492600389
.310118113
.314104062
.489726848
.303551306
.494855714
.313985966
.438239496
.290515669
.500412445
.314480245
.302258552
.308657814
.094699118
.309046758
.312558039
.304269906
.498135545
.406688140
.229930318
.300789757
.438297580
.306909505
.495068017
.369929940
.243299557
.524156991
.305307478
.311080279
.302900376
.298218846
.305396018
.331466354
.272296079
.303481404
.351472464
.258881085
.301062710
.357325093
.263771042
.299832131
.302545135
.314567347
.098012776
.300287245
.328072030
.279504277
.305486835
.337392841
.278342063
.312117968
.333869697
.265463933
.308533325
.346783221
.262446455
.307948958
.303464026
.310076478
.303446316
.300606502
.363133603
.262255684
.304061260
.331374007
.281464285
.297441739
.345178250
.259430197
.308724758
.342432712
.256602685
.307668516
.301815892
.300080903
.323692084
.305483320
.306309848
.314544104
.290516019
.311090688
.333276492
.279702992
.299291281
.344073360
.267476045
.307046158
.353456607
.253933004
.308666012
.300061005
.316520329
.096569128
.311838160
.351041665
.271885790
.308989150
.336772727
.264847155
.309539022
.350615166
.268502753
.304941907
.351689265
.265521147
.299503479
.306946354
.326106387
.302566219
.301313931
.373372778
.269958645
.298034190
.316143548
.295696059
.303359750
.336539325
.262265978
.308534017
.310485540
.290642747
.306041124
.311276041
.312208861
.309681906
.302483477
.362813640
.267853817
.302657584
.335183930
.288758694
.300463028
.348150812
.251849487
.315476722
.382140800
.224952133
.307103706
.315126580
.296228161
.327917115
.309196961
.310372855
.313472245
.287732474
.307508053
.337826884
.275839502
.296783477
.351437399
.271823174
.298349061
.345952829
.261033304
.315414545
.296398206
.313080941
.094916819
.311077676
.319594061
.279079807
.308490798
.344562862
.263314629
.310247628
.346415112
.271804925
.295964802
.325450764
.266515788
.296877338
.310597577
.307405186
.302401143
.304527528
.319711431
.298777622
.300475027
.404584637
.225891830
.312439511
.318083686
.288668421
.307260536
.356432481
.252920864
.308980795
.308354598
.311463545
.301046799
.310140097
.314353629
.297421173
.302475904
.331591786
.284274202
.301204132
.297185382
.310091940
.312127121
.353682383
.257280270
.306316188
.308117507
.298280071
.311694584
.309071063
.308768879
.300420676
.299712262
.303706948
.318480403
.291798074
.303034788
.310369291
.312730042
.292644906
.352320857
.258292675
.305516982
.345658114
.252521580
.317571069
.311398955
.307796932
.307844348
.301557404
.310928138
.396608139
.222676219
.301584537
.313819795
.305494690
.303951187
.361672683
.255887353
.304997054
.296892060
.313762412
.321145956
.303432722
.306759962
.296052990
.311910899
.307951177
.311629948
.304257709
.350375354
.254436746
.335546006
.355686842
.255020529
.296472807
.309030789
.315902853
.094617695
.305393035
.329300749
.284671597
.296619208
.346639054
.268838664
.310129606
.331820317
.278658693
.311052321
.353416289
.255750460
.307119946
.308331618
.314214594
.308289231
.309727043
.315574545
.292548423
.310015100
.341022635
.273632858
.302678026
.467691286
.285368705
.305032384
.368869510
.239450511
.311018212
.301308247
.310297650
.312261471
.309991287
.347634116
.273755088
.312285928
.327627325
.276932993
.303149473
.356082241
.257346402
.304453110
.355353868
.264633193
.300976399
.307658944
.308070186
.304276943
.308752655
.313476670
.299523721
.294157493
.329122894
.285605024
.302613742
.348393517
.261113801
.309280782
.354236267
.251547769
.311267487
.309743351
.302049906
.329118536
.308934227
.306540457
.321233403
.288391572
.307989551
.333434042
.272791444
.301002382
.358083036
.265727656
.300538178
.340515900
.259779069
.310002472
.299578144
.306353941
.095648747
.310750296
.332321099
.276349002
.305245800
.344897200
.265718896
.301622872
.303791595
.313672866
.294514383
.356657515
.263021423
.306410184
.295581755
.308085854
.315404276
.295083546
.319377390
.298193174
.306390259
.325098855
.282594027
.305901368
.351351122
.254781523
.308587507
.363298461
.249321605
.304284098
.306559300
.310174513
.322461592
.303348336
.305378564
.317415152
.300268533
.301602716
.305727229
.306093632
.304734284
.304938312
.296863957
.310076200
.352487826
.253085704
.307363220
.307666662
.300920706
.093040841
.309844140
.354290486
.267677468
.303249952
.353381344
.280827392
.306334583
.341219669
.276373705
.316051733
.346170289
.271176377
.320263147
.308653429
.320400299
.318925215
.311880644
.314139635
.305832173
.315045634
.328546157
.289488786
.308211789
.361541719
.258671814
.317126923
.364895841
.260068149
.299154753
.314436064
.333149630
.303848256
.314569702
.309659976
.310549965
.309346784
.410152153
.230931852
.301286205
.351164121
.269090698
.320513552
.352217193
.262699836
.310247465
.310268198
.313252235
.313752811
.312709011
.310928508
.305432820
.315647196
.330719055
.285015407
.313766198
.360866191
.258337126
.310150432
.473034170
.262222873
.301925265
.381432855
.260491577
.323716049
.304067631
.312130611
.311576534
.311533326
.301977813
.314442609
.320535038
.433258860
.302584609
.305591286
.357181711
.258599786
.313723133
.308211720
.321226016
.309902500
.316802417
.325663207
.295175726
.312185902
.347530099
.283785249
.303022137
.441169705
.311754855
.300002926
.348109205
.270671655
.315663279
.297202225
.326197511
.320612803
.300500311
.320053782
.301569043
.310825423
.334633750
.288434574
.319523614
.351002989
.260724644
.313054815
.364748212
.257877194
.314591697
.311189146
.322721369
.310028361
.314856700
.321776899
.296225924
.316421940
.424248586
.231427913
.300615367
.320424953
.299720787
.314645110
.347522121
.267584564
.315656488
.307208184
.316257980
.314780388
.317223633
.308817875
.309160807
.318681551
.312031940
.300329096
.309269189
.316781753
.302940493
.311999055
.356236540
.264847568
.301061237
.309398244
.338493059
.302477844
.316513983
.319112973
.308673616
.303832945
.342297338
.291788857
.302760654
.307308043
.310474379
.315229572
.349119459
.266154252
.313000462
.312640794
.311426053
.307948843
.322720585
.308043204
.309795152
.314215399
.337471679
.281991795
.313497574
.320751833
.302596648
.307480378
.359689832
.265108021
.298627748
.310536284
.325236191
.311630063
.313273429
.367261097
.277108332
.305984440
.313922083
.322273924
.316141344
.306479304
.312216699
.310781023
.314357304
.296727367
.319274448
.318847800
.324283797
.304152522
.311223290
.317042114
.300694463
.302661203
.343840603
.296471160
.303600980
.346917957
.273938988
.311705763
.351861103
.263760538
.315237689
.308978852
.322425889
.316825025
.312244898
.301961106
.312262727
.316169620
.405195943
.225255679
.305758160
.358692788
.264191798
.312269883
.363001222
.257236133
.301338612
.314406226
.333236044
.304217797
.315808824
.372163143
.271183904
.304264199
.418254993
.228245934
.304920341
.312405452
.319223149
.312481160
.307322654
.309902379
.358749408
.258167422
.326843486
.308796691
.315875830
.327303460
.294585315
.313521016
.319201128
.308141117
.301638039
.354409904
.273229798
.305396926
.357693749
.268117525
.318143579
.299122723
.325037506
.319870580
.305637706
.328955507
.305023272
.311899037
.313538782
.306735728
.314698159
.347855476
.257227278
.307862350
.380325064
.251436902
.313782790
.313279055
.325983293
.307663476
.310490910
.374701865
.263136556
.337450859
.322572969
.296516698
.300303741
.311396564
.330597697
.307344291
.301427524
.315902520
.316543644
.308945695
.321350152
.315832500
.308327482
.298691234
.314175285
.312534841
.410336918
.226890983
.309700067
.359930745
.255882695
.310016869
.354658802
.266714093
.302447463
.315933074
.332439746
.321532736
.359661110
.271925010
.299015036
.336368448
.291379225
.303082821
.351432125
.260141466
.319241179
.347042198
.268246508
.309047142
.310629959
.305511737
.334689287
.314451596
.320877101
.310658163
.298465929
.311837091
.348586338
.277274078
.315170081
.359746368
.264435650
.302675367
.358803435
.263674865
.307218867
.304210197
.320014890
.310391004
.306782511
.319065905
.309828104
.303331896
.412390778
.226308224
.318952849
.350238269
.262585636
.314356452
.373152701
.249222057
.315015546
.310376016
.314374870
.313060685
.318715020
.324890739
.297025854
.309845504
.326440607
.305012747
.300789268
.360250527
.273661746
.306495925
.356380117
.274745290
.315702656
.302671718
.317638434
.319695128
.307005810
.326033191
.305732928
.313301279
.340145148
.287372408
.320838872
.350282370
.264567329
.309008015
.365862654
.253950777
.316040573
.310994414
.323102691
.309634972
.317693493
.324951360
.297918028
.314370748
.345524537
.285441588
.306344120
.364726939
.270091066
.304659346
.360131709
.265378384
.317755983
.309542438
.327630289
.321599741
.308417678
.367491398
.275217156
.316220573
.318499307
.302867313
.311074629
.361963765
.258827582
.312703080
.367883266
.264535674
.309260870
.313417804
.325702916
.316744309
.312015319
.312311546
.307847932
.421522193
.233247181
.301668727
.358432146
.270000689
.312489352
.348485493
.268402940
.319896700
.305662465
.306160399
.338150733
.312867573
.315527897
.315504808
.308405327
.317256050
.339069845
.281809120
.312088915
.315461206
.308433050
.313454910
.359556944
.265587920
.306061323
.316130983
.331517108
.308179640
.319582233
.322000325
.306316001
.311327401
.340285517
.294282643
.310372941
.470550668
.284945271
.317795091
.378067681
.243746951
.313202900
.347149272
.308671139
.314662090
.351765603
.275584833
.308734218
.312958544
.325015667
.314886274
.316145355
.312040183
.313681201
.304294962
.340632883
.294180182
.311110130
.308940736
.315963370
.302907232
.319330052
.306695693
.317287397
.303096335
.317004469
.315592654
.304099894
.313030036
.315454955
.313735162
.303477109
.320709396
.320849162
.320950851
.319751225
.310850956
.315033807
.305502313
.315989928
.417720855
.228521230
.307214391
.318035678
.318675894
.304957101
.367348213
.264603843
.312904029
.304918446
.323780025
.318007237
.301945560
.373920437
.271387411
.322152569
.320223410
.294895219
.313335092
.313007060
.305653067
.314531796
.360667644
.260881931
.307986545
.333710971
.329297917
.308305940
.311899892
.376846393
.279245759
.314299023
.341256700
.287819405
.306821706
.365264148
.267081994
.308056865
.357056005
.257170622
.315466571
.304940859
.320206885
.322342099
.307243377
.322683213
.307215776
.317053734
.328174381
.287767528
.311700449
.356934805
.257925439
.312596435
.369415690
.254721945
.314718387
.310594663
.326747892
.313074752
.314031724
.336379398
.296026920
.315432338
.338593883
.286966943
.307022628
.321347955
.318493929
.307001276
.312621854
.322235491
.320561224
.312316339
.310636180
.316085479
.310497302
