13.644630687
12.710557371
13.215259052
12.965878158
14.636478744
12.825315448
14.757073748
12.752683181
12.633248305
14.892692385
12.570950319
7.616171955
7.649683630
15.028239037
7.839161055
7.460722620
15.536340590
12.396811750
12.188336393
14.783214427
7.541698638
7.480247982
8.140141395
7.530977272
7.984179579
12.210858060
7.770702216
7.577770995
15.384054404
7.601831445
14.987470864
8.142422925
13.185722595
13.428180242
7.848583221
15.299879952
7.834045895
8.025290855
15.114784276
7.921778356
7.893302455
13.779021678
8.045760543
12.809677305
10.547011005
7.918635743
15.101795116
7.792888370
12.650470269
15.360028395
7.959466177
7.986781816
8.362055259
15.009710893
8.329480709
15.762329475
15.227640058
8.273119930
7.930133575
9.358944030
14.300780372
8.454175024
15.371032473
8.442052910
11.206756684
8.450361184
8.375526990
7.430293582
11.838408886
8.085223397
8.302125064
7.397545373
16.023255738
8.400213114
8.229537621
15.012480318
8.422731781
8.311946657
15.777144100
15.506468436
8.273974179
8.386041634
8.161736402
8.665693806
9.045165109
16.109767321
8.239750570
8.792073327
8.392787402
8.099821525
13.406059001
15.608917321
8.349583152
8.292246785
9.088963011
8.692576955
8.589178974
9.142690074
16.192494413
15.848356572
8.837345926
8.931191760
8.585773905
8.597271393
12.659177879
8.561284800
15.504058383
8.630110872
15.975553961
12.240477768
8.955356262
8.424829124
8.736175214
8.466126930
9.306168188
8.685463356
11.943024311
9.137104188
8.995697934
8.731661723
16.147313180
8.554407275
14.242233462
12.991532696
8.924437119
13.656053133
9.676839077
8.720893358
9.318630370
8.962994548
8.875096076
8.345117482
11.927920220
9.062057205
9.181076085
8.753024402
14.285266167
16.482080112
8.797554408
11.754068522
9.209929754
9.094836631
9.209670303
8.875278150
15.801257931
9.227230525
15.110300086
12.401626825
11.792552071
9.202550524
9.168989421
9.148286702
10.092356276
10.736355862
9.830809760
9.775686004
9.407072950
8.387799905
8.405627105
8.580487808
9.422513060
9.270073927
10.075602806
8.564119814
9.635260966
9.316807990
10.230815667
9.808755446
9.711571000
9.829398657
13.827431510
9.410887246
13.311709323
10.060019070
9.672674203
9.737840365
10.010305224
10.180078185
9.981765382
10.538084653
10.150958186
10.558783062
10.455753559
10.483715625
10.498806314
15.497779694
15.478816122
10.498679443
10.528197279
10.506148774
10.773293072
10.304310878
10.689041480
10.832444360
10.830814941
10.999825352
11.289648624
11.472136664
11.243832188
14.329795812
11.341196099
11.303770836
9.921215180
7.896886931
7.425499178
7.290214526
7.534562409
12.483959071
7.217952304
7.290929777
7.631692297
7.338586868
7.726606407
9.643439221
7.743238547
7.524775970
9.785760506
7.523974656
15.230068759
7.864802376
12.722479809
10.452323320
7.632429563
7.593789719
7.943055573
7.527802159
8.017540122
7.450688037
8.084848480
7.654258695
8.132522918
7.609395306
8.200662526
7.652516856
7.980145540
7.633739874
7.984179261
7.639798649
7.931583405
7.663979821
8.077617193
7.563810508
7.995966522
7.656767994
8.191692499
11.036767782
8.128731834
8.092669688
7.753479483
7.683836494
7.666981990
7.940171981
7.531578853
8.214246346
7.742855690
8.198386204
7.806423445
8.311009318
7.763695140
8.220089770
7.734371665
8.205092313
7.668150702
8.286442969
7.705099544
7.765890641
7.858539906
15.514135663
7.966851285
7.901810735
8.433070972
10.140435401
8.292598355
10.513386458
7.005422376
8.147734858
7.926506153
12.891398765
7.907437109
6.646173022
9.438119842
8.313509834
7.832452530
7.886769478
8.690294987
15.554038931
8.021240408
8.761189354
7.905450027
15.202182106
9.121333059
14.905155778
8.282057553
8.065144302
7.921317327
8.414078635
10.814403861
8.590649848
11.410064712
9.238317151
10.581821720
8.294318035
11.289359874
8.656517287
8.193843832
11.198750156
12.247575044
8.260850703
8.173950593
8.810578055
8.309183999
8.149121843
8.660631265
8.119139757
10.689271287
8.500805886
8.224159862
8.190389432
8.644411775
12.636419373
8.355574615
8.064025558
8.754034149
8.039400321
13.788177070
8.800725494
11.639866997
8.873422614
9.140667450
16.183608267
8.882563474
8.726552070
15.870009755
15.275049077
12.274943288
9.292674868
9.076227065
8.717216759
9.018972439
10.778037059
12.432807593
10.286164912
9.186638879
9.153977807
8.617858847
8.618312249
8.605854272
8.840522245
8.545498337
9.057598009
8.625738153
15.708381630
8.890977184
9.145122602
8.792162011
11.335542627
8.928853957
8.740304396
9.302650467
8.878136413
8.800872439
9.141844903
9.038990983
8.860456448
9.338066938
8.946165580
11.899783549
9.393585498
9.260203375
9.116038695
8.780698255
11.595635309
8.839311189
9.476655678
9.051782805
8.982877840
9.459975336
9.329133787
8.827155647
9.723948365
9.158134127
8.702316786
9.532180556
9.336122761
9.188924751
9.038879279
9.539173106
9.243001639
9.747400692
8.285658342
8.393311864
9.219936937
9.648362020
9.527950825
9.749292228
9.420871825
10.114792949
9.717806472
9.803788102
9.733150813
9.587607811
9.425254582
10.074295894
9.905534198
14.149938804
17.355091917
17.468424718
10.266431977
9.947617434
17.330149066
10.040029011
10.183369258
10.171656529
14.423987406
10.408142103
10.570147587
10.662123347
10.339126981
10.887122284
10.971507158
10.777973349
16.968548991
10.774024246
10.507874097
10.706967596
10.601944260
10.315272316
11.109948341
10.774949910
10.772859774
16.702445268
18.331214939
11.136660166
11.300492495
8.930233214
11.288634895
9.042478951
10.786080283
7.687748757
7.350054155
7.452467011
7.756943120
14.757185665
7.585572523
7.389794522
7.404278991
7.393383531
7.450820966
7.899767413
7.458627970
7.932232272
7.303517307
12.266774761
7.662275053
7.702419076
8.258540422
7.560873417
7.600427809
7.787608483
14.789220305
7.850071074
8.284955742
12.784385522
6.674492937
7.684371625
8.161495875
9.237647903
8.029937672
7.597610682
7.798839431
7.659799880
7.641927893
15.241032920
8.068934147
7.728714863
8.173231588
7.692005664
8.103451566
7.649950751
8.145373371
12.617023312
7.717983138
7.563150130
8.000634450
7.664970029
8.120876862
7.700324605
8.220052691
8.814624012
8.143049352
7.882243796
7.695338526
10.562288615
7.912191155
7.943838628
8.318298196
7.901561445
8.327842383
9.234407252
8.155183865
8.008455866
7.837407062
8.386385550
11.969130320
7.765457091
7.911040824
7.717060187
7.845914395
8.398007620
7.831963366
8.329221644
7.885090195
8.344059386
7.907010827
13.404178333
6.681330375
12.061212224
8.306369333
8.605746877
11.732415885
8.307123541
13.286951659
8.216361137
8.122123410
11.189979450
8.445647486
9.962140860
8.167169669
8.098609442
8.329695279
8.023265407
9.743966217
8.288039161
8.049786830
8.485750782
11.882141501
7.525287663
8.266023989
8.534514470
10.504396127
8.548384346
8.503952027
9.666122674
15.985482614
8.875534062
8.216864115
8.407271998
12.339266222
10.086185201
12.935995704
8.700494857
8.249672771
8.426038553
10.604708373
8.631651199
8.755542413
8.205038294
8.867106275
8.461553341
9.191792831
8.622438576
8.528588400
9.060876017
8.729467786
8.656038763
9.100341430
8.716751008
14.445021749
8.743757870
15.900450634
8.840603364
16.282721539
11.718504078
13.896214184
8.884706130
12.814414257
8.761220221
11.746965221
15.982792482
8.807608875
8.592781367
8.599024996
16.309028451
16.365996045
8.572843919
9.589377456
8.720906982
8.785449707
14.338292521
8.784280029
8.848022677
9.206203601
8.821217896
8.805155133
9.320460711
8.935760396
16.214160231
8.794755965
9.040067812
9.013553270
15.696368175
12.484707797
11.010174768
9.744944629
8.936619907
8.949150309
16.797576233
9.196015295
9.233693744
9.507650205
9.081670657
8.933350892
9.133944832
10.034513686
9.370210606
14.722925382
9.407863929
14.485558871
11.513255144
16.010728368
16.760199739
9.282057344
9.431352356
9.385137074
17.004912460
9.436698009
9.952216580
9.652768040
10.255205685
16.854112899
9.779255255
16.467627509
9.601562855
9.905817024
9.856906429
10.203118099
10.186337449
10.040430919
10.056803900
9.928154658
10.114515050
10.020571773
15.147848810
10.299491563
9.961377485
10.633477604
10.648464791
17.216783014
17.950629380
15.916991149
10.350441181
10.808607152
10.508656364
16.569659652
10.549440605
10.516071991
18.151257674
17.730520422
13.603374043
11.029657801
11.064570810
18.102020508
10.994874385
18.198568309
10.980246074
10.314869931
11.267897699
8.654252333
14.205575974
7.685907522
7.576230253
15.067350310
12.753344682
13.564793931
13.400406611
7.472685731
7.596197630
12.043526911
7.573523251
7.399136969
7.368549207
7.754022429
11.183430432
8.861313307
7.730823078
7.467382329
7.380997025
13.054970364
7.687052472
13.644450235
7.912677919
7.655368733
15.168657295
14.994591990
8.025049052
7.772298572
8.035312685
7.720580368
8.005456217
11.380789458
7.848697813
7.596510877
11.293335716
10.800792447
8.347738460
7.606742809
7.613458334
8.147645006
16.389470044
12.529672840
6.588011565
15.168005241
7.693709620
14.277324239
10.513395934
7.764445042
7.668289049
14.218930808
13.789755538
7.835875633
9.140668978
10.694976343
12.308159091
8.192017422
7.838578654
13.677339930
8.177454677
7.826764497
7.974399398
7.948220950
13.124588766
14.402574905
8.019760750
7.957847571
8.008139796
7.829134863
8.430738159
12.563799722
7.965424770
17.034865525
9.308555762
7.882078906
8.257178916
7.925999892
8.382600721
7.761981464
8.632237319
8.155591818
16.080700883
8.401251006
15.245343339
8.842692740
11.506457649
12.947063855
8.216970749
8.018963077
8.169219092
9.861080669
8.257628507
8.109879904
16.086827720
8.095266030
8.158171728
14.643007080
8.525809803
8.177729899
14.143636056
8.266211441
8.201393961
8.036284067
8.597541315
10.852247087
8.328814392
8.273665590
8.344240661
13.155206086
8.312294294
8.267120736
8.358395980
8.318158567
10.521477519
8.697855917
8.344300836
8.045840409
13.762443222
8.255942843
10.748085839
8.388545073
8.257933515
8.056856519
14.193624537
8.664346877
15.585690695
8.647855566
9.229857167
12.498598792
10.653441224
15.547076140
13.179531699
8.151976344
8.597898432
12.015251267
8.737864744
8.811092350
14.299606499
8.742332302
9.486808140
8.668873605
8.573408013
9.441907346
13.875709237
9.028937261
8.585468395
9.191995621
8.714514790
16.119064227
16.276112916
12.492566561
8.738739939
8.634179271
14.140960307
9.113049615
16.226845756
16.039570553
8.906681832
11.520236576
8.973452290
8.922306691
8.928900559
9.834322795
8.161401196
16.946021207
17.171329652
16.211669373
8.950023519
9.200043240
8.946591847
9.181458654
9.432933480
9.210998637
9.215760931
16.656609621
9.140791501
13.033642974
9.099317555
9.224863399
9.152211069
14.504370500
13.048973844
9.342983859
9.255512335
17.410128851
9.228595055
9.485749676
9.530678684
15.374857034
17.655945536
13.967665387
9.541096451
16.872284085
10.841872883
9.782239668
15.552142841
17.006327877
9.817588850
12.135031802
9.865394186
14.872880623
9.895686295
9.928363556
10.031344104
10.114016591
10.062280289
15.817430952
10.125545513
9.970683305
12.424876335
9.973698894
10.235404245
17.773315957
10.025906080
18.063657654
16.780108532
10.286507077
10.615273517
10.540318783
16.078607953
19.186544728
10.595068817
10.602070962
17.460716073
10.363008383
10.849466190
17.827558086
10.662839298
11.431570459
11.440734357
18.673054196
11.095019641
11.082285337
15.996553532
9.226835226
7.549385095
10.811793276
7.508577311
9.342616141
7.757101119
7.415450246
14.746614706
7.372367876
7.396787638
7.348314720
7.695767699
9.752310883
7.882372297
7.915724690
14.229219125
7.680404461
13.709075741
7.726343179
14.438884740
11.083407018
12.611031136
6.513311245
8.376321570
14.881419778
13.338868752
7.501438970
14.448210129
13.732149150
7.703034424
7.649503635
8.255132534
7.682447073
15.410170099
7.772437182
10.306469604
7.987239174
12.288354636
7.781580221
7.748590868
7.533459936
8.539784050
7.649266272
8.198807915
7.644606581
8.063241075
7.672091142
12.582109058
14.698814673
14.944374456
8.168304340
7.726576738
7.768971564
8.137623239
9.617444670
8.147344834
8.029614443
7.742435634
8.153928389
7.761229253
8.308156542
13.918524197
7.873150147
7.968265241
8.033413113
7.928489722
7.805487284
8.249790158
16.580586976
7.924372986
14.891111302
7.772574757
8.026946722
7.875353964
9.489746630
12.936210829
8.140913459
13.570799238
8.088839623
8.375525974
9.985807054
8.280417137
7.941723139
14.978940914
8.124168898
7.883120263
8.494819581
7.979985109
17.142269040
15.453861292
8.066499278
8.235726108
8.146571726
8.575310935
8.060939837
10.427000696
8.126858592
8.278193095
8.149929591
