1.045926986
1.300838163
1.380567565
1.404994568
1.376169755
1.433308649
1.489712096
1.470118930
1.272841626
.867247982
1.379139467
.850174317
1.359148799
.869346981
.880947195
1.287795805
.884936503
.778759712
1.356200733
.852282536
1.385786732
1.310069985
.797761825
1.309961474
1.377473570
1.337989982
.854511468
1.256442420
.873845783
.446325752
.847982336
.796663096
1.361656642
.847636140
1.316808668
1.316825508
.861049095
.851185749
1.330496334
.442812101
.863325553
.875216511
.875718138
.877270063
.856289088
.846647139
.979633254
.886635980
.926931846
.865500665
.889400009
.948384269
.814725472
.920681955
.866306462
.876267595
.866006512
.860329279
.865749727
.872192593
.873734243
.892551293
.878820580
.883160809
.850434970
.890690883
.869940959
.863556121
.899033347
.864298116
.864916593
.875684860
.868112548
.870248831
.881239240
.873784229
.848704071
.871606019
.870808575
.882257018
.865124378
.875157394
.866829981
.877424454
.869099769
.871308878
.880579015
.418167972
.869098942
.861487105
.864447199
.880934519
.961238375
.894792823
.851118313
.874424603
.864230911
1.350738677
.847605393
.865792310
.866776017
1.117176037
.799674723
.872302848
.860634462
.858602038
.855850297
.855605786
.855701498
.864736741
.880682563
.876363452
.883021428
.865488456
.886715940
.892447781
.871251965
.879836950
.868690652
.858080840
.866242926
.956276024
.884633518
.870094737
.850226514
.863226284
.857765946
.884084359
.864037556
.889288066
.870894446
.874543190
.866738963
.876669760
.865339256
.885118254
.873229776
.867287410
.870699530
.971902555
.880055128
.858389508
.875614067
.851771512
.912980081
1.026936388
.863393762
.884243604
.872413527
.859617687
.870818399
.873705700
.872650775
.878976752
.872450227
.874990552
.866373109
.878839844
.871192200
.878419784
.865185841
.876486330
.862814767
.958309776
.856794023
.904098100
.850919756
.871974792
.857096191
.880661724
.887683757
.944147191
.852948611
.895301888
.899151129
.890851502
.907031467
.900565238
.889645145
.892725704
.894599510
1.081664023
.890745044
.875803718
.899486332
.900687833
.886734245
.990671184
.912386364
.883966252
.900527638
.901454726
.891416349
1.058232703
.897219093
.877336119
.899259316
.889588314
.893421255
.876021776
.884118900
.910716183
.890183023
.896992528
.898148754
1.045504854
.897270399
.887741867
.870698027
.899215305
.876557338
.902287308
.895069220
.887019762
.895063718
.903235588
.899249969
.972190173
.884003199
.934241544
.888139722
.883233138
.887221603
1.064267291
.894034999
.893196208
.886451733
.874282200
.891158751
.445033149
.896493901
.875958889
.880315167
.883635711
.900818240
.891513899
.912462896
1.070873394
.877977150
.877268463
.448505687
.885927828
.888519168
.884173348
.906456606
.879713987
.887621140
.888547510
.880844993
.895266377
.893600539
1.088263630
.890290731
.894093237
.886763087
.894625282
.930043295
.875810551
.926863375
.894918192
.874035286
.899261264
.916310152
.900464103
.909559815
.916881397
.911359718
.930667806
.937096299
.925327666
.918555892
.912827892
.926512240
.922750089
1.056022002
.976534730
.917742727
.920621268
.929453303
.907875860
.502705206
.915021270
.903305960
.932822218
.911169655
.926204647
.928248610
.925489536
.918860411
.920979647
.921347378
.464840669
.918440343
.914679798
.931963379
.910083671
.904954902
.936368660
.911023129
.924644290
.918006879
.908328889
.956397478
.925708826
.936439218
.912425667
.932323606
.917574246
.468910145
.905431856
.929472394
.922912828
.924397933
.918756207
.911320559
.923037146
.922873298
.922387497
.925499166
1.144880417
.908959598
.916976422
.908869293
.920158544
.913206213
.924937399
.915940722
.934559340
.901780385
.928108433
1.060475972
.995467337
.905981891
.912002722
.913965736
.914122698
.464166639
.907104893
.908106800
.913403607
.907643627
.933522228
.922635414
.930723984
.922841331
.917771739
.924149849
.456272468
.930896503
.839136850
1.112359458
.924632199
1.080056465
.916649450
.928304783
.905523986
.920565603
.942002397
.909470683
.918134122
.915661446
.924511074
.926491551
.463718640
.915906905
.920311109
.926378435
.919227376
.937569649
.924224570
1.093818000
.928448932
.907149836
.905479545
.468042216
.917499428
.937501683
.938135679
.940920289
.951312159
.946153933
.941324731
.949678316
.948211211
.950522441
.470342799
.951225742
.936812573
.953478039
.945721076
.469700397
.950619965
.937250297
.943516096
.942871600
.939925546
.945077581
.953288782
.949417619
.947153196
.942193604
.463204536
.951384927
.937472308
1.099478943
.948797907
.469176076
.949009120
.939106045
.921940210
.958458944
1.094403629
.951312336
.946492124
.928416052
.942151763
.946661283
.472739111
.950510568
.944158427
.938204094
.891657506
.331617659
1.001480255
.942348533
.952251673
.937866797
.939927599
.949476412
.936049998
.941769550
.955645442
.945813425
.466328898
.934658449
.945460620
.940150181
.942882015
.473069158
.940214548
.980613912
.943519861
.933235198
.949177950
.935765537
.948832975
.968091299
.951437625
.949670877
.473583787
.941606011
.948035144
.939556840
.960577271
.471079057
.955156693
.941981791
1.111512968
.928563994
.454118746
.982493274
.994864384
.993513605
.981243100
1.087747460
.992827204
.980975881
.985725577
.990191081
.481880217
.975571738
.982216581
.975524098
.984297373
.478765053
.986271285
1.011801444
.971277322
1.541301182
.606312369
.983768872
.987641595
.991417722
1.314164070
.777856327
.992162141
.998223289
.988998318
.980167004
.998628281
.996076103
1.003233522
.987058518
1.016531933
1.004793486
1.163605714
.993105351
.990595137
.991492651
.976830706
.988004382
.994465105
1.011842348
1.016930646
1.005119073
.997515791
1.017497679
.991883651
1.006722041
1.007477875
1.001676837
1.006063856
.996432857
1.028900212
1.015230844
.993741928
1.005069121
1.006051185
1.011538917
1.010487579
.992801447
1.009501605
1.009493833
1.020573711
1.001344772
.996810589
1.006842349
.995932334
1.007728411
.996418291
1.003185951
1.027319148
1.171482310
.987793230
.989385562
.993752265
.991827055
.992026775
1.011296078
1.010522924
1.000759299
1.005932515
1.001630074
1.010195996
1.013638834
1.004814926
.999381303
1.058031101
.965209741
.993516795
1.024054076
1.146970894
.980599032
1.001253800
.996790382
.990309348
.994146308
.999241285
1.008355268
1.009148896
.997658888
1.010261377
.986359440
1.018882332
1.003470458
1.007592093
.995273426
1.015195851
1.008389613
1.009315729
1.175779604
1.003177230
.997854613
1.004851079
.988751603
1.000569201
1.002819892
1.032362711
.977806318
1.007572253
1.004309602
1.000959340
.999089989
.995638053
.998834793
1.001507042
.998288471
1.271429364
.905002809
.991024315
1.000744983
.989167600
.996193481
.992353451
1.009977843
1.011792314
1.004365602
1.021482562
1.056821596
1.050150618
1.054369576
1.047728535
1.048470899
1.063456214
1.054496293
1.047810272
1.078676317
1.193246647
1.057034508
1.033761414
1.041458876
1.039263370
1.035885779
1.064999505
1.047583231
1.041531930
1.055766289
1.051988368
1.057093727
1.051122425
1.045669707
1.043519468
1.042281494
1.072549224
1.045485898
1.065041273
1.206791133
1.047190246
1.177403351
1.042923046
1.033177651
1.037288833
1.038161661
1.055943696
1.031643487
1.040344404
1.041943815
1.039976201
1.057332881
1.041154019
1.045445201
1.048274249
1.040280204
1.144332815
1.035356898
1.070175473
1.041661532
1.038871384
1.036645490
1.036513365
1.042404704
1.042532969
1.052499902
1.061351107
1.051130051
1.040746372
1.046504359
1.047979552
1.141370649
1.055265252
1.036852397
1.029668667
1.045543433
1.141909027
1.041491802
1.045153230
1.033399571
1.042698678
1.039052817
1.025285821
.988094366
.767601001
.732723112
.722809536
.639071152
.350501373
.698551659
.714454109
.717469577
.698227837
.700908891
.700775233
.702350345
.698082206
.708471941
.712442574
.699484390
.718467957
.718879508
.704371341
.718618750
.714309930
.705668587
.710424684
.723097811
.709217487
.713303438
.714606661
.698452624
.704935245
.714398328
.705621312
.722870613
.709771923
.716552864
.699577154
.714057845
.719156706
.697226214
.714217557
.706326933
.697909848
.704978328
.702820600
.710360211
.707369630
.849302166
.398315831
.630009423
.780830760
.699385939
.722094294
.693497120
.713512903
.699038598
.713944881
.710127332
.692529028
.716354442
.696950320
.713470149
.701745144
.713960822
.693424336
.704958156
.716841819
.706552462
.708818208
.712652988
.704800871
.704919983
.695829801
.717594885
.702193711
.716559424
.699929974
.710691439
.699045279
.710914643
.710145989
.702217773
.705897648
.715193152
.699490398
.710828143
.688284252
.708781848
.705791321
.734766647
.383139519
.706377577
.702096387
.699651083
.719921489
.698199197
.708454809
.704594313
.706680676
.706938174
.734308891
.701155376
.719858419
.722300074
.718869230
.702435409
.710645845
.702656978
.705738662
.705046120
.704357412
.713000187
.701081310
.710021765
.717546413
.708421775
.707113681
.697521017
.711703801
.713368755
.708697418
.715998609
.711388824
.717987560
.709165374
.707741478
.706367300
.711341305
.709174312
.721945928
.704096359
.723518028
.704457436
.724392284
.705563475
.706988359
.709661667
.700109096
.720102424
.706343361
.707750864
.725072836
.864198194
.616005351
.777776856
.717289110
.708795545
.696835072
.690005017
.704896906
.689739676
.709483518
.717490035
.725349255
.719306051
.715222862
.712166336
.719603796
.723562145
.724564859
.716553879
.715702852
.718940729
.727949651
.718548411
.726830825
.721850431
.713262930
.714443689
.719214712
.702882621
.720204969
.718693269
.713611076
.720606538
.709509351
.715806930
.711692859
.718549090
.712525254
.721252542
.708005380
.715536900
.724363319
.719475860
.725139332
.705796771
.749484524
.695310231
.735372664
.714221643
.717329378
.750876551
.733722581
.737434793
.710048657
.705266611
.719691623
.717861219
.719270911
.706961222
.730032928
.340149573
.742860917
.780833439
.789317389
.704360673
.700681591
.715562593
.707314293
.704031547
.718573426
.709425481
.710632409
.727531456
.760859224
.723545717
.713588702
.713745190
.730030298
.715809206
.726797022
.714784505
.719373032
.706082051
.725596060
.712284569
.716098972
.711433940
.731974589
.709764730
.724321017
.720328546
.726343553
.711717605
.713140914
.720115339
.715293322
.710733671
.715054617
.707792709
.730591123
.712796064
.729927756
.712625975
.712912563
.707833131
.714893908
.716643914
.717823218
.735833252
.726261404
.717732253
.724933565
.733631684
.734720394
.731211212
.739595638
.733873956
.724489755
.724162239
.718149848
.736444757
.717116115
.748047279
.739654746
.739716971
.736567721
.736390637
.726556951
.726983884
.750624746
.727469729
.727132112
.719674837
.724190223
.728541817
.728724643
.750572394
.735266850
.725110669
.723891883
.734946535
.740109580
.719896818
.741111337
.733372091
.734665990
.724042352
.737295238
.729095522
.726582937
.741850884
.730713885
.724072906
.722442747
.732265512
.729549960
.718706577
.746861076
.727911106
.733105460
.723382211
.739131653
.721835664
.726228152
.751835590
.730881272
.733467020
.735242527
.729597279
.722043053
.724233843
.748065661
.723905322
.728449088
.731432362
.740584763
.657466673
.682935825
.728671765
.729133670
.718938963
.732139424
.732421419
.730982473
.732184996
.729010596
.738302791
.724746390
.731686989
