.013748476
.025791402
.021265994
.014163931
.019744306
.008617629
.017944687
.013708479
.014449481
.015603492
.010072731
.011798319
.017413759
.010071182
.017271168
.010262291
.017793351
.009650636
.011011617
.011758951
.010795400
.011333720
.022915357
.009028904
.011751444
.017724805
.015069597
.008989771
.018314296
.013348001
.011025534
.011743658
.013103071
.011413141
.011777801
.010584941
.011730453
.017355597
.014746002
.010605699
.010769178
.010748840
.011692477
.017982646
.009601851
.010877404
.018582833
.008775146
.011709654
.015741555
.015943471
.016099921
.008950823
.010489963
.028471971
.034311772
.011916061
.010507208
.011447130
.011240202
.011814695
.017086670
.011342562
.009715535
.017590364
.008875183
.010625772
.011119682
.014469449
.010467753
.017648673
.010078982
.010186144
.012338372
.010741052
.011774846
.011744796
.010665404
.010743349
.011750728
.010756324
.011050331
.012437842
.011009049
.014590697
.012926140
.010756054
.010342968
.012238236
.011759858
.010857788
.011448600
.011419177
.010884589
.012215865
.011731340
.009743957
.011740478
.017781586
.009978967
.010751976
.011742918
.010777721
.011744534
.011743628
.011798351
.010776288
.011740612
.010797934
.011749094
.011726431
.011741978
.012764966
.011751829
.010658969
.011479510
.012146279
.010829893
.011605148
.012752608
.010739762
.011202609
.012318190
.011716543
.009942101
.011640419
.011809489
.011485241
.009741525
.011210429
.010937133
.013098992
.010007402
.012007483
.011443982
.013729477
.008653715
.012783023
.010297395
.012214122
.011764571
.011038732
.011645941
.012813323
.011761912
.010695047
.012821806
.011731675
.010700984
.011736854
.010783251
.011769478
.011732541
.011701891
.010959249
.011789849
.011716392
.010743657
.011437562
.012005703
.010786891
.015729464
.011724441
.010692604
.012765579
.011058742
.011689883
.011778644
.011779905
.011769511
.010767686
.012748346
.010757291
.011735313
.011767130
.011735256
.010742652
.011743348
.011430832
.012067341
.014722145
.011380446
.012091869
.010710190
.011785169
.011219793
.011306398
.012702680
.010918343
.011529717
.011754485
.011100581
.011279233
.011728913
.011724571
.010552447
.012194046
.011828732
.010893319
.015323001
.011741731
.010144999
.011358400
.012706033
.009945352
.011768721
.011555917
.010976767
.013733348
.009756397
.010751476
.010783359
.011742063
.011727577
.010753675
.011732275
.010813337
.011072732
.013287813
.011645197
.011842481
.010750182
.011749077
.010772612
.011766606
.011763468
.010766669
.011733779
.010462025
.012235793
.010776404
.011714778
.010786947
.011667556
.011681715
.010989887
.011756811
.011725557
.010774852
.011706578
.011727632
.011766233
.010748065
.011755974
.011746411
.010536075
.012130849
.010877822
.011285949
.016801502
.010300596
.010802801
.010894271
.011603190
.012073084
.010699287
.012722716
.011741701
.011702397
.010767674
.011746536
.011718954
.011768379
.010998896
.012251871
.010749977
.011723663
.011780778
.011700898
.011724154
.010986887
.012480237
.010741581
.011731599
.011144769
.015659599
.012366190
.010967919
.011733276
.011720215
.011733976
.012702250
.009187393
.011315338
.011739363
.011725257
.011707300
.010757963
.011740818
.011737819
.011742909
.011759869
.010744674
.011721214
.013736988
.010933203
.011744763
.010765557
.011736296
.011674654
.011648276
.010702487
.011700349
.011730376
.010604085
.012080929
.011615581
.010878120
.011722797
.011747991
.010705873
.011751032
.011421885
.011770421
.010937547
.015324594
.011489210
.011320520
.012729550
.010968034
.012424563
.010721919
.011735720
.011718781
.011758458
.010684146
.011691470
.011732311
.011027458
.012426145
.011676938
.010984097
.011758159
.011712373
.011754556
.015720912
.010737121
.011688939
.011711593
.010714710
.011741631
.011779058
.012048095
.010471600
.011735337
.011664403
.010716894
.011707718
.011597170
.025526127
.020958318
.013945468
.015752747
.008649663
.013343369
.011047725
.010730822
.011174154
.016295535
.009739285
.011171080
.012165371
.011884062
.010739478
.011717452
.011676863
.011765400
.011713030
.011717165
.010752194
.013070179
.010458206
.011692604
.011572561
.011813891
.010503936
.012838784
.010411956
.011618897
.012359968
.011722113
.010710187
.009712011
.012689839
.010714528
.011741806
.011775152
.011437603
.011685773
.011982806
.010559954
.011828123
.011699232
.010714987
.011747871
.011393514
.012076294
.011760816
.011720946
.011718188
.010729208
.011509165
.015739980
.011737582
.010687271
.011699914
.011710377
.011701465
.011697925
.018941100
.011700899
.011682744
.010732465
.012061245
.011502642
.010728436
.011696369
.011729889
.011727724
.011795395
.011449148
.011991894
.011719457
.011691836
.012519170
.010877531
.010771531
.010923894
.012492628
.010694814
.011700810
.011683446
.010470969
.011215399
.011671084
.010461835
.010708113
.010896334
.010715684
.011721896
.011720686
.010935663
.015476247
.011291473
.011460350
.012336347
.013677700
.010712527
.011726066
.010706301
.011681907
.015710013
.010950406
.010620191
.011791706
.011732971
.010703331
.011721695
.011730423
.010743192
.011737411
.010737709
.011718130
.011718999
.010124384
.011112462
.011809879
.011746948
.011656425
.009949292
.012678166
.010695794
.010694076
.013732761
.011685106
.010733694
.011685825
.011887629
.010643200
.010685968
.011701625
.010714027
.011730774
.011699166
.010964672
.011779570
.010671737
.011478859
.010976435
.011683980
.010619779
.011870480
.011149740
.012012524
.010723855
.011707314
.012673138
.011947971
.010647399
.010329936
.012026077
.011061395
.011377513
.012669846
.010702840
.010922367
.011328566
.012061226
.011689147
.011717286
.010711817
.011723718
.012693267
.010738404
.011713597
.011663313
.010926794
.011531757
.011689443
.012704575
.010743494
.011691477
.011710521
.010668156
.011670670
.011372648
.012016034
.011684021
.011681966
.010954601
.016713988
.010702344
.010730264
.011715001
.011687686
.011737575
.011707866
.010736692
.011724233
.011706007
.011730518
.010719565
.011741978
.011666968
.010666311
.011644936
.011739725
.011680894
.012962585
.011712016
.010713137
.011714954
.011729392
.010697044
.011719371
.011712563
.010715687
.011673437
.012688412
.010634771
.011706901
.011723936
.010744013
.011675791
.010725775
.011704703
.011267231
.015143053
.012667940
.010468149
.014140390
.009644017
.011686705
.010972754
.011358702
.012049088
.011467741
.011625745
.011679976
.010508510
.011945447
.010678824
.011701991
.011694782
.011692311
.010948495
.015718180
.011684112
.015678039
.010668959
.011677888
.010764496
.011660525
.011670278
.010709632
.011719251
.011700393
.010883612
.012495051
.011900063
.010709276
.011700121
.010728804
.011693831
.015726223
.011862443
.010346175
.010719114
.011706374
.010709399
.011725127
.011657192
.010956657
.011728741
.010699532
.011659339
.010687806
.011690147
.010742651
.011678435
.010718643
.012692500
.010711356
.011685906
.012739236
.011676265
.010997179
.010440098
.012648750
.010690009
.010688679
.011666668
.010915349
.011672968
.010691639
.012630980
.009637948
.012023512
.010481724
.012635066
.010699365
.011662016
.010691927
.013731194
.009693272
.011611309
.010630117
.011665771
.011723836
.011689260
.010699859
.011717991
.011705505
.010799664
.011592999
.010945630
.012426235
.010693787
.011728294
.011683061
.011921344
.010712718
.011703984
.011687706
.011672429
.011697701
.011651958
.011677561
.011673428
.011692951
.010655392
.011695135
.011708327
.011673438
.010907481
.011694013
.011724416
.011684728
.011723422
.011708961
.015684348
.010683992
.011790106
.011406834
.010690509
.011662205
.016667071
.009931010
.012624035
.010576816
.011698036
.010719201
.011660492
.011677506
.011707016
.011849536
.010679745
.011742666
.011671703
.012655040
.010683634
.012683830
.010709889
.011671301
.010701774
.011641589
.011688336
.015040597
.019015055
.011925067
.013678400
.009719364
.014710472
.009680245
.012693617
.012634323
.007640313
.011663251
.011721815
.011652707
.010935010
.011653814
.010922434
.012429943
.010402210
.011905054
.015704936
.010710752
.011773361
.011577339
.011727076
.011653165
.011679584
.010910346
.011690401
.011660019
.011667087
.011670191
.010693044
.012667019
.007775084
.012519170
.010229210
.011391933
.011670186
.011695163
.011607011
.010639098
.010679068
.011680795
.010686623
.011651565
.011712408
.010874867
.010696529
.011667018
.011657624
.010695719
.013696566
.010594822
.011693054
.010723873
.012762590
.010401491
.010667686
.011660735
.011678006
.010662285
.011908212
.015750206
.018618659
.010674390
.011695839
.010679912
.011784968
.010422722
.011635403
.011667622
.011654796
.011357507
.010994962
.011669775
.011720409
.010710413
.011679229
.011658949
.011679838
.010694327
.013688003
.009670163
.011660249
.010692271
.011702945
.011632016
.010863668
.011490951
.011619545
.011771204
.011667959
.011680941
.011725464
.011657063
.011706852
.011638236
.010894601
.011687011
.011661485
.011654396
.011681598
.010489768
.011899873
.011661957
.011672551
.011642833
.015921892
.010653162
.011667033
.011010415
.012351369
.010667632
.011662988
.011700298
.010867149
.011418619
.011689574
.010525554
.011792003
.011648116
.011687536
.011619188
.010616366
.011635873
.011676776
.011879582
.011432407
.011675106
.008667164
.011684226
.011648975
.012647697
.010932090
.011682969
.010724714
.015645914
.011657698
.010674023
.011695931
.011657688
.010659662
.012665305
.010610899
.011667801
.010697851
.011423860
.011883256
.011660563
.010702746
.011654084
.011654801
.011690369
.010844775
.012767848
.010553777
.010649114
.015636267
.011625166
.011045461
.011426981
.010644740
.011633454
.010650743
.011642241
.010924223
.011659196
.010717364
.010867105
.012479655
.010150453
.012139897
.010645743
.010869629
.011467272
.011662358
.010568494
.011702799
.010703712
.013668101
.011659449
.011624433
.010613927
.011620620
.010674642
.010642564
.011643604
.011616862
.010906031
.011568090
.011651058
.010629289
.010672309
.011695995
.011679969
.010205313
.011291297
.012665720
.011631039
.010665211
.011652361
.010648956
.011650611
.011315331
.010208391
.011522086
.012634336
.010687118
.010671730
.011561857
.011758489
.011613660
.010936847
.011640282
.011731618
.011452136
.011658941
.011678321
.010825539
.011534793
.012663173
.010679645
.011653072
.010770192
.011698786
.011245970
.011935772
.012604963
.012907066
.009682377
.010664622
.011693144
.011657421
.011644526
.011664240
.015672627
.010670257
.012621603
.010976738
.011401616
.011733198
.010440057
.011660855
.010672559
.011668299
.011614141
.010762141
.012553383
.010909507
.011693993
.011459524
.010651514
.011625431
.012645400
.011884221
.011596922
.013714544
.012722187
.011642276
.011641401
.010658812
.011189677
.012123387
.011634094
.010604964
.012646191
.010693998
.010672529
.011645147
.011639643
.011668253
.011658396
.011832478
.015026328
.010412449
.012661172
.010646710
.011644153
.010833041
.012464593
.011666920
.010676191
.011689474
.011640731
.011677331
.011661509
.010612723
.011628373
.011663850
.011669299
.010902554
.015424576
.011655865
