.006035554
.010037150
.004318074
.006030926
.004762769
.006079322
.006086214
.006071050
.006038526
.006037478
.003883076
.003758057
.006043170
.006027623
.006022360
.003759262
.003748569
.007108554
.006532648
.006570831
.007015344
.004194730
.003772541
.003784848
.006315285
.006559074
.004294118
.003725608
.003765752
.004487454
.003766168
.003870668
.006317657
.004568455
.006061852
.003768105
.003790458
.004547236
.003812625
.007068878
.003801624
.003908262
.003824508
.003805828
.003960079
.003774075
.003748149
.004427045
.003755148
.003787013
.004041762
.004743549
.003809151
.003882134
.003787608
.003818612
.003821629
.003733613
.003758471
.004335052
.003762765
.003755251
.006487243
.004600962
.006073300
.003787399
.003763172
.006291384
.004754818
.003746036
.004727946
.003747500
.003758025
.004124919
.003750145
.003771424
.004489506
.003750266
.006056389
.003811532
.004598238
.006048669
.003809317
.004726906
.003794074
.003778111
.003791090
.003821905
.003809029
.003804796
.003864456
.003754629
.003772091
.004409068
.003800239
.003805934
.004103666
.003758010
.003772018
.004480364
.003804909
.003785440
.006096871
.003826368
.003798994
.003773491
.003776083
.003808981
.004734933
.003751864
.004857830
.004810775
.004595177
.003778999
.003837617
.003985873
.004726806
.003800095
.003856743
.003789296
.003840841
.003769661
.003774386
.003778756
.004361486
.003812668
.003813691
.004779438
.003776972
.004808943
.003884088
.003817259
.003975615
.003858455
.003821554
.004192084
.003800632
.003745229
.003862540
.003788816
.003757496
.007888448
.003744189
.003772892
.004058601
.004762682
.003752753
.003877421
.003843385
.003783713
.003791179
.003800071
.003783976
.004113397
.003810826
.003775494
.003966464
.003760433
.003770751
.004075414
.003796514
.003762871
.004862096
.003802639
.004758644
.004266554
.004243951
.004291532
.003804103
.003795487
.003792082
.003775608
.003823131
.003778564
.004793988
.004244971
.003796444
.004740971
.003802251
.003742976
.004270587
.004272595
.004193406
.003754759
.003802173
.005792287
.003808437
.004269337
.003763791
.003868046
.003817167
.003776814
.004325327
.004249188
.003793244
.004278307
.004244173
.004335236
.003770138
.003803649
.004001006
.003759683
.004254594
.003897279
.003748070
.003771239
.004082817
.004266495
.003792954
.003906943
.004243479
.003742453
.003814087
.003793531
.003801248
.004053184
.003781101
.003760657
.004087945
.003777081
.004290209
.003764071
.003768939
.003776006
.003987110
.005340534
.004808893
.003758229
.005963774
.003801527
.003809720
.003795319
.004264498
.003806418
.003768972
.003781391
.003814536
.003787461
.003829533
.003783568
.004275007
.003781542
.004241525
.003845247
.004720814
.003772656
.004669266
.003782768
.003725863
.004904181
.003803746
.004857878
.003751311
.003756853
.004291683
.003820136
.003774990
.003824825
.003777557
.004240362
.003787252
.004856186
.003860108
.003813931
.003767496
.004911344
.003803823
.004316164
.003798864
.003791836
.003985824
.003800498
.003789209
.004321017
.003801409
.003756036
.004014032
.003751756
.003772746
.004381003
.003782510
.004169594
.003759222
.003802178
.005289514
.003718774
.004364330
.003783959
.003838836
.003876605
.003812705
.004792375
.003759301
.003758443
.003773041
.003855412
.004602439
.003922726
.003822816
.003765669
.003804124
.004212328
.003791136
.003765471
.004294992
.003816931
.003777623
.003976685
.003750545
.003820520
.004203458
.004771718
.003791968
.003767137
.004290465
.004225559
.003781910
.003802958
.003859214
.003753209
.003811676
.004261676
.003774909
.003769982
.003913088
.003771719
.003779145
.004254614
.003800533
.003766205
.004425841
.003774252
.003754249
.003814549
.004777799
.003803062
.003782320
.004263697
.004461306
.003773299
.003798853
.003756297
.003734273
.004238246
.003801736
.003751756
.003723018
.004125701
.003885621
.003797984
.003794370
.003845698
.004794806
.003752177
.004289062
.004150548
.003787291
.004233057
.003802553
.003820671
.004163229
.003778131
.004274034
.004313648
.003801434
.005667088
.003838195
.004228822
.004255147
.004297100
.003833519
.003781688
.004685030
.004261166
.003810120
.003789036
.003782472
.003798495
.003751666
.003766681
.005393842
.003786081
.004335416
.003757043
.003768371
.003873806
.003788929
.003776788
.003974953
.003765357
.004283819
.005574612
.004602001
.004220969
.003803879
.003868671
.003843553
.004271840
.003795133
.003779357
.003799719
.004255135
.004241699
.003839342
.004251582
.004250257
.003804091
.003807066
.004267270
.004760458
.004204820
.003771569
.003772006
.003918918
.003778421
.003801432
.004790738
.004234321
.004306590
.003747633
.004761743
.003801800
.003794435
.005224963
.003810791
.004685424
.003789544
.003762767
.004264892
.003794146
.003770650
.003987567
.004255827
.003785439
.004763838
.003769773
.004146971
.003720279
.004752734
.003805957
.003793334
.003808573
.003804735
.003765471
.003763167
.017299483
.013644364
.003751566
.003840918
.005234604
.003744026
.003818523
.003821158
.003833454
.004052724
.003761587
.003790781
.003773293
.003795516
.004648763
.003762574
.004404867
.003769265
.003785549
.004278588
.003772896
.003827989
.003846861
.003742766
.003780656
.004257719
.004753412
.004748303
.003769320
.003807074
.003824676
.003798685
.003797305
.003829066
.003782077
.005742008
.003836439
.003827916
.004273567
.004282533
.003876592
.003770925
.003868269
.003897676
.004814905
.004786448
.005831324
.003808039
.003875301
.003773844
.004738098
.004271546
.003777074
.003979059
.003788151
.003777573
.004209927
.003808500
.003796746
.004354224
.003770878
.004768940
.004735997
.003742324
.003791846
.004382323
.003811651
.003798472
.003787446
.003873934
.003789940
.003776418
.003980211
.003781762
.003778745
.003931443
.003776995
.003755042
.004279403
.003775761
.003791036
.003942311
.003795421
.004299416
.003816656
.004227456
.004882591
.003761517
.003776381
.003810977
.006509865
.004378976
.004692540
.003792306
.003755634
.003821080
.003776267
.003771652
.004279684
.003775686
.004268262
.003825334
.003774281
.003804289
.006530224
.004844290
.003817554
.004721584
.003795665
.004012788
.004790556
.003816257
.005198817
.004268876
.003806611
.003773386
.004721340
.004216563
.003774903
.005207860
.004752910
.003814640
.004651396
.003789001
.004704458
.003777421
.004240015
.003820778
.003792557
.003803304
.003782396
.004058895
.003789824
.003815561
.003800173
.003802017
.003805357
.004143950
.003764897
.005771067
.003821757
.005060442
.003774735
.003781826
.003783827
.004273150
.003822915
.003806696
.003755105
.004100857
.003781724
.003802961
.003861033
.003794281
.003755686
.004725629
.003814903
.004668111
.003866418
.003835894
.003850444
.003770742
.003795388
.003926301
.003791282
.003804734
.003932018
.004796964
.003794387
.003809655
.003781822
.003772496
.003877804
.004617637
.003760344
.004572550
.003823398
.004294934
.003784034
.003828414
.004658990
.003821756
.004311847
.003808785
.003826700
.003915283
.003805323
.004139435
.004229269
.003850795
.003829387
.004766374
.004069933
.003767384
.003782094
.003887282
.003782927
.004744805
.003802271
.003829878
.004676742
.003787229
.004780379
.003836862
.003783597
.004546653
.003796056
.003799221
.003846184
.003815671
.005686886
.003748526
.003816178
.003838421
.003796106
.003772035
.004072461
.003787622
.003804801
.003957041
.003802949
.003794981
.004352904
.004267306
.004493081
.003807718
.003795446
.003793815
.003740767
.004729377
.004766503
.003785812
.003815992
.003807882
.004355694
.003826334
.004820608
.004793206
.004771017
.003760163
.003796939
.004929840
.003749246
.003783284
.004001024
.004710882
.003862481
.003821658
.003794236
.004848622
.003756575
.004612530
.003875683
.004288166
.003825686
.003782902
.003759179
.005682143
.004304216
.003810334
.004589927
.003726266
.003771716
.004448566
.005615137
.003787793
.003758971
.005207533
.003780183
.003800853
.003775964
.003796511
.004083681
.003872433
.003778509
.003842354
.003825438
.003793557
.003803912
.004701691
.003789084
.003777289
.004765067
.003778309
.004658618
.003763106
.003807721
.004372359
.003784207
.003768939
.003773953
.003785159
.004793996
.004275573
.003811434
.004245117
.004230739
.004281435
.003810628
.004453633
.003743997
.004274541
.003805639
.003831608
.003785511
.003763478
.003726141
.004267734
.003828093
.003829993
.003792041
.003830491
.003810794
.004272266
.003808994
.003805786
.004780004
.004316549
.004982500
.003778058
.003779463
.004890102
.003863659
.004065239
.003768265
.003796141
.004190030
.003835742
.003786526
.003826849
.003805259
.003769612
.004569896
.003802959
.004678840
.003743486
.003758634
.004268769
.003737375
.004309023
.003850759
.003795441
.004240050
.003827709
.004279562
.004168829
.003725456
.003759289
.004297800
.003820109
.003796774
.003856907
.004286828
.004674357
.003763835
.003816847
.004183942
.003917382
.003816357
.003824272
.003781056
.003846019
.003909821
.004845048
.004780275
.003834074
.005762591
.003793424
.004117462
.003796891
.003787712
.003797053
.003767779
.003812982
.004138049
.003826080
.003850150
.003843722
.003773117
.003809058
.003793920
.003781694
.004466975
.003883185
.004343111
.004827242
.003773414
.004382424
.003816164
.004709362
.003788538
.003788677
.004140609
.003800478
.003779698
.004285770
.006037920
.004799423
.004017145
.003810215
.003794276
.003785068
.003775933
.003798268
.004100639
.003794911
.003789008
.003825498
.003770681
.003780333
.004119216
.003798884
.003754387
.003886077
.003785351
.003863563
.004038845
.003777305
.003780256
.005306690
.003810755
.003832928
.003770147
.003756686
.004289206
.005564122
.003781468
.003840519
.004796431
.003866395
.003798138
.005284480
.004514319
.004294636
.003799728
.003830960
.003790526
.003781483
.003803859
.003820965
.004283474
.003774621
.003824841
.004533558
.003823044
.003811571
.003823349
.003809468
.004323294
.003895762
.003815341
.004269671
.003762794
.003781316
.004101320
.003795132
.003818540
.004290064
.003790451
.003750536
.003813287
.003766053
.003775892
.004303354
.003801356
.003792898
.003791132
.004303718
.004624454
.003792425
.005012326
.003804374
.003802256
.003831466
.003792306
.003834654
.003838731
.004266430
.003771634
.004242373
.003787153
.004680929
.004217966
.003867419
.003823268
.004464457
.003829318
.004270759
.003763791
.003780455
.003803247
.003839738
.003812815
.003782094
.003807404
.003832449
.003807966
.003810282
.003806329
.003794790
.003846444
.003798141
.003794972
.003815866
.003789124
.004306890
.003873007
.003830200
.004292922
.003728735
.004741821
.004310162
.003792934
.003765537
.003751589
.003920439
.003809623
.003767863
.005735312
.003827440
.003852679
.003782040
.004993640
.003821872
.003792059
.003847150
.003798719
.003785694
.004143296
.003767770
.004122273
.004293880
.004579634
.003798638
.004764743
.003737539
.004349613
.003822777
.003784128
.003780176
.004386214
.003760278
.003787686
.003808188
.003836226
.003795936
.003800784
.003787068
.004038846
.003813772
.003789967
.005234160
.003752224
.004019571
.003846260
