.592330621
.640988503
.993346632
.984213066
.986333902
.997546024
.954889080
1.034608957
1.118186710
.959594107
1.005330325
.625689866
.967565418
1.001300400
.970608767
.645403801
.614806419
.614672411
.999758233
.609146602
.992549029
.604233530
.647046257
.580662641
.660947775
.642442093
1.068227556
.590513998
1.078665575
.527313245
.650606713
.630828733
.645471054
.963233379
.638974587
.597728559
.645139675
.577340688
.669001667
.624585452
.614382296
.628174786
.973989311
.619623026
.630851576
.655964184
.968686150
.644923112
.630221188
.624991354
.592636997
.649833420
.638652448
.590699351
.640341625
.613361439
.646220640
.628249357
.626976170
.608963651
.948412241
.658849665
.630908282
.621403476
.613199693
.733657420
.637124330
.716228001
.589741947
1.011711640
.599195818
.649303203
.569891220
.725614727
.619755903
1.003516632
.599348353
.667420291
.628770579
.770880112
.570027732
.709933070
.559863190
.712839549
.564138921
.702382646
.604888731
1.014547906
.729937754
.602312659
.672477793
.635321334
.587662101
.665069575
.661414511
.631368626
.632069677
.616085522
.652870404
.579130811
.666549995
.652223574
.606725373
.656179059
.635320957
.632482727
.642776838
.666641795
.588143595
.656164829
.611544847
.656018633
.641540976
.601245206
.661197423
.634514315
.605013136
.664573813
.602325182
.660107871
.632345974
.611091675
.650116147
.564021570
.675864202
.646556666
.612600567
.643231231
.651290388
.614534111
.649773477
.570160592
.666725443
.659341197
.599658927
.665574421
.762378141
.578982992
.635475638
.683026633
.586727520
.681918076
.658448350
.562132931
.715206050
.973198884
.651495410
.578976109
.666929086
.668707922
.708623881
.603292554
.673654847
.597417977
.659812850
.653636797
.650820455
.611559658
.653542183
.645104332
.644007467
.633804521
.595455521
.816309426
.540095923
.665578514
.610689099
.640279957
.765101090
.625127640
.662295814
.655846794
.575317025
.669970544
.666128714
.644243472
.617180989
.652128752
.593941243
.645211853
.658375297
.603460173
.652866912
.650092384
.722717290
.597270552
.715296725
.601725140
.670842465
.584996242
.678661639
.722797433
.631581009
.673342202
.632428676
.587176908
.671864673
.666688724
.566286725
.728056872
.599085724
.671249003
.579331003
.663093415
.649878466
.606858289
.654243604
.633675984
.622728315
.652396747
.586529076
.663496025
.657495234
.620756723
.649941929
.644333859
.606139181
.651724759
.586044683
.819406776
.539928581
.672045235
.596924626
.720250361
.604439270
.654076006
.577369561
.658508657
.655842737
.607248987
.653081596
.654594273
.604711915
.647993085
.588209655
.650575474
.659590603
.707615313
.607190811
.683737190
.620899090
.653921315
.654290299
.656617495
.619345514
.660575193
.568545993
.718921248
.777954211
.544031139
.672047347
.631891293
.598632645
.668867994
.686191838
.640891360
.606301810
.659303008
.580310201
.667100770
.657229428
.721788925
.599040185
.705945681
.612102322
.668803633
.646612169
.662755809
.614910738
.652265208
.643114839
.639972399
.606099159
.660798199
.619710627
.776545815
.554667903
.681457128
.583602881
.743199511
.553801337
.665391968
.651575059
.658482312
.625859360
.660942194
.664254070
.629981359
.605341346
.661834379
.582669748
.666595291
.646480079
.606990454
.657147677
.651069314
.621111403
.649253907
.593296169
.654931240
.657592292
.610531764
.655418081
.657500517
.725027802
.637293417
.604354915
.642313233
.663961969
.597174367
.676462202
.674037132
.619195378
.647672477
.597386856
.772290979
.582982812
.681947926
.583436239
.644777493
.666162179
.664546912
.589655235
.674545014
.640947637
.628139396
.631751470
.651746854
.638228932
.655120533
.564688506
.787925399
.588408472
.680948454
.584586681
.711465579
.667767978
.682955868
.622977009
.605310875
.669583872
.665332859
.563080892
.728057108
.611887164
.670604300
.586648436
.657899087
.654014939
.618291230
.648710708
.644477908
.620472944
.648703875
.594193483
.658482957
.660082943
.608426218
.656011708
.653621726
.733107594
.603499185
.676300022
.635024197
.586587966
.671879818
.668370787
.639069134
.616747475
.657665678
.589946679
.657465151
.651251568
.642840198
.622906099
.645386760
.635293849
.674211562
.595374484
.658356987
.607605223
.668047539
.625542327
.648068450
.651899289
.640634862
.666806101
.714878019
.588410564
.753486330
.581593453
.684110198
.700890821
.695328480
.625925320
.673811170
.696973223
.628746578
.690586948
.676240834
.636983126
.695842684
.608703212
.686300006
.696048505
.753421264
.614741502
.731075466
.644795238
.681290843
.691303424
.694470414
.622267360
.717010558
.682778304
.673458941
.812295404
.564470044
.704376807
.666397877
.613895404
.712994704
.688940101
.222789149
.626467590
.707014273
.660572236
.692743499
.728969043
.634059537
.751448655
.612113949
.695923054
.676660400
.695746151
.632942925
.690570528
.593870413
.749866472
.630552417
.699475299
.590317436
.828915199
.623762157
.737328559
.604496138
.836151470
.650040809
.695559343
.676897170
.686314269
.641485003
.694675145
.584447229
.765083034
.648578946
.673738455
.626085909
.685582215
.683425661
.649242841
.684309021
.675252013
.632972619
.689701623
.602615286
.697906087
.682230748
.626209269
.807806277
.639533903
.690307860
.624897094
.660192787
.714208995
.713429376
.597694286
.685692830
.687321652
.641169143
.688698929
.609089466
.813770342
.603500061
.707195582
.611932921
.767806136
.666243592
.607441561
.714319893
.661112034
.644935015
.689934712
.684419318
.654027937
.775909805
.604710644
.714484352
.653773831
.636177137
.695145619
.690999420
.220718882
.635948882
.693308004
.656617164
.708943495
.657385934
.658412386
.741896443
.685511896
.758270570
.621004854
.618248599
.705291032
.690909342
.673344086
.641178579
.696246612
.609186740
.699077844
.677362476
.666934986
.662207654
.669559855
.773575231
.607634256
.712548943
.654952747
.617685991
.709093203
.692180369
.222572713
.614244515
.709286205
.739315632
.664207359
.696518148
.619387995
.847228852
.630239808
.694224949
.666940867
.627308505
.700892378
.690151430
.585454875
.755965904
.641417267
.693971052
.696813398
.625857290
.674931189
.636121044
.692982156
.649773418
.714998707
.702088246
.667951634
.608268271
.719091062
.690650457
.589598666
.752124215
.638930697
.684819845
.625006132
.674457903
.690457705
.634183635
.686388394
.757766736
.654842603
.762412832
.613569441
.628197344
.848437040
.596459255
.677170700
.780556513
.574503568
.673419529
.692226042
.691745638
.628119620
.703262604
.714480667
.679078489
.754864257
.627483438
.608495719
.709023665
.690225667
.583040023
.772771767
.649720987
.681548678
.607378752
.691982705
.684841342
.648740477
.687594474
.663628784
.681994738
.783329761
.599871290
.713013426
.587819267
.733245959
.595636819
.753760186
.621492418
.704222775
.592982598
.726466422
.669564441
.649517560
.674989753
.673009335
.759450475
.620850831
.695110005
.674531968
.617516154
.706747019
.700193421
.219600810
.647988948
.696946712
.671207342
.690491851
.771830114
.596529398
.786845982
.577831267
.705154163
.675799910
.693565703
.635438925
.689488557
.694390525
.659328456
.661516542
.661070050
.670275745
.650395597
.682456368
.747336534
.616765999
.728348838
.652693364
.691615122
.688757280
.692488076
.625540237
.702934417
.675767755
.695773139
.614336574
.703172250
.675064438
.608658787
.717454849
.679208642
.591424211
.736537285
.683748616
.608053579
.693053962
.683354113
.637256154
.679274157
.693623107
.710589931
.622095872
.703896826
.652988242
.627949596
.706825062
.699060853
.585247769
.752901961
.753640180
.616373617
.746760004
.631073914
.617190268
.695694953
.706725814
.222287060
.645178493
.697398062
.676383313
.695568286
.643496237
.691985945
.691529376
.686093018
.696826326
.619758776
.683650508
.642197555
.685270046
.688979881
.657964053
.633853478
.687495454
.609119784
.818097000
.563365626
.740088439
.590043848
.760275564
.615122205
.709403864
.611650136
.683571209
.693732096
.635119049
.699144352
.645932401
.707485641
.760689314
.629275590
.692572793
.634759380
.698888374
.574820309
.753647733
.686274875
.661141879
.664179396
.658162787
.674875614
.658128111
.659216719
.787269894
.595422406
.757819530
.621947493
.626241638
.692948518
.700734626
.592694736
.755294296
.631682358
.698934604
.608590206
.686963837
.702298142
.627101974
.701021291
.662754343
.628543183
.692940868
.594541749
.708238280
.690184272
.625746585
.700928701
.645236768
.710412338
.756802895
.623454328
.610518549
.722137145
.683933090
.587763529
.755577040
.640618394
.684402429
.626909910
.677546716
.691310139
.636678181
.679317516
.676705825
.638136405
.692352757
.604870273
.687867851
.695560327
.633307928
.687455610
.742649199
.686928072
.748125024
.616389853
.701350257
.764510647
.608843115
.663197683
.222818537
.619083236
.679699998
.701370105
.675770134
.644241388
.690608217
.673575453
.655644404
.684184311
.712781215
.676799664
.652543037
.646718366
.701840555
.722609756
.657662687
.630262962
.697863182
.703928093
.666216957
.702241930
.701774118
.285155413
.578915620
.727281009
.662993629
.640750881
.714615440
.702041841
.695308873
.643263608
.700522177
.624828789
.694947889
.703646820
.647482734
.702967612
.688036872
.775072090
.622759329
.762360483
.633857718
.643705906
.710935354
.654818344
.279373498
.675271115
.620469823
.702718763
.702998160
.764656309
.616083458
.795064066
.607035492
.698241110
.701347675
.700997113
.642106185
.726139730
.688270171
.222907730
.628075828
.710956881
.684568173
.625515886
.721833375
.704362392
.683444177
.657304082
.697250292
.616085011
.715676471
.703322253
.651498319
.697948385
.764696675
.650471434
.787708497
.617868190
.711174562
.651131450
.701753466
.608680883
.863105972
.630873174
.732613980
.665481635
.723288759
.646182855
.701688860
.700650299
.645144363
.706666874
.632287673
.690939207
.713787350
.652491437
.698251985
.781539608
.633119482
.717248890
.671994561
.717863367
.723920959
.716790498
.662094614
.180347263
.718517219
.684079327
.704071524
.638748055
.723580060
.602534945
.755498639
.649163984
.712040602
.710970440
.636036264
.703106200
.643098744
.712237722
.220406477
.653230007
.705656297
.684719949
.708564809
.647790476
.724733541
.766955969
.661253005
.728267937
.696727195
.635671222
.735395944
.716119089
.684389708
.653804558
.713974958
.633257352
.712148992
.707171799
.652874703
.716590269
.233858667
.646676461
.681062645
.683478127
.760204369
.680097819
.678316212
.688253505
.696924503
.676970002
.684866848
.690379021
.674908484
.780198551
.633493366
.687900085
.683981823
.687427583
.761858730
.669748271
.750531224
.668528607
.222002904
.662194281
.692948863
.720982705
.709441598
.668158482
.710287955
.702248647
.661033766
.709599185
.633754347
.722588437
.682694572
.788609205
.625737964
.722839531
.640791311
.721727225
.792766594
.658557867
.696215533
1.193162929
.303826039
.691745053
.678764284
.681482003
.834832155
.696806689
.678226416
.718939528
.641765047
.705553969
.707948912
.689333697
.649690585
.711800870
.803478746
.655326324
.785354406
.621355192
.645782668
.719677235
