.005001603
.006109602
.004948051
.004940619
.004942923
.004924691
.004959076
.004488602
.004995989
.005133184
.004972569
.005911538
.006755821
.004911334
.003493274
.003487416
.003493283
.004962924
.003481716
.003473857
.005518122
.004927289
.004914457
.003479541
.005634980
.003573784
.003501676
.003528145
.003501116
.003527627
.003494003
.005526077
.003515898
.003522702
.003527038
.004969016
.003493316
.004130522
.005012091
.003484735
.003530865
.003486699
.003551411
.003509440
.003521273
.003466162
.003486466
.005316993
.003555807
.004906153
.004488364
.004990858
.003515965
.003513616
.003524862
.003478380
.003498115
.003491281
.003486413
.004184397
.003528336
.007711922
.003471443
.003480194
.003558276
.004447155
.003471859
.004471772
.003485981
.003503744
.003525300
.003458537
.004487053
.003514230
.003561266
.005028169
.003491677
.003840216
.003566583
.003513384
.003463115
.003495533
.003481318
.004472289
.003520106
.003521379
.003512721
.004591003
.003517747
.003926012
.003552781
.003485089
.003496996
.003510635
.003507174
.003521292
.005048556
.003495784
.003533728
.003489715
.003545195
.003522952
.003525949
.003504923
.003502552
.003491234
.004121609
.003487627
.003493438
.004441157
.003526955
.003509321
.003484320
.003906148
.004490626
.003660642
.003531668
.003528456
.003481065
.003479916
.003472146
.003518385
.003466963
.003515614
.003507479
.003795814
.003473366
.003498445
.003487583
.003509455
.003502436
.003498089
.003481428
.003722059
.003498305
.003522257
.003477892
.003484395
.003494994
.003523162
.003496447
.003486803
.003492105
.003526303
.003583047
.004502076
.003518464
.003554796
.003500547
.003852002
.003519139
.003518767
.003499591
.003515517
.003541507
.003543981
.003487694
.004105205
.003522066
.003728016
.003539235
.003467043
.003544817
.003530141
.003506372
.003497487
.003513633
.003481882
.003483341
.003475377
.004102942
.003493856
.003499868
.004018552
.004464152
.003495850
.003879952
.003464309
.003486893
.003458563
.003816739
.003463143
.003501949
.003647868
.003487728
.003950019
.005309464
.003636411
.003452244
.003474716
.003522825
.003468611
.003460579
.003946586
.004933185
.003936451
.003478196
.003960406
.003465018
.004517991
.003930431
.004206914
.003951032
.003786349
.003933219
.003491261
.003510079
.003481445
.004040851
.003490901
.003510823
.004500117
.003550285
.003550552
.004000986
.003831244
.003554479
.003922926
.003538076
.004301560
.003520239
.003498979
.004043834
.003523716
.003810513
.003512258
.004028288
.003957825
.004091824
.003519780
.004034914
.003478347
.003531638
.003810999
.004015025
.003992318
.003539650
.004597376
.003498482
.003508340
.003560224
.003520836
.003507287
.004495345
.003553714
.003518565
.003486006
.003487412
.003541313
.003478732
.003500986
.003498284
.003491346
.003492265
.003518478
.003503882
.003484551
.003467904
.003503005
.003449307
.004018046
.003502589
.003529460
.004471158
.003494895
.003509701
.003499180
.003460601
.003526446
.003493872
.003515434
.003456467
.003486485
.003474596
.003484059
.003454193
.003982303
.004091459
.003477841
.003509509
.003936466
.003478473
.003605537
.004236301
.004450994
.003485852
.003492226
.003470837
.004480758
.003519547
.003529986
.003538585
.003557306
.003533164
.003555512
.003534436
.003514166
.005098707
.003540806
.003489983
.003481570
.003501980
.003489502
.003478219
.003515925
.003487888
.003514738
.003496838
.003514232
.004405476
.003488669
.004122624
.003486355
.003947836
.003572712
.003538805
.003962547
.003509153
.003499835
.003580728
.003475946
.003486723
.003512297
.003528612
.004085168
.003500892
.003552111
.003479284
.003571175
.003501944
.003496892
.003490775
.003855771
.003541553
.003497942
.003552516
.003569124
.003506506
.003514176
.003499063
.004931649
.003551117
.003532470
.004493901
.003506418
.003476602
.003523936
.003493028
.003529540
.003476613
.003508438
.003493431
.003498891
.004533258
.003498590
.004110791
.003472122
.003502904
.003500999
.003493837
.003456496
.003523160
.003525057
.005246598
.003494847
.003852160
.003493806
.003459567
.004505701
.003515789
.003618689
.003501840
.003550150
.003540681
.003505267
.004011305
.003517551
.003814874
.003981703
.003949734
.003491245
.003481073
.003515896
.003485241
.003498722
.003985235
.003485015
.003891895
.003488894
.004929126
.003517417
.003484019
.003488709
.003501164
.003502773
.003930598
.004920468
.003472910
.003526634
.003923142
.003488564
.003493266
.003528152
.003560443
.003522223
.003538922
.003956019
.003510678
.003528245
.003495671
.003496406
.003545812
.004010128
.003473673
.003525141
.003970851
.003527154
.003545041
.003531344
.003518759
.003556864
.003529221
.004564228
.003513833
.004199525
.005584260
.009908597
.003986720
.004499445
.004050019
.004042396
.003950146
.003522101
.003515427
.003570994
.003499670
.003491571
.003523565
.003528720
.003513925
.003569426
.003976734
.004981332
.003513422
.003533456
.004157287
.003536889
.003973789
.003495717
.003504605
.003726355
.003566899
.003537484
.004999676
.003573943
.004400992
.003496337
.003522440
.003963784
.003484771
.003476320
.003504083
.004442282
.003491604
.003951772
.003489169
.003969349
.003489900
.003530377
.004014868
.003504512
.003477870
.003500433
.003478015
.003516411
.003478842
.003480213
.004057257
.003495382
.003528556
.003485379
.003544494
.003985741
.003489292
.003970640
.003507496
.003497399
.003529451
.003469504
.003478308
.003525213
.003503729
.003461573
.003472794
.003486892
.003493096
.003480046
.003525447
.003478622
.003500967
.003473145
.003488546
.003502817
.003465584
.003467107
.003823731
.003535046
.003490258
.003485011
.003474960
.003505497
.003463425
.003483459
.004028981
.003476268
.003482878
.003489570
.003476134
.003520059
.003476110
.003483070
.004089017
.003501013
.003483543
.003522712
.003470177
.003488504
.003484427
.004002296
.003523013
.003485225
.003484995
.003514964
.003515458
.003500555
.003495466
.003480192
.005319849
.003786504
.003490728
.003581260
.003536710
.003537006
.003539832
.003568669
.004108979
.003536792
.003536338
.003512217
.003499241
.003551678
.003514747
.003561533
.003520465
.004003759
.003477754
.004011562
.003555106
.003543914
.004482341
.003562739
.003564196
.003480553
.004000901
.003963639
.004487860
.003492589
.003526917
.004999042
.003464811
.003534466
.003532130
.003533715
.004544173
.003527142
.004055514
.003543301
.003502935
.003526044
.003550823
.003564690
.004586986
.004019356
.003510288
.004511235
.003510334
.003509121
.004019494
.003536214
.003667959
.003498387
.003990127
.003501662
.003974387
.004512669
.003573622
.004795298
.003524860
.003542904
.003460196
.003507186
.004215109
.003466533
.003505989
.003531096
.003490559
.003498887
.003499260
.003512563
.004385146
.003609330
.004055214
.003585476
.003525107
.004921010
.004089427
.003529874
.004081338
.003509313
.003513117
.003505648
.003512515
.003492099
.003515745
.003662300
.008025601
.006276580
.003996789
.004597183
.004500267
.003991296
.003488296
.003487249
.003956285
.003946050
.003497868
.003484717
.003485042
.003457019
.003670067
.003475210
.003497882
.003512180
.003977239
.004181994
.003500029
.004502422
.003484260
.003537246
.003497608
.003525244
.003799915
.003458702
.003484696
.003541946
.003996802
.004204433
.003516719
.003565000
.003493633
.003533106
.003543908
.003508507
.003537481
.003499630
.003504439
.003490965
.003528999
.003498164
.003528773
.004463331
.003522242
.004160889
.003513571
.003508622
.004001484
.003516496
.003492205
.003557016
.003522092
.004071447
.003463065
.003460096
.003515820
.003473850
.003491103
.003501361
.003467894
.003858819
.003493173
.003483204
.004470709
.003546276
.003529412
.003534706
.003514191
.004515282
.003529620
.003885034
.003547380
.003526585
.003504419
.003514442
.004018800
.003518805
.003508331
.003512680
.003517769
.004056228
.003501715
.005306639
.003498279
.003813880
.004546533
.003508974
.003527776
.003504512
.004505206
.003568642
.003631274
.003525850
.003502126
.003536316
.003508533
.003514116
.003506526
.003543112
.004042947
.003550343
.003485150
.003514107
.003558046
.003524171
.004008764
.003524972
.003512615
.003552255
.003504261
.005036151
.003586156
.003536418
.003545691
.004038926
.003540444
.003492969
.003520589
.003510771
.003972389
.003498490
.004006371
.003964360
.003561914
.003524283
.003555531
.003477481
.003998477
.003597958
.003507773
.003504604
.003548363
.003509655
.004071349
.004006819
.004022093
.003991708
.003513344
.005518857
.003545272
.003584099
.003493467
.003560769
.003855371
.003564414
.003506123
.015339362
.012028047
.004977937
.003488472
.003539103
.004118760
.003535793
.003556732
.003602656
.003524527
.004079235
.004198962
.003536000
.004977822
.003490465
.003998735
.003548445
.003524216
.004111736
.003498064
.003551803
.003512728
.003511148
.004007526
.003537528
.003531318
.004011044
.003524711
.003506494
.003501152
.003606339
.003519894
.004484812
.003476601
.003533270
.003537768
.005187868
.003485736
.004052452
.003500095
.003499351
.003527920
.003519172
.004589687
.003532523
.004990662
.003479302
.003666474
.003549466
.003532374
.004002676
.003989471
.004487522
.005518444
.003486376
.003541418
.003536011
.003543322
.003975096
.003555173
.003549125
.003514066
.003526570
.003576886
.003540020
.003537174
.003520406
.003854905
.003504551
.004035397
.003948252
.003596351
.003580932
.003791470
.003531352
.003554560
.003512360
.003540294
.003523356
.003518233
.004460573
.003530308
.003523177
.003544943
.003928156
.003552201
.003521473
.003495712
.003514713
.003964236
.003536428
.003546343
.003514499
.003517625
.003904885
.003498576
.004036046
.003518423
.003561343
.003498622
.003520445
.003517935
.003508575
.003964556
.003579864
.005301756
.003527244
.003516722
.003732612
.003524024
.003492027
.004509515
.003483852
.003519442
.003993026
.004545368
.003565328
.004172545
.003509714
.003495839
.003558315
.004466201
.003533857
.003464489
.005055469
.003483210
.003675192
.003542314
.003480923
.003484512
.003496522
.004029432
.004471149
.003992289
.003511580
.003522103
.003482996
.003490502
.004499270
.003515010
.003718996
.003510368
.003531922
.004487808
.003512198
.003516431
.003511953
.003572521
.003693942
.003555722
.012951726
.003521434
.003999991
.003516475
.003513122
.003502358
.003550580
.004379917
.003543247
.003980766
.003982218
.003987789
.003990352
.004013744
.003541325
.003521421
.003483070
.003547906
.004005639
.003505235
.003538711
.004474441
.003514746
.003527720
.003582119
.004094115
.004676881
.003821287
.003526543
.004508480
.003529524
.004483098
.004006614
.003534507
.003511901
.004013841
.003522248
.003999948
.003495151
.004212468
.003508393
.003516270
.003474508
.003472505
.004079799
.003472573
.003510941
.004507522
.004530249
.003532809
.004882618
.003495348
.004001313
.003532720
.003531987
.003494449
.003986128
.003552196
.003984301
.003514986
.003514717
.003509333
.003959347
.003537607
.003562921
.003486353
.003550111
.003491454
.003505823
.003833101
.003511585
.003465981
.003509316
.004503423
.003991113
.003492964
