.289000100
.295986200
.391521900
.362426200
.401034500
.387225901
.353992500
.361039399
.409378300
.438452301
.366429300
.382898500
.354608800
.367210000
.359815400
.343644500
.395083700
.321564600
.350014500
.305973900
.361760300
.425205400
.498292700
.406711700
.313199600
.385806899
.334706400
.392910400
.287085499
.370016001
.412918200
.361111200
.300769000
.418790999
.365172100
.282704900
.281432900
.431834401
.356164900
.387132300
.295571500
.433729300
.325948400
.348678900
.355013400
.441077999
.275655400
.346850500
.513038500
.360641900
.315236000
.323921100
.330010700
.441466801
.364887700
.354523500
.382872700
.401512400
.318273700
.421827600
.275066700
.290758200
.339119100
.364432900
.329998100
.283439700
.264771900
.351812800
.324543300
.312101000
.280833900
.392371799
.292847000
.319508700
.307007700
.418714101
.342800900
.352656200
.328329200
.286227399
.301674801
.337170900
.359652900
.328966500
.296243999
.366646700
.326562300
.343635200
.279918700
.288338401
.342208300
.286823600
.335631500
.463139699
.491638500
.317801900
.296178400
.395247700
.480642100
.393870200
.314186400
.470744001
.349133500
.375382000
.333485199
.345911701
.310028200
.393747700
.311733000
.325853500
.371576100
.310588100
.319658000
.316887001
.337123300
.320218100
.323303400
.308075700
.391021999
.357963700
.294756000
.390738200
.356929001
.395061800
.298152000
.343151799
.375562401
.352565600
.294224400
.332788400
.335104300
.320661600
.333102200
.303920600
.425026700
.315811200
.263312500
.338871100
.299815100
.352429600
.360584699
.348186400
.376813000
.287322500
.375906101
.320506100
.332505300
.304098500
.304299699
.369698601
.283745300
.291399200
.275708500
.284847700
.269348700
.258053600
.353129400
.300439200
.401910500
.274533100
.338873100
.320783700
.320895000
.337402900
.325327300
.337312400
.265188400
.277481400
.365707999
.349404700
.351646400
.276864700
.386656700
.312654600
.333817000
.301202800
.273021300
.325043600
.293185100
.385480700
.273128000
.292952101
.272350600
.304559700
.311038200
.279773300
.288291400
.323603201
.376575700
.312900600
.319822399
.275554698
.326119900
.368662300
.322548800
.267648000
.290386401
.348841300
.293471000
.296348400
.331978900
.350321400
.333636600
.289213200
.282046000
.321324999
.383204900
.282015500
.283973700
.308962300
.343983400
.303517800
.316539600
.313683500
.309642802
.348135500
.289204200
.264598200
.274828200
.291855800
.297828800
.339116100
.343446000
.314010000
.296107800
.287349800
.406201100
.299419800
.316320800
.286971200
.354969400
.274223800
.306089700
.299435001
.328545500
.341881300
.305419400
.273067200
.389638500
.280810600
.292097900
.263557500
.280474500
.277086500
.333876900
.294516300
.282866800
.285215700
.368979299
.292110900
.311023400
.297929500
.288884900
.297142900
.320111100
.326578900
.284729300
.293928900
.347217801
.315027500
.332549900
.286146600
.387514800
.282626000
.300946900
.269503400
.284968700
.257563900
.298092300
.308771600
.256575600
.289803000
.292652000
.262529500
.326731000
.330985700
.288706000
.282129399
.362286600
.295136700
.373977600
.273534900
.305616801
.322138800
.302706900
.318209600
.284422400
.271780801
.391501699
.289207700
.275393599
.327868200
.361263600
.324051400
.297169900
.315503900
.346319200
.368804500
.322787900
.278456700
.280593000
.321750800
.329224200
.305306400
.338005000
.282865699
.381177600
.278795600
.296882700
.290176700
.367804800
.314213300
.297993300
.298717200
.330772000
.334096300
.259359200
.302097300
.301219200
.323426900
.338170400
.292961100
.319900100
.392498100
.315227701
.331509900
.300906600
.312578500
.317480000
.346363799
.300032300
.264885300
.289635000
.322840100
.299754101
.276817100
.322305100
.351238900
.290707100
.290988600
.298080200
.316942100
.306799300
.380492599
.337012501
.323794900
.287647500
.267213900
.307641899
.373302500
.285127800
.287500000
.281328600
.325315401
.362201000
.320288700
.296866800
.281499799
.373903600
.294055600
.287715501
.288865701
.343707099
.305631400
.320899300
.305102000
.264725200
.305225600
.299081200
.275995700
.342728500
.286881500
.313147700
.298067900
.291934500
.377728700
.289126300
.289738200
.342105000
.327625400
.295847000
.292234099
.234994100
.390060200
.294615800
.324259300
.318910000
.322157900
.311359300
.283666300
.304415800
.361894601
.306839900
.266933300
.281806000
.279600800
.256964200
.312223900
.284273000
.301110700
.272956700
.362895100
.283784700
.331464400
.348282700
.356525400
.276203400
.310639000
.325629600
.337594100
.309694900
.301372400
.278261300
.259450100
.278006700
.381221799
.259879500
.285845100
.297900700
.287613100
.272887301
.376634400
.279765600
.319340500
.312949300
.357208599
.271323300
.295214100
.329758000
.329154801
.333520700
.295470700
.281696000
.333336200
.282588999
.299516100
.288909300
.280358500
.300082700
.302775600
.321709200
.320079700
.314070700
.268869501
.265945599
.260002500
.329264700
.319238600
.300211800
.276551701
.314273700
.350278200
.290951000
.305171400
.348589000
.334894100
.304366500
.300281700
.376753599
.349929800
.310066400
.275093000
.264183300
.351631001
.282116300
.324336200
.272168400
.266639600
.280651600
.353624900
.320356800
.297653100
.303106500
.280274899
.379623100
.284014200
.316130900
.300875201
.346564200
.321106000
.321444200
.296610700
.399518800
.314207100
.305624000
.317075100
.292655500
.288295200
.299242500
.305105700
.308568700
.327983200
.283003400
.347704600
.283360900
.300928900
.286186400
.367465300
.362186800
.290345000
.302788400
.279614500
.345071700
.282544500
.308174900
.361257299
.276568601
.319163700
.309972200
.296924400
.278690000
.357240999
.351110400
.340864500
.329996900
.284346099
.354369000
.272155600
.311342300
.313515000
.295042001
.303759600
.324916800
.295225800
.313807400
.263584200
.330097000
.321329400
.292861500
.280197499
.413080000
.343385600
.328234600
.298494801
.349647400
.376659700
.315420100
.268921300
.307770100
.341681800
.309180400
.274522200
.263531400
.357293500
.312688700
.306151100
.314010000
.342938500
.312258000
.352535900
.314366100
.298403600
.276150700
.326727500
.321809300
.292402500
.271198000
.263615600
.291485600
.337366200
.356807800
.328289000
.358944900
.267613100
.278380000
.274840100
.279177500
.362735000
.347158500
.299723500
.278036500
.307874700
.324226300
.290870800
.291859000
.343303200
.337352900
.357404000
.315742200
.310588900
.285962000
.331163400
.374747500
.285381400
.276210100
.329317400
.298444200
.281781800
.279110800
.320715100
.283961700
.330923400
.302509900
.349519600
.326402800
.345786800
.298761500
.276641100
.295889200
.305271100
.340962100
.313777600
.276744600
.293833500
.297251200
.290891099
.345268100
.313107500
.305401800
.292972500
.412352301
.371092600
.362945200
.270901400
.326167799
.307201000
.301888500
.292270500
.301095300
.277216001
.273340200
.292963700
.262894100
.325199400
.291569200
.337355000
.338511900
.281490700
.311371301
.376816500
.326877200
.295667200
.275519600
.377034500
.330356300
.302372099
.287291000
.373154900
.353981000
.326884900
.311014800
.280045200
.400742401
.286455700
.342356100
.279255800
.287439900
.280328099
.318667300
.313155900
.279185100
.311950900
.356695601
.332047700
.360032300
.328181700
.288756699
.294929300
.383338600
.286251900
.306033400
.310559701
.361291900
.298931200
.287290900
.268803500
.316151400
.350122900
.303734700
.263214600
.281630699
.326010601
.319031300
.265677200
.317523900
.345278000
.275119300
.273392200
.382743700
.327704000
.321097300
.274354500
.290512400
.365576300
.330822100
.331893100
.278217900
.319641600
.289527400
.350197100
.353642200
.303257800
.297634300
.281407400
.325523300
.294571300
.344589700
.358663800
.279797700
.290030599
.342521200
.323992600
.324476300
.309055101
.283089700
.337865900
.313682200
.302037700
.295013299
.361252500
.318346400
.276243600
.291225300
.487306801
.439984200
.294220400
.279913700
.314064799
.282407600
.304174500
.332126000
.290465100
.437421101
.324021400
.270426000
.274181800
.300110500
.296073700
.340432600
.323633000
.266475200
.337220500
.331435000
.305454100
.300434100
.385310600
.382683399
.326956000
.346322100
.352306900
.363644301
.358206600
.331844800
.255909900
.333527800
.326589100
.270065900
.294046000
.340191900
.299148900
.306483200
.294789200
.288470700
.296152500
.336471899
.315299600
.287046400
.376716900
.289111502
.316090800
.299537000
.298108600
.309232900
.259029501
.327152900
.412862100
.313294900
.299534400
.279822699
.355079500
.269428100
.281070300
.287353300
.293365800
.341584000
.325986200
.303230200
.275228900
.351240201
.380861100
.309269100
.288382200
.299803599
.362616101
.345550400
.361062700
.298820500
.367272399
.312686201
.309525000
.307599300
.390843199
.368088900
.293884900
.291888400
.308723300
.329131301
.295037700
.330284800
.367311500
.346980800
.322539400
.477627000
.321766899
.333747700
.338107900
.342188300
.313096800
.309929900
.314428201
.359146600
.291211600
.333642200
.327875999
.327161700
.403682700
.305792100
.290920800
.400735201
.370724500
.292565200
.321659300
.406016800
.333013300
.357397900
.291957800
.264987500
.333294699
.310132000
.281604199
.337829300
.361983400
.305707300
.279945200
.294004000
.305154300
.340518001
.337146700
.307861700
.293465400
.275723400
.329004400
.322240400
.336443800
.292197200
.285627100
.331234800
.346551000
.283995600
.284917800
.301615400
.344939200
.294743800
.307183600
.316190900
.334725700
.342703500
.293118700
.271069200
.333042000
.391880101
.283424300
.288395000
.280695500
.281728700
.355888100
.419117900
.307010500
.302601200
.313600600
.335154300
.279889600
.311881700
.288969301
.339207300
.304427100
.295268800
.281384200
.473006700
.282685600
.373917300
.332214600
.360799700
.297163100
.300289200
.308026000
.289018800
.349034900
.364969600
.281759400
.286420300
.297250600
.383688600
.371863900
.335109700
.298102900
.393173499
.289485600
.319130800
.340780500
.305863600
.260406501
.354188600
.314796800
.291154900
.390748100
.305531400
.386593600
.302995000
.292271100
.338984400
.392596900
.283566400
.295705300
.304046799
.345799200
.407584800
.308857400
.265161900
.370587601
.328954300
.331886600
.313844800
.384167499
.347454100
.295865900
.261869400
.267278000
.372337801
.360627100
.309005100
.327277200
.392142600
.267085100
.354367600
.288006600
.293544100
.400793100
.343157900
.318492800
.365789100
.424688100
.321557300
.274278000
.295709500
.316295800
.290485300
.354397700
.288393700
.293525700
.319663900
.355211000
.308151600
.285989100
.291405300
.335333100
.386702300
.320555800
.306882200
.287167800
.320540599
.413044400
.279229000
.283744300
.363826100
.385715800
.326826800
.319288900
.345292701
.363607100
.350738000
.287629400
.326162500
.376963100
.351859800
.293106400
.264337900
.327017899
.338171000
.346037400
.276515900
.262641399
.326979501
.392814400
.312255100
.290393800
.284990600
.361001300
.322783100
.322663300
.283161900
.467937500
.347062200
.313174600
.328679800
.309262200
.318981801
.356031200
.323160900
.283270500
