2.030934089
2.334319818
2.463075381
3.012139910
2.120897836
1.472540602
2.937254246
2.438451180
2.486170694
1.622480266
2.469598841
2.424598327
2.469370089
2.438377442
1.481298276
1.506870668
3.035720934
2.670891211
2.483705906
2.714534111
2.622124830
1.464695029
2.424361738
2.489006929
2.432675919
1.477427704
2.706406327
1.485630568
1.429287881
2.082395947
1.512277033
2.396993542
1.473239665
1.471959395
1.475435210
1.509422788
2.426134753
1.527573435
1.527661148
3.191434911
1.175932427
1.509131509
1.630607560
1.162054845
1.870649845
1.631804491
1.160805198
1.485733502
1.512252676
2.256469675
1.516263571
2.968542655
1.514023363
2.542543078
2.437436225
1.658727038
1.170591618
1.499611594
1.512606442
2.133126627
1.496164470
1.550429254
3.031970788
1.639593759
2.105158601
2.568778956
1.152900400
1.480459505
1.508633484
1.171104908
1.497481487
1.505871119
2.443014178
1.528076240
2.461314577
1.528556411
1.514166579
1.659355914
2.642470278
2.979207980
1.636392998
1.543924980
1.586988316
1.507330457
1.501711937
2.485176708
1.510870874
1.498161819
2.460003267
1.497444534
2.622676569
1.548528894
1.505479077
1.622357776
1.157657776
1.492972699
1.637898283
2.168882868
1.462751137
1.488713021
1.488535869
2.556911143
1.145337631
1.495307229
2.547870085
1.168352468
1.485409631
1.848247336
1.323433278
1.509398547
1.513767238
1.520614537
1.493573024
1.527423467
1.635852899
1.154416234
2.432693596
1.512264219
1.487053878
1.634020296
1.567135622
1.137379109
1.477265337
1.508067836
1.150903936
1.495052748
1.502569354
1.504991775
1.521719730
1.532755740
1.659464080
1.176865712
1.539116998
1.665090969
1.162573078
1.516059736
2.467289848
1.574026032
1.504865668
1.664672542
1.184149425
1.523938459
2.496960090
1.540175763
1.550801118
1.514660302
1.566088547
1.528097658
1.704237791
1.189387235
1.505768285
1.658142851
1.185448997
1.519285362
1.601118443
1.182210305
1.333522807
1.583334261
1.536393632
1.683196649
1.590468684
1.580253664
2.507187391
1.544750912
1.186108435
1.536571087
2.555591034
1.522544379
1.551873137
1.663684301
1.185697576
1.513000216
1.607885180
1.183984628
1.514170256
1.523102866
1.194672756
1.523288098
1.545066537
1.533023332
1.560888634
1.534911690
1.666131482
1.176290036
1.530430448
1.666100299
1.189951675
1.514872369
1.660846028
1.209122944
1.525621755
1.533007013
1.196307662
1.520527095
1.551661520
1.552634602
1.539048941
1.551955200
1.657610745
1.183281644
1.531142373
1.676227488
1.184533339
1.550726475
1.606000196
1.194063967
1.537382934
1.534603649
1.197213559
1.524420220
1.550661398
1.695867931
1.526624711
1.542076880
1.683185274
1.184653916
1.535475552
1.671574481
1.184162370
1.540435916
1.659282168
1.188288943
1.542739595
1.600489298
1.209034464
1.541342052
1.531239209
1.172865982
1.531265995
1.528475213
1.575859449
1.530466671
1.559267438
1.676194604
1.179486837
1.543011261
1.700359262
1.178698706
1.547675771
1.659703496
1.192778554
1.533091975
1.543789089
1.181610536
1.535356945
1.531786849
1.546784226
1.651136785
1.618386173
1.543007781
1.539714339
1.541601492
1.716941410
1.554213547
1.530042951
1.691299882
1.211390515
1.556607947
1.583091903
1.224094243
1.561670308
1.571168666
1.208422785
1.575789841
1.564657410
1.617808190
1.590757939
1.569340354
1.573531706
1.553306980
1.586609150
1.692837400
1.196899873
1.557292786
1.707630840
1.202304504
1.551250113
1.700104738
1.190693925
1.559975525
1.701579769
1.198014600
1.557132036
1.657612891
1.205155795
1.575160151
1.573295677
1.205476640
1.575319145
1.573267632
1.218253210
1.571490463
1.559757439
1.580934380
1.562425068
1.559216862
1.736586724
1.613180645
1.571727092
1.684046141
1.209199240
2.962984471
1.201162650
1.552817568
2.013271708
1.289412294
1.554022064
1.586973451
1.570720769
1.568810396
1.578968092
1.635408777
1.548685587
1.567375415
1.712017503
1.189785310
1.548238257
1.839583703
1.486921067
1.572486952
1.657026117
1.230320053
1.570910122
1.578652287
1.217790248
1.626757620
1.685445563
1.193588650
1.565426663
1.561095938
1.674999508
1.549026891
1.563561797
1.697145153
1.195409389
1.565965144
1.702100793
1.207517332
1.565525075
1.701587280
1.201267032
1.572712871
1.705009925
1.200222992
1.524867887
1.761373905
1.191183638
1.567918013
1.576536950
1.203106461
1.561982538
1.581041030
1.201698687
1.565098992
1.767418102
1.203413541
1.568777168
1.557669581
1.735083299
1.576625494
1.573245588
1.626228728
1.636693702
1.563705446
1.746702970
1.251600130
1.628762838
1.673784079
1.615900292
1.649114704
1.780698656
1.245628179
1.650573000
1.643703248
1.647226859
1.645492755
1.707991335
1.654195559
1.651636966
1.679344792
1.645554510
1.668416662
1.646244126
1.644023248
1.654068454
1.666042675
1.661031290
1.645134950
1.695942559
1.657759069
1.637451442
1.687583961
1.655987438
1.655416706
1.668403999
1.665776230
1.666380448
1.664754954
1.651768415
1.657624140
1.658820129
1.669106512
1.631078386
1.809896672
1.250476676
1.642823496
1.676220922
1.628358460
1.651001418
1.646715696
1.635419061
1.660534568
1.655263506
1.660022569
1.643283262
1.646537637
1.653228501
1.628871515
1.802101146
1.232759306
1.634609912
1.660125522
1.621522298
1.662784735
1.671262642
1.657641119
1.653233382
1.672829769
1.663669492
1.642539645
1.681550087
1.661800361
1.633633319
1.669031650
1.632786054
1.650327181
1.779035249
1.236864982
1.641475617
1.653219709
1.653644052
1.645592448
1.656983975
1.669188797
1.636585301
1.673801331
1.650079563
1.653429294
1.679491743
1.653113889
1.664953839
1.648734218
1.651931200
1.670292705
1.650795424
1.653138171
1.647724386
1.674852633
1.671374324
1.648290668
1.675323692
1.784077217
1.687097624
1.667611009
1.644246547
1.643738072
1.636825970
1.644473121
1.664762211
1.651144455
1.674800044
1.657042428
1.663073501
1.674873210
1.630355141
1.689129761
1.651920501
1.652965617
1.676790990
1.640751784
1.663702687
1.644717272
1.635925794
1.664833674
1.771037143
1.234305492
1.640911821
1.659113196
1.652496033
1.637377730
1.663206895
1.651333575
1.644592402
1.652555764
1.644032370
1.682131496
1.644978394
1.641117144
1.654825074
1.692786485
1.620272870
1.653848937
1.787825711
1.242649109
1.633774717
1.653244151
1.634785354
1.646404002
1.649677607
1.647735371
1.653636394
1.647729573
1.657939777
1.642332637
1.664590399
1.801031503
1.682276047
1.659019839
1.644458906
1.630537846
1.666036288
1.642638329
1.668685085
1.656868184
1.646506968
1.646816885
1.662097023
1.654890366
1.650609446
1.689984386
1.639839448
1.648788963
1.702357882
1.683585124
1.686075245
1.699527863
1.691157009
1.686148174
1.705454938
1.679159706
1.682443246
1.695672103
1.668233622
1.690303770
1.684607876
1.681204538
1.681989462
1.687678296
1.690541205
1.695957710
1.703836340
1.688390387
1.676208718
1.712560067
1.226428601
1.683976011
1.772082162
1.621888844
1.699726076
1.698735361
1.698739862
1.696184838
1.699417709
1.682061248
1.682534378
1.700133642
1.673871560
1.696658037
1.695791143
1.665992252
1.692976527
1.689908336
1.701399521
1.675290291
1.731176042
1.212791390
1.683579251
1.689860746
1.699656287
1.672240259
1.699179783
1.699844772
1.719003401
1.725338214
1.716638117
1.708182151
1.736909483
1.711393185
1.711478616
1.702760151
1.716130685
1.691554563
1.877460310
1.722342165
1.679182991
1.724839980
1.246621207
1.713504912
1.715882952
1.710688581
1.716936151
1.713404658
1.700012116
1.715071473
1.781091676
1.693347019
1.701780033
1.695618674
1.696220122
1.711066263
1.769860736
1.635201379
1.719176492
1.710280496
1.818433762
1.759652421
1.721606543
1.246432499
1.705410216
1.702372655
1.729043368
1.696743753
1.710836330
1.713210973
1.708623762
1.722251603
1.705748054
1.705074782
1.776343396
1.630683651
1.693134800
1.709966693
1.702581206
1.706616234
1.713282209
1.710638336
1.733020545
1.761571872
1.590012133
1.720482556
1.811016224
1.735199770
1.703242842
1.760472242
1.733170376
1.731507555
1.761923936
1.699148384
1.725367627
1.729350965
1.735368292
1.745572247
1.742436601
1.749305880
1.723129290
1.739436478
1.735815280
1.759843028
1.775057288
1.796197258
1.750206401
1.740016624
1.736132433
1.733876394
1.803828626
1.727481219
1.702428132
1.730822732
1.732130012
1.741363995
1.735775036
1.728241162
1.726716887
1.749653509
1.702835801
1.748328160
1.748626090
1.863364207
1.816734088
1.885934178
1.733035523
1.716623383
1.714524632
1.738131857
1.728792914
1.747246621
1.751902162
1.737216537
1.802212331
1.733694023
1.722653034
1.741211022
1.731351534
1.742520169
1.731203626
1.768688479
1.740335136
1.760680545
1.739719004
1.737412952
1.814004602
1.742071952
1.783321417
1.784266757
1.773966937
1.799995224
1.809296878
1.778926574
1.784545854
1.962774629
1.786740631
1.754493713
1.794112189
1.777201122
1.786594140
1.866897665
1.789997726
1.760308791
1.900224681
1.608826272
1.779356269
1.809614338
1.791740959
1.789084648
1.824967623
1.790973308
1.789819130
1.800706093
1.790675039
1.784704209
1.867681766
1.773023360
1.767874843
1.812495731
1.783890231
1.863132765
1.730600690
1.822100710
1.797805689
1.804386004
1.786321650
1.795473666
1.813922355
1.787980914
1.789082063
1.859109611
1.769544726
1.776460802
1.769103561
1.799661228
1.783591221
1.834502622
1.922056878
1.767174618
1.865003466
1.847093702
1.840860726
1.917956349
1.832930666
1.826290548
1.357208359
1.821928861
1.942136309
1.363759138
1.798935849
1.862740964
1.834366589
1.833323048
1.882557130
1.848882017
1.833254526
2.024072952
1.834225507
1.815922353
1.836572050
1.852018134
1.840663698
1.865763126
1.842895883
1.848169285
1.914479259
1.821872167
1.845940530
1.388426816
1.777994874
1.887782830
1.376605713
1.862267597
1.793731066
1.823894181
1.833859099
1.866631113
1.847287036
1.837915864
1.984072503
1.882585723
1.961956789
1.370808087
1.826160333
1.835356976
1.816941504
1.853888521
2.035309265
1.807347669
1.827109097
1.972874945
1.815908492
1.843687149
1.913175502
1.884404915
1.898312890
1.423099247
1.893589591
1.997919541
1.400429139
1.877409772
1.883121402
1.899327899
1.899386212
1.402524256
1.875976508
2.000274575
1.405130133
1.901966043
1.941507544
1.877455854
1.893721392
1.404507906
1.874137501
2.050534826
1.374200626
1.880107078
2.126420214
1.880371160
1.989114972
1.384560292
1.889813177
1.939030532
1.874144136
1.877581053
1.412520890
1.889080098
1.901731350
1.404181291
1.870643876
2.045047347
1.874552267
1.881003915
1.407054264
1.885650510
1.966526937
1.466362915
2.044272076
1.474632648
1.960113680
2.004982579
1.465460845
1.974854105
1.459631918
1.983413419
1.977067895
1.979445071
1.994458047
1.461388224
1.966438822
1.977794043
1.976093469
1.989792820
1.461739867
1.989709165
2.007186929
1.942972818
1.985573249
1.461942247
1.976396530
1.981111469
1.962746946
2.006774063
1.439527339
1.967398273
1.991069564
1.983991357
1.992298686
1.476584092
1.983315469
2.044013994
1.897756115
1.997070448
1.457709252
1.963901891
1.993296342
2.004348308
1.974000093
1.464675684
1.974127340
2.007838529
1.555257766
2.006362838
1.474271986
1.978048474
2.034748580
1.912386003
1.991411661
1.459850996
1.978582426
1.975126765
1.979646153
1.989422332
1.462213239
1.977006495
1.969250208
1.966523580
2.019246725
1.450797042
1.970030359
2.046684921
1.926553901
1.989984379
1.475007588
1.971709369
1.976727518
1.980294842
2.585913795
1.605907369
1.959401639
1.985172896
1.975410868
1.997686553
1.534942367
2.063629835
2.144035913
1.998257090
2.218569636
1.534721423
2.084822306
1.545010907
2.077727775
2.072324423
2.069758198
2.207648071
1.530068986
2.071249619
2.174026514
1.789645616
2.207733846
1.511816871
2.062725903
2.045025183
2.077262803
2.419022195
1.942635775
2.062259423
2.088425658
2.202607755
2.246612538
1.522115864
2.070919514
1.519453343
2.067910938
2.077703401
2.081910764
2.259114496
1.527226939
2.074193034
2.246133642
2.060123849
2.180253290
1.236870570
1.469878908
1.544143748
1.108188594
1.407608496
1.386948056
1.417134339
1.410061615
1.396547261
1.423382690
1.098516991
1.402445835
1.403335827
1.417516286
1.390801207
1.414815716
1.581526870
1.105679468
1.390587438
1.388912652
1.408080653
1.405655769
1.410438524
1.557351650
1.096926750
1.411674942
1.418089751
1.360802805
1.411301652
1.432661690
1.415955771
1.116035911
1.386259884
