.237472300
.231771600
.232769800
.234477100
.237512300
.235445599
.229834200
.235662300
.233704700
.232145300
.228286000
.236245301
.241907199
.236322700
.238948100
.238763200
.229069000
.230524800
.236510401
.228434000
.227681700
.232278500
.239779500
.236407000
.236405000
.226717200
.227723500
.234351600
.230648500
.236271700
.230403800
.233214100
.223603200
.236947700
.230629700
.232852100
.238494700
.226466799
.236582600
.227050800
.231637800
.224212100
.219194000
.232805201
.233788600
.228428700
.233523200
.227117300
.229846300
.222510400
.235540399
.234016900
.221509200
.232472600
.224421800
.231583900
.235953901
.237489900
.229451500
.234846900
.241825600
.237283700
.230286899
.229153800
.235064300
.236539800
.236817100
.227198100
.224908300
.232589698
.230554700
.225777400
.230590400
.233155500
.237128900
.239610700
.221934300
.238990900
.245579700
.239711100
.232466700
.244192801
.224614700
.227654300
.233488800
.233625000
.229132900
.227616700
.233639099
.230939900
.241812700
.232311100
.230596700
.233704600
.229072000
.230253900
.230620000
.239991100
.226843000
.234014000
.228368300
.230094300
.237322500
.226397300
.225212900
.230756200
.232065000
.223292199
.225050600
.228979400
.227309200
.230406900
.230808900
.226989700
.223183200
.226882000
.227229300
.223761400
.230730701
.234708000
.236903199
.242588600
.235549400
.240954100
.232281600
.226434801
.233990300
.240391700
.242979500
.229420800
.243798300
.235615300
.232964299
.239085800
.228485800
.229122700
.239110900
.230884600
.231523601
.227774700
.231791000
.232640700
.230709100
.226366600
.230552600
.243622800
.243210100
.226942200
.234563400
.243175700
.242064800
.239815499
.241213100
.241375000
.228574900
.229416100
.232809400
.233343101
.229904300
.221619000
.232443200
.229805000
.228226700
.233643299
.231595500
.230730900
.235589300
.224324300
.222061700
.225571200
.232242400
.228880500
.224549000
.223529500
.228846900
.229583000
.227548100
.229069200
.229199500
.228996101
.230808900
.233908700
.226430700
.225374100
.230499600
.224352200
.226654900
.227325000
.218665800
.232330600
.230507500
.230125300
.229427100
.228487000
.229354500
.230890600
.229177399
.224364700
.229571900
.228152200
.228865600
.229277100
.230231599
.230233600
.231245900
.230116300
.223625000
.233252000
.241206800
.230101100
.235062300
.228148800
.225680200
.233121500
.229768900
.230396600
.233600500
.227953800
.220789300
.224390800
.233999200
.227472300
.227490400
.229131600
.231065000
.232835400
.227777100
.225080100
.230780201
.228974000
.231217000
.239328300
.235400499
.226485502
.237035600
.231128600
.232838800
.229355500
.229360000
.224936000
.224643199
.230494100
.231105300
.232073700
.225507300
.232404000
.231611702
.226520300
.222916000
.232766800
.234929800
.229310599
.241048601
.236030099
.240174700
.235904900
.236670300
.236924600
.239589800
.229040801
.233293800
.233546600
.236878199
.231084101
.225905799
.231997701
.224081599
.223930600
.222805900
.223796100
.228917800
.217887700
.231059600
.229149400
.228328200
.233330400
.227445800
.230813900
.232869700
.234563200
.232318000
.230589700
.225927900
.232402300
.232416600
.225675799
.217869400
.230572500
.224621000
.229848000
.232021500
.229831500
.228678200
.232411500
.232308000
.233105700
.232098600
.227738400
.225383100
.231116100
.226575900
.225610700
.222341800
.219979900
.226333300
.231668900
.227123900
.227436100
.225985200
.228207000
.231217400
.229970300
.232755100
.236560000
.225167000
.239629100
.224765700
.230399400
.232864600
.230380800
.228996100
.221660300
.225408100
.225778199
.229964600
.233639300
.228049500
.223516700
.227458600
.227423900
.233460600
.227815300
.226496400
.229550700
.234913000
.229624600
.230244900
.229869700
.233780100
.227010600
.227530000
.228852900
.233145000
.233049999
.228453100
.233057000
.228137400
.228835700
.235417700
.227856101
.233264900
.224216100
.234316700
.234636100
.238271700
.229672299
.221213500
.226883200
.229257000
.224983800
.234377500
.232081900
.224561600
.230135500
.225950400
.227025700
.223965000
.230142200
.224237201
.220415200
.224136500
.222808000
.229635300
.232383300
.230007300
.231449300
.229766800
.224994000
.238242000
.215480300
.229476400
.230116400
.229410200
.232700600
.228978300
.228307400
.232723500
.230448800
.231261501
.229327800
.225915500
.225438400
.236943500
.229528700
.227605900
.233758300
.228199500
.221836300
.230681700
.230869100
.224461199
.215364500
.202308700
.220356300
.223955400
.224632600
.232987700
.231224700
.223379800
.221953100
.233091000
.227017500
.225034600
.232729200
.228369499
.228047600
.223310600
.227583300
.222632700
.232721700
.229431100
.227677100
.238284200
.232514000
.232011200
.233725300
.226986601
.228311500
.230665900
.225377200
.225578800
.230275300
.229661200
.230589500
.234621900
.232542499
.231840000
.232592100
.232203000
.231406000
.232981100
.225393400
.232491100
.230423700
.226753200
.228248200
.234055300
.228142400
.226668600
.233278900
.230640700
.240265600
.229849400
.230628400
.226368600
.227289800
.227996400
.220805500
.230319700
.233758000
.235848000
.221413200
.236629600
.232950600
.232734100
.231025800
.231900600
.234030800
.231942400
.231689500
.234037800
.231907700
.222516500
.227790500
.233987499
.243151600
.235340601
.231884200
.229617700
.234173100
.241159500
.235086400
.230851000
.231493100
.231253600
.232214500
.232240400
.234508300
.235062400
.233749700
.237411600
.231197000
.231752500
.228612900
.234820700
.229773800
.230278300
.228873800
.227578700
.224960600
.233719800
.227020600
.225696701
.229575400
.231095400
.233244700
.224404800
.235766400
.231315799
.230816201
.234599400
.234835100
.235832900
.231883000
.232258700
.239827700
.229778300
.233324700
.229424700
.231559400
.232763000
.257807299
.231848700
.234227500
.230828900
.240722001
.231520200
.238412400
.231714400
.228900900
.235845600
.235494500
.232769700
.227615800
.228361099
.233804200
.216474501
.237724500
.228083400
.227727900
.230707200
.232184200
.222056700
.230806000
.235535100
.236650100
.229292400
.233808200
.220640900
.228184000
.232353600
.223116200
.226274999
.231284800
.231075200
.234825600
.231864200
.236821700
.236108900
.237712400
.236308500
.230078700
.232955000
.227372200
.229320200
.231025600
.233679600
.231625500
.240192700
.233961200
.219212800
.230541200
.233222201
.222906700
.236103600
.233706300
.236321700
.231702600
.230432800
.224016300
.226692900
.232142500
.231697900
.230315800
.233862100
.221482200
.236592300
.232339500
.230034500
.233019900
.232545800
.225073300
.227046100
.227204100
.219998000
.238220300
.234335600
.235775800
.230446800
.231358600
.225824600
.227404300
.223428500
.233155300
.232957601
.231580400
.237210200
.228093700
.234479800
.230813600
.228880000
.227758200
.226925600
.228594800
.228948800
.229291900
.235504700
.227462500
.230145500
.225106000
.236319600
.224651200
.224439100
.227273700
.226894800
.232817600
.233763000
.224579800
.231774000
.227596600
.232855600
.230768000
.227396700
.226575100
.232090200
.234683800
.232112400
.238570900
.228416600
.233641500
.235381000
.230350900
.229842101
.227212000
.224053200
.225731400
.226099100
.227515700
.229843600
.230480600
.227713000
.225684400
.231246400
.226672600
.231544700
.231276800
.227213100
.226121800
.234153400
.229471900
.230671600
.233450900
.228829900
.233688200
.230843800
.234352800
.225572100
.231324100
.229001200
.229702900
.230295400
.228745900
.227696100
.222833200
.227471901
.233839500
.229316300
.230546600
.230973400
.236193300
.238104200
.218392299
.235760000
.231610401
.223534300
.232887900
.227886799
.230223501
.229380400
.230493700
.230272800
.228911900
.231089600
.229971300
.224675201
.229956100
.231493000
.238178999
.234981000
.218553701
.233800500
.230010800
.231527300
.233302000
.228492600
.230929400
.231379000
.231825599
.224115900
.229959100
.238083100
.239521900
.233399300
.230520600
.236837500
.234112000
.233826200
.231722200
.231281200
.228603501
.236132100
.230347000
.225582500
.227755400
.231210100
.233908100
.231361698
.232796100
.246398200
.227944000
.234676000
.234080200
.234387000
.221661100
.228010000
.231533200
.236826201
.230414600
.229627700
.231444500
.231410700
.223148600
.231057400
.230278000
.230004400
.238529601
.226398200
.233749000
.233201999
.234429400
.230604200
.231170101
.225766900
.231378300
.230388200
.235106700
.236499300
.229732599
.228406800
.228654700
.234772400
.229248800
.231994600
.237324900
.238715001
.232733800
.234504000
.231191000
.233898900
.230401600
.227618100
.230782900
.234188200
.230631600
.218348400
.231844200
.223972300
.238300600
.230449400
.230174000
.239171700
.226851800
.231049500
.236021100
.223316200
.232995800
.236299000
.230175600
.231921200
.229538599
.231776800
.225449400
.226450400
.227494000
.231484600
.231619401
.227529700
.227018400
.226006200
.227605100
.231456999
.231061600
.224330801
.230690900
.229732700
.230119700
.226300500
.229026200
.230573600
.231438600
.230955400
.231361000
.227227000
.227033100
.225253000
.229570300
.212608200
.216269300
.229205100
.225539300
.224100400
.225247600
.228184200
.230247000
.227824600
.230371100
.223493200
.229347600
.227262800
.228523900
.230618300
.227701800
.226104100
.231371900
.228358200
.229404500
.230456000
.229589500
.226581500
.222754800
.238591801
.232033499
.231919600
.229396500
.228932100
.227070001
.223832800
.231107399
.226304800
.221720400
.229762001
.226321500
.231900600
.228415200
.230774401
.234216600
.229071100
.227913300
.231120400
.229756600
.231456000
.228785400
.225995100
.227009900
.231672600
.229822000
.230553501
.232445200
.230352800
.232586800
.230987800
.227482600
.231262900
.229272399
.226130700
.229593901
.226186100
.226947900
.225799600
.229784399
.236729000
.219883500
.219199300
.221091900
.225275200
.226796401
.230317600
.229347300
.221289100
.223186400
.232783400
.226691100
.226247999
.229770600
.227550200
.228660400
.231237500
.229768400
.230382901
.230816700
.227436100
.226536600
.224429500
.224086400
.226341800
.232308799
.228833900
.225268000
.227371000
.229670100
.229639300
.224357001
.231223900
.228549900
.224138200
.232964400
.232358600
.232564001
.241911899
.233588501
.220235500
.231557300
.229753300
.234200300
.231291699
.230886800
.231273600
.239760300
.239696500
.233023900
.229850501
.224563800
.234897200
.231270700
.225565300
.237727000
.226758601
.231532900
.227822900
.229040300
.229856900
.235264400
.231553400
.240380000
.234133200
.229424900
.231492500
.225677000
.230663600
.231203901
.237227700
.234503600
.232177700
.233008700
.237868100
.237455400
.228828400
.231752600
.236695700
.234409900
.237939300
.229568900
.232989799
.226729600
.231462200
.240329700
.236512900
.232830900
.235948501
.229454200
.232129500
.231491700
.229644600
.223737400
.231098300
.229448300
.223658600
.224007400
.235544200
.238453100
.234132300
.231327900
.224833700
.226633200
.229570600
.232010900
.229812500
.230028800
.235230500
.235230100
.230371500
.228587300
.230112100
.226215900
.223206799
.234599300
.227832300
.233194500
.235262101
.238286500
