.472374900
.452805700
.622831899
.556289900
.552955500
.630694700
.505564400
.574963200
.512515000
.563573600
.530479300
.435421200
.528686300
.488373301
.444779300
.459365900
.582815899
.563227000
.557964000
.476256700
.445797900
.388958500
.416765201
.486451800
.501398900
.554964900
.505954900
.530336400
.603558299
.459236900
.540812201
.522432400
.448617700
.554130100
.608457100
.580745500
.581603000
.407791200
.510286900
.500836900
.478432400
.411270900
.433842400
.458287800
.535211400
.532608600
.498196900
.479618100
.518183100
.469548400
.500611700
.532441900
.467959900
.559572700
.491467500
.498899300
.456117500
.420372400
.461550600
.449237200
.536901100
.397774700
.447551900
.428103201
.464011400
.507087700
.461465500
.535755300
.589512100
.417321200
.485060999
.502738900
.404344300
.519990501
.427831400
.543410700
.443934100
.565935700
.508746500
.463695199
.418014200
.456346700
.428431501
.413057200
.456808500
.444539700
.395995500
.487267000
.472695500
.521712400
.485366000
.539332300
.389897300
.576975300
.443320000
.481423300
.410692200
.387238700
.511779999
.456197600
.447976900
.430479502
.420816600
.446801600
.451600900
.511306900
.407591800
.484660900
.446964300
.474291700
.460516700
.445306100
.508846600
.441141700
.478932300
.411322000
.479298100
.508326200
.427795099
.526474800
.442004900
.442234300
.477657700
.464283200
.431929101
.528830600
.445692100
.466824300
.398402800
.437584400
.402397799
.572021601
.446439400
.402479600
.514387899
.430383300
.453571500
.598840501
.429149600
.457425500
.465689299
.443140200
.458731500
.464373201
.623673100
.444923200
.437094600
.439886000
.468861500
.487988300
.391492100
.456299500
.453644100
.491249900
.473335000
.474754900
.434317000
.482471000
.528981100
.471543100
.447375100
.440738800
.440376100
.510389100
.478755400
.642558400
.503306800
.474280200
.419257900
.447068700
.472043100
.439822200
.512371700
.458299100
.592016599
.647953100
.417460400
.476071901
.436744100
.438519400
.451155100
.468571900
.465066000
.398542200
.504955500
.471141100
.488332000
.468978499
.464851400
.459600000
.435958800
.489578500
.420982200
.440773300
.464344400
.514196900
.502453201
.493180600
.411952700
.547054299
.437207400
.525925100
.570040301
.482650500
.491244500
.468495899
.545885200
.479579800
.497109801
.455761800
.501203400
.440030900
.579397800
.473865600
.567785300
.561475800
.446928800
.474342700
.487324400
.447044299
.394514001
.517947300
.506626100
.470860399
.502132700
.460750900
.453703300
.503416501
.567863000
.417197400
.460797700
.450561000
.419753300
.435141200
.452209700
.379040500
.457405600
.487211400
.506386400
.483155600
.477149000
.469009500
.458720200
.532501500
.419911900
.411833200
.559012800
.415291800
.548684100
.586533200
.675809200
.516937899
.544061500
.692600600
.576677201
.559713500
.418706799
.569319200
.488148800
.433250400
.451249000
.535844500
.435263401
.481323899
.427806300
.469889700
.552336400
.496253400
.482223400
.448994400
.451686200
.501701000
.706815899
.482814200
.556131301
.548110900
.431140300
.433105900
.519438600
.481659700
.571109400
.527569300
.498200300
.443934900
.418554000
.406454100
.404653900
.442412300
.439292400
.508675900
.478514599
.444894000
.494152100
.452873301
.493655700
.396312900
.458579000
.530629400
.441126200
.447695999
.494305101
.404906300
.439630400
.481272499
.447835100
.484969900
.637968100
.446797800
.449428200
.469893100
.501236300
.491896700
.495697101
.409799600
.497938200
.489133199
.468759100
.478710700
.488091901
.440479300
.464945400
.506109800
.460444900
.478920300
.433630900
.448878299
.486417800
.397913800
.520567500
.433330700
.385444000
.454308800
.467653100
.416485700
.500615299
.461349100
.437353700
.431924200
.481450701
.463537900
.453544500
.472447700
.518439900
.329842500
.519602300
.458250900
.476924800
.455080900
.416074900
.446429900
.442295700
.486559400
.429568900
.380477000
.464493000
.469003100
.448781900
.516304600
.426803300
.451299500
.457641500
.464432100
.420920400
.512890199
.419306800
.430724600
.477718801
.515932299
.454360900
.403596401
.413068100
.388996700
.443020200
.454239400
.500178500
.465254700
.520807700
.580371199
.551040800
.389364600
.438776201
.485286400
.441031900
.408543300
.480797200
.420549000
.504924300
.478936900
.461799300
.480400000
.440911100
.468171200
.462167500
.460489600
.379001000
.467409400
.429783199
.445366700
.455162100
.494489201
.476514900
.444308900
.448278700
.450609200
.411977500
.457400100
.437202400
.421500900
.436531100
.413268300
.446057200
.494690600
.440120301
.432917000
.473789200
.461356700
.383801099
.446494800
.426786000
.463019701
.473767500
.430668600
.631781600
.569803700
.425704700
.445485100
.389271100
.443222700
.412275200
.450827399
.448024800
.405590900
.449655901
.506349400
.401536800
.402328500
.458977900
.420900400
.421809200
.464502300
.402242900
.400189200
.409849299
.424185600
.481397900
.474917600
.483997001
.428278700
.472317900
.492354599
.450199200
.512985100
.468516301
.423751000
.414693600
.362079300
.446040800
.498787700
.420201900
.421753399
.439178000
.418945400
.463545501
.405661600
.375879900
.416636100
.449855800
.440954000
.407865400
.587684499
.426352100
.441264800
.479032701
.446938900
.412258500
.509289599
.443320000
.468197700
.494926401
.495241900
.433451000
.417581500
.460252900
.429977100
.456949500
.470976500
.443226100
.520702200
.446373100
.491653000
.454682200
.381753100
.434285900
.452316100
.653447300
.639920300
.620300100
.560587099
.529632400
.470840900
.506577501
.522147100
.582462600
.497717600
.547805800
.504727300
.545392700
.627499700
.498627500
.513649500
.627352700
.467338400
.566495900
.517193300
.552038000
.598211300
.512489500
.603725400
.464700399
.494532901
.418134000
.437718699
.424094301
.505961300
.469172700
.427410700
.421259201
.469513500
.571866600
.367117799
.490949100
.464060500
.443996600
.426364400
.421185400
.420476300
.442124900
.408189000
.403235200
.441872300
.460940700
.471908400
.508429701
.474103800
.464733100
.479634699
.466541700
.438443900
.452373000
.422392701
.438760400
.466038500
.550645901
.464260700
.460634099
.462654100
.420213700
.434594400
.566282400
.425443600
.457147501
.438930600
.473933200
.498628500
.448318500
.465965400
.444553600
.388999900
.455565100
.481693900
.458437200
.420350700
.410232100
.428124100
.485302400
.462974299
.436389100
.421477800
.492527300
.461137100
.437792900
.487575600
.416013600
.378487200
.503549501
.428536299
.451730900
.378629900
.412125401
.467344600
.500846200
.472418500
.413552500
.453557300
.439082999
.400804600
.466241600
.499292700
.499685500
.429642000
.451914400
.429659299
.395298500
.453685200
.449417301
.443192600
.403830700
.467270200
.450407499
.439305000
.375060900
.441947601
.466373600
.429871200
.428673900
.403304400
.437578700
.446038600
.454924899
.416583700
.478759800
.495991401
.432426300
.411828500
.423243300
.402863399
.458547000
.429579200
.445586301
.456218400
.560878900
.428064200
.652859500
.503807800
.444269000
.460094900
.478914700
.474699300
.430540800
.405734200
.347959900
.475568299
.468628000
.449467101
.415913899
.447214500
.422388500
.407030201
.404068100
.442493800
.466444900
.383861499
.441464000
.460221100
.502778601
.460023800
.438275900
.421069700
.416470900
.451038100
.573944900
.507682800
.456053000
.440700600
.483990300
.456841600
.488056700
.536065599
.426023900
.461035200
.456033600
.453035100
.421753200
.494817901
.555022700
.551148400
.615134000
.621446100
.519627001
.567990200
.575327700
.482376399
.525081500
.559704400
.472416400
.679201100
.501660900
.657126101
.519861900
.538452099
.492185900
.511995501
.584009899
.564177700
.437361500
.549375600
.701102501
.574350100
.460044600
.461811200
.437863100
.451618701
.445403500
.456811200
.474231500
.445633100
.554658100
.398156199
.443160100
.416028400
.454969201
.436976000
.425957600
.442149600
.414855400
.517584800
.482165300
.483823399
.441558100
.473275001
.553918000
.534387100
.456413900
.458758200
.416012600
.456949000
.466443300
.460544400
.471952600
.478095800
.495590600
.469389800
.437930200
.464764899
.411023100
.384989100
.437121299
.406055900
.428852801
.539106999
.452127800
.442259100
.469567400
.389566299
.383091700
.460689000
.420218301
.444827100
.478916100
.445953500
.472164100
.492405200
.432158400
.434321700
.496834600
.462001300
.450786000
.412168600
.412127200
.455691900
.486895200
.455931300
.462024500
.486097100
.494821300
.441260400
.454371400
.457173700
.412293100
.450414600
.470454500
.435996300
.478341399
.442462700
.456056600
.518189101
.437065500
.445853600
.423414300
.433709200
.420550200
.477279000
.598565100
.635508100
.536184000
.530058900
.500467500
.441822400
.467277700
.560546300
.644808400
.506946900
.501717300
.521906899
.533774400
.476069700
.455026300
.489406200
.427652100
.612135000
.436972800
.445982000
.466964801
.504094800
.420268700
.414282400
.416973600
.401603700
.502906000
.468457300
.377457000
.487467800
.506381600
.626141100
.477652000
.593742300
.578002100
.495927000
.570778700
.535498100
.600268200
.571986100
.551666199
.513216401
.507983100
.442565500
.465347499
.442698900
.404842300
.430373301
.427878100
.515763300
.396362700
.541628500
.546874200
.541558700
.503763000
.439969199
.513426400
.471166000
.422711100
.451609300
.459643800
.425074899
.476450600
.420627801
.484043300
.495129999
.468425801
.472466900
.499137800
.487390300
.552331000
.521565100
.507764000
.506555900
.475271300
.400928699
.452941900
.481074000
.422794201
.464089900
.411724000
.401908500
.681768800
.526656000
.479603999
.507861300
.373329400
.473855101
.489943900
.401639300
.474978800
.483806200
.468151800
.498044100
.567349300
.455573900
.447738700
.473961600
.509483900
.435813500
.472154299
.408434200
.421897400
.453885501
.587359100
.466332000
.475529600
.453759900
.463695400
.408670100
.425907600
.438877000
.513251599
.317090101
.488006100
.501827800
.467148400
.503149600
.478380900
.511622700
.476647800
.436082500
.453097800
.460516000
.453825100
.457624500
.538791100
.443835400
.484569900
.588040900
.434448900
.464170200
.441078600
.415775700
.430468099
.425629100
.455135900
.478395100
.403336501
.430590700
.419466900
.445834600
.478428300
.397328600
.469098800
.420456699
.387717200
.429709800
.421164700
.499004301
.469130600
.449087100
.436458900
.380824000
.438816600
.442613400
.472136900
.406227600
.431824200
.475619900
.440235900
.475184600
.467794299
.480397300
.447414000
.432257300
.456899900
.464343600
.422747900
.502713601
.411303400
.417203100
.510717699
.390811600
.428510100
.543902400
.474094400
.499987100
.398226701
.454847300
.408294600
.388200200
.548103200
.465745800
.449624600
.442481900
.492778400
.401737800
.435353700
.523880100
.423644000
.410769299
.491358400
.439365600
.397717000
.492167801
.469205700
.443410500
.448502100
.456421500
.442473600
.473924000
.439930500
.483421499
.537334301
.489879999
.441424701
.438164301
.460200000
.452092099
.437835100
.455681501
.461938700
.424164900
.451427000
.484857500
.543004200
.428051900
