.315153809
.532659905
.529187033
.490854523
.490672623
.499441408
.501377381
.521260810
.496134180
.560229482
.614796656
.521383349
.500954829
.527223083
.536050178
.573783614
.303446873
.533263413
.531115007
.303733035
.329492139
.524616724
.310756190
.310754295
.489813922
.315421975
.313476462
.586752249
.504311959
.308484163
.308392814
.305016444
.528294382
.520961984
.528418509
.310887108
.487973630
.529306308
.529069354
.522604300
.304695638
.518860318
.528759438
.518449791
.305244845
.306802726
.313324663
.300153665
.516050567
.311007312
.499372879
.299906716
.306579053
.310033908
.308461546
.300422962
.309226325
.529364820
.315101339
.308086880
.299638713
.312529942
.308016140
.312450875
.524162902
.302031151
.519969796
.316898993
.304248348
.306707587
.318270087
.495758393
.320275996
.304924147
.522465946
.504997488
.303517397
.302124102
.313503896
.496527502
.300197435
.307382549
.313047566
.311578760
.301152874
.525825294
.309454605
.307036396
.311355438
.295222996
.308915760
.309507810
.517377658
.296419615
.305719841
.314881594
.305967443
.299554821
.308280767
.316213113
.338171096
.531980304
.494022492
.301126176
.304247113
.315479525
.297178360
.303047533
.310023235
.311675039
.297921343
.310892136
.306841634
.323294031
.303804481
.516219101
.301866733
.301802195
.309594744
.313723543
.305046272
.308903164
.305350218
.308279397
.295857827
.309508602
.307284193
.519005831
.300857903
.306620936
.317215233
.306545080
.311086942
.308784314
.300981428
.525792785
.313332453
.302058565
.300539908
.305639581
.311557899
.297091783
.304946518
.302239404
.542547588
.320812991
.304304140
.319923386
.312346481
.310523400
.299775059
.507423975
.306325899
.305311935
.302445352
.302804106
.312101598
.297044403
.303305227
.313057534
.307862673
.310823640
.304864544
.307025325
.310730610
.306783577
.303812223
.303850264
.318023834
.310734537
.303140593
.300220227
.305223211
.308333958
.300810887
.310344218
.306419381
.312572448
.311026686
.305726302
.316363815
.303267239
.312178473
.306948796
.311598249
.295370989
.303297079
.309638685
.306811920
.298607111
.302465076
.310176497
.299415333
.298923371
.316266247
.312139464
.311089850
.303210509
.307438024
.306438010
.303098399
.297262438
.308892003
.311448432
.303225368
.300728902
.310115810
.316109798
.304917423
.305017958
.310720044
.319688043
.301214802
.299844150
.312536483
.308229415
.298238116
.300936871
.309818096
.315668115
.306159865
.308414819
.305938825
.312998308
.293623775
.301379740
.307880719
.323766802
.311712007
.298954412
.312081775
.308517822
.299169869
.301255991
.307341485
.312939570
.300805480
.302618926
.306250600
.313755162
.300610312
.308248120
.309608416
.310085407
.311768765
.306682676
.317369411
.296750916
.304586560
.304229912
.307802836
.296035747
.305097444
.310455484
.309180294
.298595867
.305722520
.311736363
.304116174
.303477574
.402343327
.322093441
.296264277
.304127073
.306172065
.311130419
.300139500
.306209576
.310823515
.311621885
.304946595
.309201702
.324040909
.307900406
.299576855
.307504394
.323167291
.308531230
.306054620
.296845352
.308462102
.318106206
.300780006
.301932343
.299569701
.310932959
.301324846
.304788633
.309439116
.314004833
.296744571
.308895963
.332985126
.304874152
.307756014
.306831004
.306882087
.301386022
.304872546
.307289286
.307728649
.307049702
.303440931
.313064311
.305886231
.302873231
.307835799
.308689529
.300464727
.444601205
.309153938
.310479242
.298169724
.307191116
.308213378
.308152009
.299196969
.311789106
.312394602
.308163712
.298936583
.307632160
.309967685
.302094300
.313303973
.319820175
.301139365
.300656095
.310224504
.306526337
.308612502
.300234173
.306419665
.313204202
.302152679
.302783462
.305682974
.315901795
.299202821
.307225559
.311494024
.307728552
.297131208
.305957866
.311856630
.302815880
.302103783
.307198806
.309224109
.298217829
.305023556
.303960609
.311226966
.305157750
.308952386
.311057260
.303591698
.370670737
.332590119
.309571336
.299158104
.304684116
.307415066
.313169382
.297909482
.308480846
.306773001
.308635496
.303717016
.310304025
.309056613
.305109467
.296833142
.310409144
.307722648
.309972626
.301411665
.300226086
.306831236
.311625776
.311522473
.304850795
.309371096
.318953231
.309348762
.311110256
.311029290
.313863112
.299573985
.320817424
.317350819
.301765715
.307382951
.325102231
.315171719
.303789779
.315563230
.316626711
.308660942
.306925522
.312399462
.321350202
.303739081
.317221517
.312793501
.328184599
.309140926
.314199169
.314164738
.308479859
.315065724
.311207986
.312123025
.303980553
.311266483
.321425104
.310189059
.304067774
.312935179
.316437222
.302190365
.327814024
.317187556
.306217444
.309678629
.310356448
.320387220
.299109784
.314714502
.308325065
.307353086
.307706327
.317089881
.318965097
.307036817
.306472476
.315073240
.330053522
.305451905
.314960341
.317808712
.312673425
.305931317
.309127056
.320861915
.302841599
.315426729
.319337281
.311156534
.301270870
.310692813
.314257553
.303525623
.328240348
.317198780
.317506133
.308773534
.307717069
.311840955
.317757350
.306370768
.312378760
.310279020
.315959206
.302790427
.309354368
.319356376
.307304054
.306798821
.332474385
.313965320
.304043757
.314989108
.324717569
.306677756
.310851089
.308607710
.319399393
.298269544
.312592944
.312265511
.316369598
.300252256
.315929799
.318024613
.322188927
.314828769
.311149800
.312791360
.302573023
.313951188
.318808284
.306450969
.316529787
.308139842
.340719871
.306913222
.308816361
.316000911
.316114119
.305183557
.322583749
.318832400
.305444155
.311488322
.318050668
.316828167
.300754308
.315649938
.314822343
.314769908
.309182768
.317537089
.320172365
.304693877
.308395815
.308147554
.330561541
.309075498
.311511299
.316572735
.306888047
.316032481
.309985845
.315556091
.303283701
.312088481
.319103512
.316449838
.302983487
.306835606
.317767178
.304001490
.319024116
.324998489
.307726552
.307704103
.310866689
.320826112
.302943548
.314375529
.314108882
.313726845
.304544399
.318593585
.322692684
.307307251
.309789960
.310944962
.333019862
.308971384
.310835000
.317044749
.310863042
.304894615
.314184271
.330726522
.313123306
.305957158
.317719389
.318632260
.308651505
.305685693
.308674173
.318877815
.319147454
.311093370
.311269149
.319515808
.309289723
.315460055
.314175645
.311090853
.302031406
.314772566
.321520769
.304815280
.309444995
.309495837
.324488364
.305238070
.323762126
.323112436
.304990684
.308806354
.318935342
.313728125
.300189619
.314508540
.316398853
.310784399
.308577688
.308758410
.321348210
.308757995
.306388859
.307092651
.335366295
.310152357
.320131397
.317388978
.307509662
.313293904
.313403531
.315167893
.302084874
.310215698
.318544341
.305425226
.316988035
.317456656
.305560527
.306846031
.325184478
.313924422
.317352470
.306525232
.308825161
.310650780
.318812102
.304862164
.317243562
.312152961
.317118371
.304953338
.317378513
.316149648
.309478406
.307489139
.324471296
.096218092
.308132857
.312303226
.321116266
.304386098
.312946812
.310383153
.322929177
.300921313
.314937057
.310920014
.316171602
.301938265
.313347951
.317136738
.319893747
.314148359
.314829193
.311974816
.307359476
.314249520
.320164695
.304862004
.308997953
.331007042
.317746252
.303123898
.312248858
.312756871
.308402078
.301518909
.335241895
.323034981
.302782572
.310487708
.319798341
.301336787
.310347463
.314526551
.311121684
.313909228
.314274970
.315188442
.308771646
.306250679
.312681020
.320499774
.318393051
.304999148
.314542335
.313507553
.318079848
.304825854
.317585176
.317599912
.312335379
.312202550
.316976801
.319162983
.306515822
.311013690
.310763719
.311065215
.321659960
.315693367
.317460870
.301198459
.317016164
.315286043
.311299012
.304986553
.319069423
.317932317
.303513096
.315478096
.313498462
.319302022
.302096085
.310193366
.325688874
.304554182
.312705436
.309980332
.313158051
.301077529
.313991600
.319066370
.310336007
.305789666
.325760500
.315612839
.313820318
.302980219
.316456080
.321116802
.294838900
.317104232
.317862029
.312419924
.310204676
.317539879
.321659314
.305132979
.316785678
.319751636
.316741913
.305347387
.321081518
.317653068
.310902483
.306332336
.329456851
.315063980
.307003679
.318605725
.320071513
.308571640
.312367383
.314270276
.320451445
.306865559
.311444205
.313135832
.312494405
.307754780
.316332438
.320667253
.322799918
.321486278
.319932502
.311464784
.307585581
.310077024
.320766402
.311626553
.315953017
.323033048
.312254445
.301853144
.314912286
.321507435
.308689051
.311999710
.326740905
.316387384
.307913522
.316501961
.320032069
.308217618
.311925519
.320263736
.322151057
.317714960
.310842992
.313976877
.323721656
.305884287
.312170336
.314222050
.325206822
.311944279
.311354927
.318572730
.309009539
.318827167
.320175290
.309799100
.313639566
.317756106
.320996077
.306025477
.313117696
.311088881
.314287542
.314061840
.333952733
.325238649
.302286476
.316905095
.318317730
.316609812
.305530660
.317660321
.321102935
.307371976
.310449894
.314177807
.319208914
.304414022
.315087557
.316605126
.331832261
.328991895
.314421308
.311216320
.323144076
.317831807
.309394151
.305567852
.322766801
.315326804
.307528870
.310055191
.319170408
.313968931
.304834455
.312202644
.339519529
.326793800
.310298361
.310283249
.311737962
.317583792
.307645282
.312921467
.322969513
.317171386
.306752724
.316735287
.323926853
.304942961
.312776394
.310983538
.344643703
.313645909
.313114581
.313372036
.314931961
.312194174
.314903967
.322015530
.312351158
.309479661
.311755757
.325366528
.303537422
.314833995
.317684227
.313409469
.318575305
.315453689
.310478852
.313632450
.313539938
.310620088
.321118697
.311365465
.307537772
.314404657
.321990172
.300934574
.319782020
.314631161
.312469378
.305365487
.332951712
.317116884
.306887415
.321016355
.325553159
.317185457
.302729286
.318316155
.319449682
.312599893
.307670657
.314904657
.324629206
.305965240
.310283050
.311566989
.329507189
.310054085
.321836045
.318358482
.311690756
.312222692
.314423343
.318202164
.308453854
.315661220
.317421170
.304930922
.311266168
.311288135
.314543538
.306611057
.330126530
.321934162
.310116575
.314669261
.320002411
.316786028
.308610560
.316376321
.322430131
.313368768
.308410479
.311849911
.320959924
.309354736
.317472801
.314685644
.332096211
.309620603
.314035277
.316476129
.312267909
.316197234
.318385006
.314005190
.308553551
.311324222
.322464574
.311510863
.306198165
.324399651
.320190808
.305517231
.326788388
.317924411
.312780400
.304950520
.312368436
.318233051
.315848446
.311970121
.313990376
.316971384
.304790463
.317827641
.325356536
.311567468
.304106973
.315864916
.339737506
.309382064
.317141685
.318963604
.310883518
.308004226
.314518380
.316571697
.313271156
.318101763
.316062310
.313520397
.310918465
.316665011
.319114098
.305147984
.321905126
.323756735
.316238292
.307937228
.312173857
.317643842
.310188222
.310045033
.315568273
.316395456
.308239477
.314399477
.319990626
.313400882
.308614807
.308500591
.330246201
.306172962
.314271798
