.254851702
.264380599
.251707400
.257925500
.268997900
.259034600
.262056401
.249228000
.261353100
.261376500
.250288600
.261599800
.260208999
.261138200
.260291000
.241954800
.254451400
.247809100
.254608401
.271159300
.266685600
.247368900
.257724700
.254206099
.257379000
.255284800
.256776400
.250179200
.258503400
.258322200
.258899900
.247512000
.253994200
.244980800
.251273400
.243233700
.239259400
.244773900
.257683300
.252241600
.243733100
.262029000
.250990300
.242629700
.255801500
.257665700
.270435100
.248139799
.246192300
.246071300
.250010900
.254500700
.244185300
.258941801
.248405900
.248595700
.253062200
.252397500
.242326999
.255321900
.257359200
.253945800
.251714300
.255567300
.245617800
.245173300
.249741700
.243504400
.247909700
.264696700
.254512999
.250948400
.242375800
.252584000
.247464600
.261285100
.238581501
.252755200
.244378000
.249418800
.244143000
.253609700
.250198000
.245113100
.245542700
.256728500
.250495400
.247489200
.242485200
.260054200
.247073000
.239621000
.248397200
.246801400
.254740499
.245457500
.249621100
.245165700
.253472600
.238848900
.237161501
.245306800
.240746400
.243403800
.242897100
.242193600
.250371900
.247710100
.243318000
.252972200
.236173800
.249694300
.245448999
.249170500
.245836800
.248714200
.249522600
.248918100
.238080701
.256283200
.240595800
.244256600
.247442900
.249053500
.240437700
.241295500
.248456500
.246806800
.252427599
.248083000
.249578900
.244724400
.240293900
.253905100
.245097700
.250363700
.249258700
.249116800
.238867900
.247863000
.249969900
.245613200
.252956999
.248411700
.234300300
.240637500
.242484800
.251390300
.242528500
.242521600
.243953600
.240023500
.248152400
.248404900
.248875300
.248608400
.247949800
.246188100
.236593200
.246518200
.242135900
.249913500
.243859300
.255519100
.242755800
.237629500
.245721001
.246397900
.243752100
.251870000
.245439600
.260869600
.243217899
.248779100
.247477000
.247889700
.241325000
.239831802
.245614199
.250860400
.248228100
.245877100
.246607200
.247870200
.243664501
.250658000
.244978800
.248548900
.241571900
.250101400
.248072299
.248145700
.250229400
.248107500
.244775600
.246461800
.250245301
.251122700
.249267400
.245055100
.244403700
.250091900
.248144900
.249598300
.245251500
.247695100
.240728100
.247044100
.245547700
.250716600
.249500700
.245414100
.236677500
.240695700
.236179800
.247932400
.242893000
.254227400
.245028600
.248230301
.242574900
.249497100
.242793900
.252742400
.244601800
.252223900
.246048100
.238745800
.254957100
.249923400
.242222800
.251752300
.244736900
.241671300
.244078000
.248430100
.250161300
.254985299
.241096300
.250199900
.247254900
.253369100
.245742700
.251662101
.246490200
.250471200
.248776700
.240897000
.240596100
.247111299
.257435900
.250944700
.248801100
.249497600
.245789500
.247558700
.240448700
.245512500
.243498100
.243609700
.251552500
.251696001
.235655500
.247858500
.237418100
.243308700
.244081400
.243399600
.245500400
.250407900
.245781100
.238823300
.246001900
.247833600
.245448900
.240333300
.241166200
.248428400
.247557100
.249862900
.252100400
.245846100
.238342700
.236586000
.243586600
.242658499
.249745800
.248494001
.248720900
.249556400
.243083800
.247018000
.253200600
.242976900
.249204500
.251464700
.250849100
.243457699
.252493000
.247594502
.245651799
.249761899
.245484400
.251284500
.243416000
.252838000
.246079299
.255222900
.248230500
.249310001
.239265700
.237928799
.243479000
.242289900
.241256400
.250277401
.242916200
.244799600
.245328400
.243078100
.240240100
.237460599
.252457500
.245065100
.251343800
.248104500
.249497700
.243051000
.246980900
.240386200
.249552600
.239944700
.244463200
.243533501
.249815200
.246915400
.249418000
.241177600
.247785700
.242759899
.250357500
.242076500
.248867300
.248903300
.250636600
.245635800
.248470800
.247037100
.244961100
.247486400
.246583200
.242375900
.245437400
.238102900
.245559400
.239728900
.251746800
.244407501
.232497200
.246692100
.243173400
.250395300
.243568600
.244947200
.242456400
.247674700
.254479799
.239467499
.250781399
.246312600
.252885100
.250573400
.242663800
.249043700
.249226800
.238622600
.248704500
.243966000
.247127600
.246984000
.246665500
.246788300
.250402300
.245897300
.250429300
.243499800
.244337800
.239043700
.248099800
.249160400
.251624600
.247582100
.244748700
.251350199
.249940500
.249569300
.237361100
.240892300
.243728700
.250411100
.243867800
.242406400
.243691200
.243612200
.246433701
.247978400
.235965400
.248253700
.248502200
.245812100
.245146500
.253605900
.244846100
.246537700
.246282400
.247228500
.246060800
.247260800
.245404200
.250551100
.245272600
.248988300
.248890500
.247680199
.237984000
.248827000
.249866400
.246863200
.251703801
.247062700
.239637700
.248978700
.250737400
.259393600
.255574800
.250568800
.249920300
.249632900
.248431300
.243984300
.243024200
.247471600
.249691200
.247663200
.248766600
.241750400
.252797300
.245009200
.242657300
.247637600
.245641100
.249355000
.241450700
.241932600
.251563100
.245557600
.245168700
.246183600
.249782200
.240260100
.238693100
.244487800
.251508100
.245823500
.236612800
.234345500
.244787300
.248368100
.242759800
.241494500
.240018800
.248401300
.244125700
.249717300
.245437500
.251696100
.246151400
.248385500
.237144200
.251754200
.245608300
.249757000
.241314900
.247713600
.252421500
.243795099
.252037700
.244129200
.243848201
.251930800
.247878200
.250683400
.237537400
.241831100
.247710200
.243660300
.247670300
.249622000
.251514800
.241773600
.241648699
.248610900
.247731500
.254489200
.236359500
.246090900
.246070001
.252352000
.247262000
.254857600
.249600000
.252008600
.254002900
.245905600
.233434200
.250821000
.250392100
.254356200
.242340300
.241428300
.240100400
.253948500
.248319300
.248667900
.244899200
.251822200
.245931100
.251750200
.245196200
.248007600
.250829300
.247967200
.237329100
.248418100
.241059100
.254182400
.248291800
.248183400
.246831600
.260138800
.243980200
.244601200
.244786299
.236418800
.249887000
.246087400
.240758600
.247980500
.245368900
.253845300
.250253800
.247072600
.239099800
.246272100
.251999101
.247509500
.248272400
.249914200
.247196400
.243900900
.250553099
.247845500
.255002400
.248166800
.249883400
.245668100
.252761801
.243326300
.249574500
.239647400
.247506600
.254495700
.250585400
.246436800
.246272700
.251979700
.246019500
.239930300
.247021900
.243531400
.249058400
.250324600
.246831500
.241312500
.241928399
.250113600
.248208500
.249161700
.246681900
.239242301
.250239500
.241811300
.242578200
.248074200
.238905900
.244611800
.234728700
.248868500
.243604300
.244790900
.242262100
.243627100
.243690900
.247873200
.240940400
.250922700
.249048600
.243842400
.245978900
.248822700
.249614200
.240601500
.239152300
.250846702
.241717600
.253543700
.248574199
.248647900
.243630200
.252277101
.243203600
.250937800
.240044400
.250850400
.254509000
.254619999
.241997300
.249651400
.244626400
.255528100
.240595201
.246630600
.244501300
.248392400
.238826500
.251322500
.247145999
.247265701
.247251900
.251644200
.243114300
.242208700
.239726800
.258055400
.240316900
.250149500
.236739700
.262845000
.244527500
.242253400
.242701800
.249047300
.252103500
.248197500
.228511500
.243708300
.242749100
.247164900
.242822200
.252772400
.241296100
.235078300
.248310800
.248238400
.245895400
.246731400
.244902201
.255879800
.250924900
.245431800
.243407300
.253747200
.247790900
.251562800
.244703500
.245307400
.242813200
.247453200
.243437500
.248569000
.242888300
.250589400
.249907300
.257185900
.253364200
.249848399
.242618800
.240587300
.244633800
.249667500
.244309701
.252238798
.252649700
.254861800
.239089800
.241516100
.245011400
.247840501
.238665500
.255949800
.246576400
.248575200
.252785300
.244580000
.236796000
.244675200
.238429300
.257067300
.243130800
.254568299
.245333900
.244171300
.251678300
.249573800
.246950700
.250719001
.244980100
.240034300
.252145600
.246203900
.241375300
.257864600
.243351400
.243089300
.246433800
.244685400
.248886800
.244346700
.244755800
.251137900
.238593000
.253697100
.237978400
.246331899
.250483200
.242298500
.256506900
.249524200
.239346600
.243372701
.246827800
.244014200
.243066400
.244842900
.244473600
.237400599
.247049300
.238951300
.245340100
.241922500
.247561902
.240921000
.244259400
.245187300
.250754100
.258599300
.243830300
.248746799
.246735900
.249754600
.246533200
.239686100
.246524900
.237511001
.245204100
.232345700
.246939600
.245588100
.241996200
.244549199
.248711300
.242806100
.249306900
.248642400
.252679000
.244428801
.253133700
.250358500
.252783300
.259569000
.244399000
.246830500
.248562800
.250591600
.254216700
.246244800
.246183800
.247817900
.251490000
.246096200
.237766000
.250338000
.244673600
.250292999
.243679600
.240008400
.246647500
.248895800
.238886101
.244575999
.243759800
.246900400
.242067300
.234902600
.245546000
.244711501
.250355600
.239355100
.244261300
.239725801
.244831700
.248305799
.238397700
.247434900
.250891600
.244723300
.251794200
.248565500
.254765200
.251989100
.248644100
.242317200
.250750900
.243547700
.246330100
.238568200
.249517900
.244418600
.245059901
.245036400
.248608600
.244374900
.249714300
.242498900
.240096100
.248073800
.238964000
.246677900
.240816200
.248587400
.249472200
.245589699
.236379900
.242123500
.238683600
.248101900
.242840501
.248917900
.240716700
.243483500
.242945700
.244208400
.242263000
.247968300
.242645400
.254529700
.245402500
.247391600
.242577100
.246143300
.244662300
.238667100
.243364100
.247634600
.246921900
.247613800
.248878500
.233755700
.238656300
.242517400
.251904400
.246705900
.252076600
.245005700
.257723700
.256105800
.254397700
.246101499
.248010700
.251463100
.242202300
.244621700
.234965000
.247488199
.252410500
.241939400
.249119700
.250000300
.255787000
.248698300
.245812200
.249725800
.252286000
.252476200
.241951399
.246834900
.241836600
.253896600
.243501000
.259209000
.242555600
.244624300
.240521900
.252423600
.247507400
.252297500
.243627701
.241372399
.251621400
.251675000
.249245100
.248401200
.238728301
.248811800
.232967000
.247716600
.244923000
.249791800
.242608700
.242086900
.242223900
.241283200
.243968800
.251681000
.247044600
.247354800
.247941000
.255946000
.244097500
.248116000
.251630100
.249369000
.255577700
.252420100
.253769900
.258511500
.253650300
.255068400
.252111800
.251014800
.252894700
.255356100
.249815499
.249966200
.250791700
.237597200
.248871500
.262967400
.252394000
.254257900
.248369600
.251040500
.241337000
.253914800
.254340300
.245840300
.245113200
.241350200
.233832600
.240114600
.245520399
.259420900
.291921700
.316488800
.371380301
.265881700
.253133400
.247485000
.251823900
.254641700
.256711600
.246689500
.248451500
.245786100
.246497700
.244838800
.253349099
.250235500
.234737600
.246119600
.241752400
.236461500
.241671901
.249140200
.241553100
.247889100
.245647900
.252684600
.242615500
.246237900
.246652500
.248185100
.250526000
.249964200
.246560600
.247878300
.250372800
.253396600
.253202100
.250046400
