.446003199
.458461200
.369977100
.425577401
.458049100
.406305400
.421502400
.347401000
.388598200
.380054500
.328138200
.416550900
.408965500
.406006000
.367926300
.457229500
.452651900
.473272300
.530412899
.327135200
.514285800
.675059800
.518953701
.364013300
.562681399
.568031500
.465639301
.559642899
.599642901
.427909200
.363103100
.408646600
.375019400
.386993999
.350007100
.409234400
.436567900
.452035699
.426198100
.444398000
.407125400
.476871901
.372876100
.381010200
.341250900
.394858900
.382740500
.374266100
.403191900
.397939700
.400203000
.333950000
.447302700
.417305800
.461376500
.360373600
.358458300
.310802800
.400266600
.385010000
.392993800
.324720400
.341698600
.477618700
.370871000
.408571700
.323365200
.334357900
.409472700
.407103900
.354949200
.379945900
.389926600
.354419200
.395273300
.338091300
.372046900
.396202900
.405342500
.507629100
.538644300
.461482699
.338899701
.343358900
.415000400
.361438500
.376629700
.377561700
.349368600
.370855700
.410437000
.487369500
.452635200
.382332402
.393718900
.341392600
.344063500
.312929400
.442319200
.336531100
.376699699
.363678501
.366984300
.409709600
.460486499
.408414601
.439578000
.390057700
.336664800
.420065799
.384944800
.384655500
.382087100
.404263401
.388693400
.356304400
.343244800
.349541200
.370852200
.319968700
.320297000
.442834299
.360502500
.289980100
.402091202
.447835099
.390708900
.362081099
.343557800
.366961000
.393210700
.368456100
.327031000
.359323200
.347900200
.364191500
.294142100
.394815801
.426229700
.344305600
.338480500
.419940300
.384874000
.363181900
.399900999
.381926600
.403200800
.304781800
.311692000
.363809901
.381979100
.330826400
.350734400
.395532600
.370778900
.372032200
.382987400
.418562400
.384255100
.405625000
.351626100
.391902200
.364070600
.356185500
.451232500
.341901599
.372459300
.374018400
.351240400
.358950000
.385605500
.319103201
.355995499
.370721401
.289733700
.361887200
.364164099
.409077701
.390138900
.399572400
.350430801
.362098799
.345001000
.393367700
.354296601
.386921800
.437173300
.321795699
.326181200
.392115400
.362511301
.409390200
.327384000
.351260800
.402762300
.338235900
.350479200
.369085200
.403559900
.349996100
.335285000
.339823699
.407283000
.382297800
.336105500
.400251201
.379416600
.357973400
.324287500
.398140599
.370006900
.362116900
.384251100
.378841901
.373262800
.410086900
.379327000
.358590299
.387351700
.462353600
.371856800
.429161100
.338230800
.381383700
.341808400
.334842501
.292113000
.328516300
.388014000
.401367000
.397854800
.394230099
.344056200
.336054100
.321665500
.371448900
.366364000
.352881901
.346072800
.392376400
.299254600
.360290701
.379782600
.344850400
.310612299
.324075800
.369759801
.410096900
.336265700
.376860500
.360402200
.342829800
.366727100
.341765000
.361578500
.369585600
.356841300
.307414400
.363879700
.380972900
.295013600
.364185700
.412448900
.390108800
.340661900
.343528500
.344925699
.367563800
.400764400
.376617800
.404423500
.348247500
.333708300
.377264000
.310386000
.324554400
.471990100
.360619200
.326810600
.366718100
.316633200
.329258200
.404332300
.411056800
.394075100
.394354300
.367149999
.340111801
.380332900
.358621300
.480790100
.402650500
.404709800
.340031300
.407139699
.332757500
.319946400
.306746500
.343685700
.369448801
.368918500
.299703400
.282439400
.369402899
.385008300
.356485300
.333310800
.348580001
.387401000
.351303500
.369578400
.370369800
.325378400
.406882200
.295650600
.287954600
.347768799
.378943300
.289814800
.315255700
.427236899
.414170500
.371458100
.357702600
.429598301
.464398200
.347221700
.308888500
.371052401
.372539000
.364438900
.361942800
.392889300
.341153300
.306880200
.358399100
.353810499
.395151100
.372454000
.340174500
.400055300
.349347600
.379374700
.341146200
.402423200
.411574400
.336641700
.327633400
.389496000
.357809000
.356309900
.291773400
.363554600
.341046200
.394085800
.315826800
.373496601
.370488900
.403603600
.411961200
.337318399
.387264100
.333817300
.342118700
.373555701
.446258800
.410294200
.320715400
.376414100
.380821700
.347843000
.407591400
.248276899
.315159100
.380212200
.327670300
.431465700
.424323300
.372827500
.479310400
.371149701
.416661000
.378425100
.310067800
.377360000
.337513500
.371026700
.363401500
.358145099
.361447000
.345500301
.420558799
.342302500
.352332800
.337839800
.389379400
.380999499
.610026700
.408523300
.330091901
.406597700
.402300200
.330493700
.446316199
.367908300
.380371700
.305378700
.490992301
.375747600
.428533800
.332623800
.418928000
.370005600
.385488300
.342196600
.318915399
.418001000
.340046200
.321535400
.387350000
.420965200
.293817300
.324245700
.362279201
.381329600
.355725300
.358619500
.384767499
.384530700
.383007200
.368438100
.444757801
.405785300
.404725900
.312200400
.339211299
.345508000
.348595000
.436467000
.382034400
.379216800
.311589700
.332029400
.443059000
.413546700
.344271600
.339649200
.419049000
.384752400
.350101000
.301558600
.375483801
.332288100
.343710400
.308488300
.446667000
.345142600
.355600500
.356319800
.381607900
.356142100
.344964400
.359640500
.407207099
.353950100
.308223500
.367703800
.482947001
.402939800
.341929900
.338496600
.388980800
.402607500
.439058500
.343665800
.370358999
.367112700
.292795400
.311988600
.371415101
.331130500
.367320200
.346442700
.328114600
.366112300
.382810800
.369471500
.346548800
.298576200
.365686600
.365057000
.314647100
.325252899
.415674600
.304429100
.380190000
.450542300
.379061200
.353462200
.354700601
.356320900
.342930900
.374750600
.358084000
.399484199
.365067500
.345330600
.365867300
.435652900
.333986600
.397272800
.446577500
.485958601
.382358800
.403485000
.343349800
.415532700
.376467600
.379145500
.352217400
.319183000
.374428000
.329876500
.463671800
.314689500
.313805500
.384269500
.415503500
.384340900
.420326600
.326989500
.358124199
.358561000
.375959500
.286191500
.360689601
.393041100
.362270300
.377509700
.350419000
.432986800
.342694500
.313669100
.374020800
.492228500
.330896700
.300261900
.373303899
.352552300
.356915500
.376767900
.333924400
.359923701
.374579400
.340383900
.367557900
.392455600
.351658500
.325245100
.381444700
.306634300
.378381300
.370652900
.341059000
.353248299
.375073800
.309275300
.327716800
.310878701
.311754700
.328713000
.430576000
.362095700
.406364699
.366205400
.362719000
.364398701
.379886100
.397764300
.344527200
.352331099
.395577901
.373916100
.361475100
.364302100
.380448800
.354862500
.373915600
.358060200
.464565700
.363590400
.362724000
.293082601
.362299300
.384721400
.369036400
.373580500
.372850500
.360967500
.359818700
.282722600
.455860700
.366329000
.442196200
.373447200
.361087500
.356684500
.339467500
.367561600
.332326700
.340193600
.323950500
.407541200
.396229499
.365960200
.297898600
.303113200
.331455501
.369785200
.356767400
.330691500
.404349199
.378674500
.335502400
.335595100
.348222801
.400545400
.398025200
.365339000
.380903300
.373176600
.347157900
.395834600
.370821300
.323629800
.367873100
.366119100
.392629200
.359088200
.339732800
.303471700
.326652300
.351382400
.425374700
.339071900
.333397299
.435256000
.364208000
.327871300
.359587400
.377705800
.381104300
.454380701
.342808099
.433453400
.389086900
.355478500
.312729000
.411821700
.404664900
.374000800
.367912500
.347096800
.345140500
.429137300
.306076600
.334338200
.369294200
.366549600
.468335700
.347235200
.355804600
.417680700
.331632400
.426195500
.331281500
.420048900
.381377400
.353125100
.419633600
.371362000
.361847499
.342783900
.338794300
.300619400
.307918401
.389755400
.348335600
.347309600
.318548499
.366117701
.347111400
.375667900
.326953600
.347835899
.368678900
.366126300
.332912600
.377116900
.400411600
.355367000
.372845300
.371088701
.322233400
.338292600
.350679500
.420109800
.404355400
.338950300
.298252500
.359739599
.343524400
.352443400
.371722500
.325158601
.345387500
.450959500
.292595000
.331526000
.351040600
.389086900
.376348500
.373683100
.357903600
.332969300
.343247100
.327171900
.360300800
.347306300
.347572200
.313136200
.323349200
.385318400
.338216900
.346925200
.335314300
.357421800
.398952000
.337819100
.323447500
.397250399
.397543100
.370860800
.357785200
.380831901
.367152700
.282334600
.301514900
.396905600
.368385100
.335618500
.344878900
.393299800
.278570800
.343240100
.310975600
.292019200
.369727400
.380573300
.331225900
.337431100
.418087400
.346918100
.351276700
.392067400
.380264200
.380585900
.413198500
.296663500
.345067400
.384659100
.298002800
.326529300
.372099799
.379219300
.333398400
.313451600
.423470700
.416693700
.368127500
.298061500
.379001201
.379499900
.310446700
.300092400
.335356100
.445927800
.312665300
.313751200
.298957200
.466133200
.398332600
.397583400
.340781700
.382575300
.330150400
.323919700
.316146100
.448496099
.370353100
.377723300
.308390900
.447403201
.374845400
.367919000
.343421900
.425471600
.399512600
.291727700
.285574500
.313466100
.340259900
.363656700
.372404900
.396177700
.356673000
.341611000
.312971000
.320767700
.437409299
.396525800
.346119400
.318061200
.447925200
.353392200
.444506400
.490497199
.461128801
.451895500
.485035700
.402269600
.347967000
.442020700
.373249200
.387554800
.388947700
.345625900
.379362800
.368493400
.301782300
.379885100
.407077899
.337905700
.434614700
.384356600
.340459700
.392322800
.404289500
.307987300
.352927100
.327424900
.352917400
.327235400
.344282001
.371294300
.364799300
.341662500
.363276999
.396172000
.396539600
.413286600
.390988101
.375045500
.337207400
.325744900
.361406400
.368343900
.391579300
.353614400
.529062500
.405267300
.366455700
.314923400
.453987300
.339239300
.335271200
.348592200
.373330700
.332694200
.339387600
.294468900
.398260699
.365236200
.323499900
.341707400
.404604201
.361800500
.407050300
.414215600
.393997000
.338190800
.420885900
.363554200
.306819800
.340205500
.400870900
.312897000
.438045100
.420345200
.348826100
.328091600
.395759599
.388573000
.332749900
.338344500
.290056501
.427144500
.365030800
.318608000
.395855299
.370087600
.358015200
.367153000
.484407101
.383042600
.355501700
.348760300
.422342200
.408563400
.372971700
.311161000
.363817300
.366596800
.377884200
.313774600
.373658900
.418701100
.388441400
.382406600
.364805900
.380920600
.375985900
.398996400
.340436799
.356056200
.298152800
.357569200
.458149301
.378509200
.299723100
.331120600
.397356399
.380905200
.354535600
.392015600
.345254400
.371016300
.295338400
.285443000
.318289400
.385275101
.342504700
.382280900
.413714100
.344898800
.362418100
.363225300
.368614401
.448891700
.307493500
.418464800
.316505099
.431808601
.343332600
.308812300
.387643700
.439895499
.283111000
.316865200
.440211100
.382645899
.368471700
.297349100
.354773600
.378895800
.343844000
.312884600
.327311200
.391481700
.312544600
.364871700
.437033300
.313083299
.368134400
.323421700
.414739300
.363859901
.369757800
.334118500
.315928200
.407506200
.379974800
.330603200
.350402600
.415523600
.319380000
.308125400
.404939400
.402120300
.372351500
