2.205427400
1.687433499
2.113529901
.747208900
2.039022000
1.324523200
2.129359300
.839376300
.797925900
1.120800300
1.155494500
1.127687400
1.089382400
1.252428902
1.316426799
1.322337101
.916711900
1.121827700
1.095731800
1.010573400
.848180200
.878226600
1.062366300
.837997200
1.242541900
1.223698200
.979554800
2.035825300
1.032978999
1.383443301
1.260763599
.861993500
1.646102101
1.783232900
2.059304800
1.207101800
1.189473600
1.409564200
1.427670800
1.287090900
1.239429199
.533600101
1.665426700
1.724602900
1.676859600
1.808142399
1.899480501
1.856787700
2.255598600
1.800406900
1.791446800
1.937827300
.487631700
1.864900399
2.025600301
2.267956700
1.902810900
2.114594699
1.888012402
2.465434000
2.599695000
2.156147299
2.202604001
1.007459900
2.790783100
2.926759699
3.632820901
3.239649600
1.130490600
2.832699700
3.104188000
3.217015300
3.278453999
3.099639801
.954106099
2.821496101
3.706198599
4.816214801
3.924898600
4.504829900
2.522345600
2.504207500
2.669274900
2.567713399
2.137434000
2.238712501
2.315323100
3.209357600
2.458488799
2.344303801
2.431283800
3.583599800
3.409532100
2.518361900
4.897126100
2.552488000
2.284386400
2.634596599
2.312977100
2.398535501
2.355572500
2.313333600
4.436174200
2.646616600
2.410156300
2.134821299
2.233196500
5.408948400
2.687997401
2.437657400
3.095802800
.998786000
2.001229600
2.504758200
3.960056600
3.391854300
2.234791099
.742381000
1.844076101
2.558982899
1.644149600
3.083077601
2.839505900
3.703289200
3.596628899
3.492961001
3.032569900
4.145230900
3.284235200
3.643839700
3.779629800
1.041095200
.814233500
3.153710700
4.348003800
4.676265100
4.452920800
4.400740000
5.031820700
3.034529800
2.522741200
2.839418799
2.966910001
1.919596401
4.942205400
2.959459399
.806106400
.791644601
3.817226900
3.269898699
2.671654999
2.506131700
3.112355300
3.495211600
3.838331901
3.634388600
5.047726300
6.011717399
2.423902901
2.692061400
2.481234400
3.424808600
.669143900
3.723851501
3.607062700
.869769100
4.194992600
3.047428500
.766078299
.744736100
3.359789701
2.322225200
2.601548400
5.727223200
3.553046700
3.309647900
4.461913400
1.950075300
3.129584700
3.077106400
2.794491099
.953129201
3.656158300
4.227385999
1.144858400
.861844601
2.540459700
2.791496900
5.045052800
4.107417099
4.991818201
3.236388700
3.708665500
3.160638000
3.140616700
3.286324299
4.146823301
1.327738800
3.163477999
2.566167201
2.902742700
3.482727500
4.430341999
4.652655601
4.109720700
5.650515600
3.760465100
3.255543000
2.949773300
4.200172800
3.439192101
3.250256600
3.879565200
5.398987300
3.855726400
4.503720799
4.099242101
4.046251700
3.823990100
6.607918200
2.969869600
2.778344000
2.923650001
2.284098398
3.818253800
3.811556700
.845603799
.796361000
4.125687201
3.239133400
2.991416200
1.005767200
2.167808900
3.421693300
4.377368100
1.024290000
3.982305500
5.072150600
3.826626500
4.103230100
4.578172300
1.081578700
4.558062000
5.274896400
4.870025200
3.401117700
3.180752299
4.208443000
3.201311801
5.089833500
4.412069100
3.049685000
2.778741400
3.579396300
3.968231500
3.491616700
5.387071900
3.834191400
2.835509300
2.667542600
3.647254200
.914156201
3.800795700
4.600353000
3.695946600
3.927332700
3.623253200
4.323716399
4.968389401
3.958877800
4.483096000
5.955149100
3.135900300
3.201549900
3.404664500
4.142495700
3.939614700
3.682699900
4.876997100
.861424500
3.828666300
3.950501900
5.545239000
1.053022800
.926595700
4.512132600
4.994289600
4.485540600
5.743516399
6.940417901
3.012657100
4.036544199
3.762569201
3.085244500
3.272158900
4.989606000
6.672724900
2.694072300
2.878318000
.646481800
3.539141099
4.094982001
5.116311900
4.789721399
6.166586900
3.438377001
3.003634000
4.547020400
.914126500
4.075049700
3.758763300
4.322896999
6.299026901
2.754255900
6.662276900
5.381058800
4.809504300
.723089000
3.775295400
6.436469500
4.115088900
2.726512100
2.582976800
3.189705099
2.718379501
3.984480900
3.962668400
2.842777100
3.220284200
4.620324700
3.365169400
3.626061100
3.218902200
3.955566600
3.122907300
4.764029300
5.296589600
5.148300700
3.535907500
3.465024200
3.009368100
.861197400
4.817314600
5.231723300
5.864980400
3.303675000
5.731177999
6.182670601
5.807023401
4.808528899
6.186298800
3.631068699
3.786801201
6.055602400
4.501896599
5.348551701
4.358404800
5.431356500
3.775474900
3.892425600
2.758843399
3.914514801
6.138823900
4.422014700
5.647481699
6.940087001
5.515110500
6.000132700
4.201761600
4.815178500
4.219635900
7.564957800
3.414570300
2.650837900
2.438770500
.775701400
2.682262200
3.730006900
4.079209800
2.594331600
3.765608300
4.856743799
3.016727901
3.243207800
1.405384599
7.327698301
3.643478600
3.170403600
4.371934699
4.695969602
3.377361998
.796711401
5.964031700
5.645064400
2.995739700
4.810814200
5.748318000
4.749114899
5.289949300
4.101878399
3.609118300
.770676100
3.264878299
4.718148401
4.188662899
4.015043700
3.405618601
3.549973399
3.886590701
4.780164200
3.917553300
5.832562600
6.350152200
3.316700400
4.225614600
4.419466500
4.679561000
6.239391800
3.879657301
3.790552200
5.205772500
7.212789000
3.291428300
2.625408500
3.623592200
4.233657000
3.708760000
4.629084500
4.611035900
3.486342100
1.047506200
2.898741400
3.650901600
.947175000
4.607257300
6.238661599
3.271151301
4.991869200
4.214597800
3.631337199
4.796159700
4.662143201
3.456099200
3.876187000
3.510874300
2.618765701
3.367433100
5.000619700
5.839288700
6.546575600
3.758960100
4.367995500
4.087897299
3.801271601
5.707449400
4.765922700
5.749725500
5.002846500
3.419363700
4.041028300
4.383981200
7.336749900
4.590378700
4.741345999
.725415200
4.619653101
4.091372200
3.258823500
6.071647500
4.023925400
4.655677200
5.340415299
5.436715901
1.095155999
6.753157001
4.020883000
4.084049000
3.668393399
4.195922401
5.241848599
3.127753899
2.709329901
4.676697900
.839771200
4.345891000
3.710500900
7.194214800
3.449615300
4.691848000
.658232400
3.572852000
3.881437299
6.023924901
2.726636900
6.055876300
3.712294600
3.593876700
3.570362100
3.933173299
6.675441901
4.363792700
5.426591000
2.164701300
3.586447300
3.063848700
6.064687999
3.976483900
3.658484300
4.028734801
4.744300099
6.176908801
3.643930100
3.801883299
4.508888901
4.653303100
4.745391700
5.462986900
3.812086499
.504282900
3.430188300
4.799968501
3.744223100
6.790624900
6.506578400
5.302794099
4.008574501
7.804770200
5.289631300
6.851847600
3.288834300
3.411999700
3.887399200
2.962345000
4.530571501
1.166727599
3.409655700
4.053774900
3.262304800
3.137789000
3.178433599
5.466851501
5.254452300
3.283000600
2.217547100
4.013509300
3.526445600
3.111398000
3.299604599
7.018446201
2.169647300
3.467923299
4.314816801
4.057573300
4.129556800
4.189626700
5.383144600
4.141607300
4.758121300
4.828427200
.864901299
3.875662401
.994712899
6.461612600
4.098650001
3.729371099
3.188463101
3.255835200
.993217899
4.063095101
4.869531499
3.128487501
3.401270999
1.751567101
5.661001100
4.891320599
1.013302900
4.111877601
6.534415500
6.738903200
3.087723900
5.096634400
5.735808499
7.849838601
3.626855600
4.452112400
4.151103000
2.838297700
3.480039100
.989892600
4.271991400
3.145566100
5.660806500
2.455532001
4.398331800
4.542797200
4.079876900
7.617271199
4.284922701
3.815446200
2.311133800
3.523748600
4.935986699
3.742092101
3.294039400
4.462955099
5.281807601
1.026816000
3.126356899
5.145847801
6.528601499
3.964850401
3.926722300
3.513120600
5.326978300
6.491081100
1.177233000
4.737579000
.939016100
3.558115499
1.132833700
2.518459901
3.287501400
4.427315200
5.597023000
6.764437100
4.248109400
4.101960100
3.990671700
3.327052000
7.124028500
4.039752600
2.742708100
2.321901300
5.262284000
4.391465599
5.644995301
.843744999
3.834913701
4.718648501
5.957326100
3.531240000
6.758428899
4.189918801
2.470836400
3.781646599
4.667139801
5.858101000
6.152347100
3.758652600
3.809240800
4.151098000
4.428127900
5.130662800
1.244755199
6.859489601
4.961126499
3.490299902
4.723814600
4.811757100
4.344803600
4.528478899
6.143664100
7.014673901
7.027281799
4.836746100
3.778537101
5.953716100
2.196709400
3.946757000
6.514635599
4.833780601
3.501439100
4.655382000
5.798818499
5.695635600
5.975412300
.881485500
7.383686301
3.602898900
4.827691300
5.424782700
5.166661899
6.506850701
5.533626999
3.717948601
3.712534100
3.530304200
4.023406099
4.638919301
5.210271099
3.808648500
4.474850400
4.527537100
.754580500
5.252414601
5.689180501
5.386212700
2.428289200
4.021128000
.815411900
4.277183300
4.372466900
3.704414000
7.589889000
3.663590400
4.589117900
5.195708000
6.729943299
7.454549501
4.311498500
4.048973300
5.666463901
5.047903500
7.602323600
3.876710200
3.258880100
3.097575600
5.222384500
3.992084000
4.953344599
6.022709600
3.234333000
4.792947700
5.013006800
4.366169800
3.690326100
6.056290400
6.125834900
3.809219499
4.038094801
5.204538199
7.331898401
4.952287300
8.779386399
7.961162500
3.769999901
4.002631300
1.289698500
5.008480699
7.230640601
1.052020699
6.253158901
9.010786400
3.673697100
4.388615100
4.153118300
5.155013900
3.953708300
6.310481900
7.479770300
3.568103999
3.447393801
.646342299
3.402210501
3.315225299
5.220533600
.902824400
3.380320301
4.017252200
5.243262000
3.794673301
4.729437100
1.103824100
2.058636200
5.940164000
4.812640300
5.390139599
1.210019901
6.947138700
5.479351200
6.948663200
7.112524499
4.293416300
3.572357498
3.127906201
4.360753400
5.858846100
5.830212599
4.110572400
2.147361101
4.429662000
4.795660000
4.203805299
6.445112901
3.846435300
3.068477100
4.454980200
5.676998800
4.734485699
3.048274701
4.397451299
4.754718800
6.449092901
7.732884200
5.158471299
3.947814601
4.311382900
3.811363300
1.000141899
3.044663101
5.939009700
6.721549200
3.508499700
4.184698900
3.407667700
5.376152700
5.951268800
7.232625900
3.951339799
5.256908800
8.057958901
1.385847900
7.542993700
6.142284800
6.257487299
8.565555999
3.597606800
2.721992001
5.339640299
4.024783401
6.366505299
4.799355001
4.256188601
3.816084101
3.885636900
7.069792300
3.824243400
3.356515500
2.717144299
4.187361301
4.176005700
3.593392300
.761654700
4.816732100
5.435604399
5.489268801
4.240672700
3.695259599
1.037746201
5.464159499
4.777125501
2.555672200
1.209859100
2.460740300
1.794118200
.909450500
2.266230400
2.195617900
4.068707500
2.546052300
6.180654000
3.595391199
4.737244800
3.316505601
4.063120300
5.235780900
6.052051799
6.903897301
3.841134400
2.975661499
3.802893800
4.502756800
4.421454900
8.274207399
3.657097501
2.274032399
3.132861101
2.110768500
.849825700
4.129008800
7.879507499
1.013309600
3.785485001
2.219120000
2.985173000
1.891797500
2.610025999
3.236783300
2.261081301
2.003828400
2.169348599
2.229456901
2.134993400
2.817894700
4.709764399
2.381806201
3.267414300
3.415218200
.613464699
4.129736200
4.455848500
5.706322701
6.360844500
6.315787501
3.795357300
3.953940000
3.774641100
6.289394199
6.915466501
5.263009500
5.629572400
4.170045700
2.212794799
.790452200
.812947201
1.910812700
3.039928800
3.437607500
1.039083100
3.693989601
2.840599300
2.639941499
2.151628501
1.345077100
1.600696900
2.970740900
2.928439199
3.333469401
1.999725600
3.604695700
3.862404999
1.093357901
2.585127900
1.091150899
4.649034701
2.056570999
2.975161801
3.184043100
3.249009500
4.804973501
5.918555299
6.085618601
6.159445200
2.928163999
4.270803701
4.064042200
6.302255400
2.824698800
3.374515700
2.885517399
2.631642701
.850623400
3.093649700
5.009581799
4.482849101
3.119169700
3.964773200
3.312437700
2.295225100
2.794423399
3.616451799
1.030118800
2.541586001
2.702360400
5.205195400
2.446537899
2.912992201
5.156633300
5.453920700
5.946710800
4.105082300
5.623752599
3.438059701
2.350846000
2.788488099
3.374505501
5.689740499
5.506315601
4.208817399
.959708600
.842038800
3.586313801
5.068718700
2.854219100
1.936489900
2.345145800
.836931600
4.334421000
1.133739100
3.847203400
5.266358699
3.572351801
3.424551000
2.158532099
2.332548001
2.655060000
3.490999000
3.277550600
7.124157600
2.622047699
3.302519301
2.992553000
2.649003400
2.241119499
.592891000
2.409050401
2.851850600
3.783326700
3.970861100
2.789730500
