.867779485
1.269021471
1.290693396
1.313161393
1.331995430
1.323357070
1.331040562
1.270209361
1.426554886
1.308335380
.787773621
1.292660257
1.264719201
1.275797624
1.264734423
1.273128410
1.336979306
1.270661747
.791135386
1.333732814
1.332983879
1.281274017
1.288419805
.784604998
1.275818185
.410330747
1.260260086
1.311375783
1.370294732
.899313223
1.268807720
.774944797
1.325630563
.813991919
1.312070449
.963308471
.782333706
.789538074
.793025143
.431573846
.792281934
1.340036617
.792463257
.775389308
1.265126594
.794253187
1.277706901
1.261135157
.782569976
.926248415
.810981923
.788242749
.783204115
1.300359369
.794440705
.800600058
.787544217
1.268074185
.801443121
1.299348172
.789332884
.792331256
1.317298586
1.306830496
.802231834
.812779171
.793348385
.799638077
1.331350002
.798095082
.788360639
.815395837
.791777139
.808785681
.953337234
.799344361
.782227456
.794599029
.782045211
.789297953
.790830894
.776790695
.795228833
.795902706
.421800334
.781330988
.786344993
1.269244961
.802363936
.813443511
.787912778
.785505977
1.360971127
.923432943
.819477499
.405183076
.779359220
.789221551
.776220229
.802239042
.766211738
.812137732
1.268325955
.791664377
.796749865
1.307327555
.794073259
1.338113715
.800489042
.783380447
.784717602
.791948434
.805194553
.776429441
.788479791
.794945699
.783653708
.784020838
.804110576
.419710728
.786099730
.784344939
.787161362
.780498186
.786265539
.411383811
.785306689
1.315291498
.658254627
.870323224
.800293704
.769311933
.968048503
1.322228032
.788753982
1.277881063
.812527063
.756540809
.789570675
.810293008
.784884956
.802837405
.848014330
.743648870
.800079117
.789951954
.798242887
.795966445
.415721418
.794466683
.791511267
.789567068
.758577046
.822364852
.962396594
.793054998
.782414290
.784162199
.781346643
.786391051
.793568511
.783977562
.797950546
.795728501
.778711643
1.312844365
.856740555
.789670404
.791578571
.790368190
.793600329
.800129138
.921460672
.416605933
.790373475
.783184693
.785284543
.794308530
.785297491
1.081313361
.795319158
.783330044
.779544429
.785004328
.795932633
.791972399
.777555612
.793230551
.792342780
.789297411
.797341715
.377375832
.833818215
.788116813
.791255542
.789203117
.785178147
.420622057
.788827721
.786069511
.784601668
.785128156
.784321069
.805000550
.787779565
.793637161
.792235283
.785564688
.792913344
.796267005
.382754273
.840312769
.789265994
.795211519
.790375373
.785068075
.417600305
.788319096
1.347570575
.788822357
.797353616
.787150525
.791270456
.788003622
.790509535
.805414481
.784186790
.800356014
.409362389
.796357548
.801228025
.820272806
.814506139
.836804281
.428780888
.823333998
.821617953
.828631567
.809681189
.852048829
.823389032
.808371444
.833511510
.829726920
.825316365
.858310644
.825322206
.827274871
.828320380
.839549760
.824961243
.865720322
.825783990
.836285335
.819220278
.824353161
.830785558
.853718338
.841925028
.827663765
.820412188
.838870685
.826633361
.839521327
.827844604
.826537924
.838304571
.832372347
.831785730
.861508365
.834209856
.819641990
.831851296
.849314009
.819222635
.852335040
.826448092
.832070978
.831287636
.831447537
.819138712
.859469907
.827446075
.857806527
.794312614
.832175488
.839805658
.860414683
.840338061
.829308302
.823304322
.838411667
.821606959
.851913483
.832964871
.818410911
.830956110
.824867300
.838805562
.846238271
.822843378
.824070867
.832117379
.842874824
.821445194
.847435402
.829050068
.835322836
.832340354
.832110919
.819447311
.849253803
.829427026
.835088587
.834894026
.821450835
.829720651
.842045288
.844286849
.826022663
.816349850
.830237739
.837232871
.826490440
.821247236
.831843191
.820646018
.821304159
.833449870
.841110843
.807982212
.835385289
.829671308
.830930880
.823208877
.826283513
.827469356
.839628819
.840791343
.814303473
.846656737
.863307019
.836777595
.837120429
.767283031
.835447916
.821281675
.852566907
.837701252
.818671991
.833013208
.835205363
.833240370
.830794396
.833885526
.825892717
.827512880
.833983815
.833519991
.840021712
.820526928
.838193777
.853689016
.985817180
.813776979
.840128546
.825764119
.823691257
.819275887
.814636329
.819423715
.837649197
.838914342
.828314794
.829084303
.832592678
.830894369
.836694032
.834076858
.848191926
.809654274
.831549009
.824653520
.842551888
.821424910
.998367777
.823376970
.818608066
.826638910
.823292616
.826398367
.815447882
.828612644
.831556175
.831636229
.843785691
.832502328
.845015578
.830875183
.821779363
.821409241
.847944841
.843237641
.865321010
.789562377
.836575017
.830003365
.838873937
.828311281
.821910964
.828485943
.839754048
.831108694
.849504605
.824092033
.829795458
.823915797
.832472286
.826473298
.848472874
.830252857
.823601444
.830114377
.833614539
.819477697
.873819873
.822242387
.840478079
.852598433
.962324654
.824716417
.830967249
.833707051
.828613257
.816330447
.822131464
.819973504
.843581242
.842144467
.814968684
.838930062
.834206163
.827551217
.849642585
.816403399
.843042692
.827315413
.835951939
.818811999
.850791644
.829151467
.823423439
.841030951
.832140199
.824596691
.851827737
.839238120
.831274208
.824261159
.834262204
.821259573
.850149313
.831471104
.835429434
.813662145
.842315822
.831666174
.829212189
.836428702
.824248410
.831720572
.830428170
.832151371
.831427858
.827549600
.999906634
.816918312
.825244035
.809904230
.829573573
.826930773
.822391311
.837679898
.819979761
.831254880
.856465694
.831852964
.834505193
.820610183
.829640726
.818736988
.852316167
.830637035
.835270338
.823073351
1.051275679
.783148739
.833167597
.835564008
.812828360
.801920689
.828882488
.824749611
.848752576
.825326230
.832367016
.823914693
.841378085
.816248038
.833620247
.831961207
.834978825
.836811040
.829745180
.831279137
.848220188
.834898746
.843608657
.844271934
.975026452
.824655812
.825963757
.839909219
.832272987
.805594855
.814795354
.826182104
.833357281
.830948917
.826261190
.825233988
.840359999
.834465096
.857157888
.817914758
.824453223
.825138717
.829020933
.822368601
.846862059
.829464734
.848998677
.984215436
.814954457
.816454663
.838728411
.834863954
.819827715
.819943141
.824183872
.829748251
.829119821
.836016739
.829243280
.825368920
.828038336
.825291786
.833313933
.825175975
.820970916
.838986290
1.041427026
.783378700
.823365443
.824826818
.822193810
.816945555
.829335334
.811057891
.824245821
.834842794
.837085566
.844311003
.836473711
.840330825
.867883105
.843966294
.847212208
.847828638
.839839154
.835805460
.864705205
.855257468
.844939336
.836631221
.863375193
.834328299
.857147888
.850259763
.842477791
.865998700
.844164482
.855888990
.845261537
.847802216
.840980388
.836573716
.846080622
.852386324
.865952557
.838938570
.842515000
.843698220
.847338629
.841734700
.865033404
.840380557
.877378748
.993840403
.838621514
.849083684
.851432877
.835452835
.843488358
.844909002
.832655391
.844327831
.870960322
.841078299
.789312952
.848240534
.843956001
.836346591
.872517596
.849574164
.846513092
.855586356
.831658365
.851181233
.863473875
.851713822
.863142825
.844360460
.850619960
.844937718
.858831569
.858751313
.809270490
.835529314
.853083989
.843918630
.849296471
.842532037
.847800690
.840349410
.849018750
.854725935
.855295575
.843976657
.841613646
.840811099
.865636984
.837784734
.864213715
.835156141
.855352868
.840004364
.859812747
.847994582
.850799559
.842872307
.852803580
.844001647
.857299471
.831251771
.861589958
.845251403
.843365321
.852743913
.840446178
.833729332
.871634344
.866665219
.857787906
.854867399
.854048562
.850466935
.864652401
.858777247
.857679809
.860649235
.858233188
.850803405
.871553666
.857898960
.862924228
.858128134
.855435776
.845243211
.875541606
.856439998
.858589480
.856779505
1.085388840
.785558752
.881283507
.859385176
.856993122
.830868298
.861425177
.851061178
.858910551
.856874681
.849192674
.854777597
.859568597
.858489543
.864362091
.865458051
.857878207
.862442562
.861371116
.882781999
.849850465
.857341966
1.032498571
.851287185
.847434067
.845798055
.856435544
.847335163
.853377058
.846387219
.851324902
.853018695
.862627273
.856444790
.859466288
.842676495
.852150497
.856256409
.892018528
.855553952
.882393166
1.011064934
.846375074
.838873967
.849419881
.863376564
.833784922
.855288512
.859833260
.857951414
.870828532
.848948406
.859649999
.855634031
.900316557
.824965011
.851367175
.845560473
.854193343
.858713773
.870397973
.855007072
.872031324
.861982496
.856548896
.851431851
.865294062
.854247251
.873739531
.855511131
.864274618
.847975463
.865523417
.849774049
.864133334
.851437196
.848422577
.860849608
.865804114
.857837198
.868967310
.849609656
.871468067
.843478919
.900947702
.862465337
.875810345
.880111868
.865097971
.906035093
.833836305
.884326215
.876599973
.873955087
.875258384
.870609204
.886365884
.867575226
.954597440
.875755930
.857264952
.865018895
.867288292
.855395273
.869820429
.860766750
.859963675
.878680847
.867640807
.877605612
.877072803
.864756070
.877951980
.891400641
.868850616
.870439799
.885021686
.874594662
.853890138
.871650779
.877077859
.882366655
.961406673
.862250922
.877675472
.896442113
.967547691
.863294677
.854990512
.872236377
.871592031
.852104130
.874433801
.850288517
.887516839
.870039310
.859940981
.873489336
.863246399
.883726757
.886814866
.867681176
.867080326
.866146185
.876475423
.877156893
.871188365
.875735532
1.036988253
.862464091
.861192076
.862368269
.867815909
.873115861
.864070158
.863852130
.875243665
.869385553
.890507272
.874276867
.878777417
.868050585
.865008520
.864092867
.952302582
.889064204
.873330576
.857484532
.877987524
.855826790
.897199896
.866315752
.884483715
.864097632
.880102775
.869373075
.892966040
.865820585
.886380874
.877775062
.858125964
.876944222
.897673380
.875850514
.876607966
.874626504
.867440753
.875101012
.895285249
.877579796
1.030680190
.877321008
.859252219
.869748587
.879312548
.864414739
.868178297
.867735763
.880868635
.870432435
.887659349
.883274647
.877747820
.776013002
.894140444
.852885652
.885242872
.853455812
.884523521
.892420506
1.029315138
.862902475
.866850782
.873398647
.861593986
.870750485
.885128375
.909730499
.902247034
.898148035
.907401965
.888800303
.893069687
.904670061
1.084128853
.887033957
.893538339
.875046817
.903577491
.874342627
.909172153
.890663203
.908018312
.888749013
.909095925
.896942257
1.083185484
.897545721
.895262930
.890670437
.882172750
.881778856
.895136729
.891871627
.895539922
.894742792
.894578636
.902042108
1.019113340
.899191730
.887249892
.891442552
.877062224
.891341512
.909210038
.891612817
.901243757
.898766361
.899382881
.893850155
.991164509
.906230578
.874850054
.902999559
.894096254
.876645540
.900475103
.892423584
1.062098265
.895932066
.885517190
.888729805
.454402780
.894294479
.890419360
.891974385
.893225404
.877537891
.896016584
.890410305
.894381680
.896710333
.894845095
1.092432434
.880898144
.940957469
.881028234
.886832734
.891510688
.911153100
.883449783
.902489537
.891477964
.896559229
.913711549
.989691025
.906875764
.877889216
.885288001
.880154313
.893788694
.963299567
.919296996
.885481902
.873667608
.897008893
.888234489
