.870564901
.817993100
.837825200
.832922500
.810040600
.803230000
.856997199
.869367000
.858714801
.808753000
.865612500
.863021500
.849535500
.873965500
.844054100
.822186300
.838138500
.812053300
.911782300
.850242900
.848264200
.846365801
.821521700
.850852800
.869658500
.829540700
.842615999
.836787601
.850290300
.830357500
.821255900
.886357400
.836104100
.798554100
.814292499
.828031100
.907606701
.854549800
.832031500
.866683300
.841560400
.823527101
.836694500
.858434800
.828208000
.802600300
.842426900
.843501800
.863578599
.862769902
.863627399
.809351400
.843763900
.815752801
.819687600
.846101500
.848218800
.870666900
.842242300
.818122799
.841257401
.850762000
.867517000
.866862600
.798069100
.990505300
.864493098
.850797001
.847728000
.854889700
.838214200
.879308700
.815722399
.854904700
.839574300
.966576300
.794426300
.844192300
.909152199
.845009001
.863302400
.855127299
.882233201
.862154100
.820779599
.860195101
.859088000
.869182400
.823985500
.838384800
.877176800
.826051300
.877274599
.862005201
.889399601
.848186800
.818253000
.854776200
.887684100
.875167600
.810525299
.915078600
.867622101
.879714100
.854626999
.839326501
.810403200
.883530100
.899086900
.802893800
.858796700
.872496700
.830293300
.859486400
.866924300
.870966900
.867486500
.851422500
.838537000
.847814100
.850950200
.842664499
.803697300
.847172001
.830643900
.840262300
.862070500
.859427000
.870946000
.866360700
.830819400
.876892400
.831159000
.859563100
.887564400
.855707700
.857555800
.850245500
.879360200
.867886100
.885294099
.825280800
.886034900
.878882302
.819367000
.927741200
.834504700
.826680900
.851826600
.847034100
.874740699
.847341100
.831023900
.832319000
.830261499
.897182400
.856477901
.848244600
.838186800
.832262800
.866466100
.891763499
.853897100
.859645600
.830775601
.856369100
.826352400
.911790000
.847754500
.870076600
.840362600
.849043100
.847684900
.844609300
.885073600
.827684200
.858701500
.832326099
.890254501
.856871200
.856773200
.851632900
.854974098
.859691401
.822680200
.908758000
.856847600
.835599099
.851240300
.851891701
1.002820700
.908972700
.864886799
.835197101
.840305199
.809210501
.871637601
.834820899
.852060000
.886699701
.840676000
.854799200
.828448800
.836626200
.884636200
.857655099
.832526201
.818582700
.856558900
1.004334200
.872271500
.806783600
.835653700
.986845500
1.121276900
1.415933600
1.546950200
1.260854100
1.040197000
.883924100
.864727200
.826561299
.896275501
.851037800
.811467400
.859027600
.835988100
.840685300
.864627200
.806872200
.860047900
.822521200
.824207300
.976308099
.816776401
.885945898
.856307101
.803367700
.875044300
.846009300
.844460899
.893962902
.827677200
.812025800
.817450299
.843368100
.836699100
.855124201
.898431800
.839846000
.813486600
.919227300
.936404000
.869923900
.861031299
.854238701
.824951300
.878706199
.846394800
.877623201
.845039300
.837322900
.835642900
.848612700
.842953200
.840087900
.845145800
.866676400
.810427300
.850843700
.857228900
.839051900
.827980000
.854412900
.893481500
.830592600
.829165000
.854035100
.883768600
.811874100
.878043199
.842031600
.861391400
.873649101
.853838000
.822150999
.916670700
.855293801
.853466200
.849850600
.869172100
.842624399
.856949300
.847032701
.897390900
.817795799
.875592600
.856276801
.857089900
.866517200
.859842399
.819444600
.927829601
.847567899
.826170500
.909342601
.846329200
.830731701
.874380899
.795728001
.858800500
.832714299
.829932900
.877091300
.901808801
.850530900
.922197799
.881588600
.837284401
.919228600
.816140800
1.018087400
.825059800
.821512100
.855215400
.847001799
.847644401
.849641400
.881978600
.873137100
.800444199
.837759500
.831388201
.819162100
.848561900
.833747500
.835113100
.831045800
.839541500
.815225800
.897626400
.844830999
.816262300
.825832100
.843549899
.862996300
.829750300
.852577700
.847226501
.814802900
.827618299
.855172600
.828178201
.906290800
.844252200
.841667700
.847741000
.891375500
.863515200
.846417600
.844116399
.882693402
.834364899
.792086101
.863125300
.814501999
.823788500
.845776001
.852200400
.846045800
.848691500
.862383900
.835861800
.871166800
.873326500
.832926800
.878843500
.862778300
.815878800
.847499000
.861983700
.840768600
.837827900
.807001400
.851802800
.818164800
.818652900
.834190900
.829344700
.834845000
.843447399
.827491101
.825356299
.834103501
.837753700
.855680900
.822960600
.819282700
.786691300
.852997600
.834607700
.817735799
.819603400
.826135200
.815801200
.917824000
.840417200
.851033200
.843373399
.834316700
.816122600
.818120100
.872045200
.835595400
.842888600
.839755700
.862231800
.837008500
.972996700
.851154400
.819379599
.819901401
.858613599
.843660600
.862834900
.859051100
.847215500
.814342000
.843890400
.868869500
.867638000
.832839200
.875029999
.832073700
.810456600
.840817400
.857258001
1.019081300
.815417000
.839915000
.858501800
.857825799
.844037201
.855631300
.847199100
.842221000
.828038600
.858645200
.921725500
.869476500
.834613700
.834257200
.820735700
.909402799
.835681400
.831726600
.803412901
.823721400
.862334500
.878568800
.827179699
.904352400
.826682801
.819388600
.814508400
.830946800
.916929600
.881281699
.835366600
.857891800
.824196201
.871314700
.867455499
.855233900
.893979701
.811503100
.863232300
.866818599
.866529400
.835941101
.843409300
.799768100
.846645899
.871039701
.865909499
.824106000
.835409700
.825844000
.800362401
.807763900
.861756300
.831968300
.807514500
.841999999
.820285300
.905536701
.867343300
.824230100
.811501800
.835851499
.810319501
.823924800
.837268100
.832213700
.863552899
.837873400
.823988201
.842613400
.826488200
.864401400
.867578500
.795617000
.786477300
.854584599
.834206100
.836653601
.827147100
.854035199
.808184801
.827508100
.861369399
.862174700
.821409701
.850064700
.860211900
.864278300
.940054000
.876616200
.841835800
.831302499
.808446301
.804489700
.876058300
.836788899
.945496301
.843519500
.860505599
.914029601
.870231101
.812906599
.835439100
.843842801
.846388400
.850121300
.830776299
.864727000
.835654401
.837900900
.812604600
.870038500
.862203400
.845182099
.823216700
.877717501
.840590500
.875417300
.829011800
.898770799
.839596801
.823600100
.828500199
.859554000
.928244300
1.004745901
1.400577000
1.376419600
.945959700
.972312900
.837548000
.835688200
.836554101
.870979700
.849129799
.862841800
.845572700
.813802900
.852479600
.844256801
.844384000
.846990500
.859623300
.885329899
.832536600
.835587400
.872757001
.853021200
.819595300
.875542900
.869509099
.849868500
.943323001
.816716500
.825787500
.825561499
.861817200
.869432800
.857344500
.823806100
.891092201
.859464000
.845915199
.859979200
.919839401
.828898700
.857595900
.821160599
.926667700
.854774200
.852743300
1.053385001
.832673400
.829751400
.826614699
.836610900
.814905800
.845799100
.832898900
.830160000
.830997700
.864927800
.882871300
.853158300
.875892699
.809360600
.820724301
.869344300
.817423599
.830147300
.877585701
.797573200
.838462999
.882938600
.864218900
.854427001
.835928400
.818998799
.834697600
.879621000
.818782401
.823658700
.861419200
.835318400
.819961899
.879356101
.851384000
.834185300
.893548400
.809609700
.830868500
.868729600
.829895000
.842390600
.840325500
.838934700
.826771200
.880933100
.861584000
.858995199
.848898601
.819567400
.792824200
.834194500
.868458300
.822743598
.851809400
.850969201
.842767099
.986505800
.847550400
.846891000
.941398500
.857874101
.806240700
.896559600
.845915500
.810613899
.840055600
.865330600
.860681801
.844635900
.869397900
.842890500
.841225900
.835962300
.852856999
.832943201
1.034742500
.856942600
.871688400
.863323600
.838512900
.847679500
.874801900
.867829700
.860980600
.904913300
.865276300
.838755100
.845276500
.863291100
.876887100
.801422000
.818419500
.879579799
.855292501
.923582600
.839673000
.837054700
.849272900
.834018101
.855267699
.839679801
.847418700
.870793299
.867633000
.874123901
.879012100
.867900700
.889168800
.849113800
.871690799
.865631601
.835633699
.858733801
1.009627800
.808754699
.836355399
.905128396
.867122399
.871966700
.821321200
.840745700
.900534201
.845045000
.875476900
.859052000
.834126200
.849368899
.848419800
.844787300
.831501100
.816271901
.852894300
1.026954700
.861073899
.842944200
.843727601
.845197000
.895370600
.852391300
.847896500
.857199600
.847773400
.803907800
.845056800
.853046800
.868444899
.824235700
.819965700
.850549400
.825708301
.841976400
.827350600
.832387700
.881096300
.967571099
.847238500
.846989600
.867436001
.861434299
.828094601
.839539700
.835322700
.862940499
.831688401
.873019100
.847980600
.842327599
.830789600
.940787800
.851807701
.860844801
.828613400
.879273699
.843976801
.818042500
.879378100
.866861900
.849565199
.823398601
.849478301
.834427499
.847189301
.865207500
.860484099
.850391600
.894764100
.877006200
.815352001
.880933600
.848394000
.917718300
.846135200
.833964100
.859949200
.888670200
.828370200
.849990600
.853757400
.844296699
.845353200
.856483600
.876664001
.813800900
.835049500
.831179300
.857900100
.868060099
.848874400
.850151400
.962845400
.880643100
.871219201
.878687200
.846158500
.831233800
.841460299
.838113201
.854109000
.852646499
.837561700
.838289501
.834314500
.825883800
.850053100
.845043900
.869532400
.862308200
.853802600
.831833900
.816573600
.868978800
.849804700
.834291100
.846529800
.831173199
.840537200
.825066001
.845498400
.881866300
.858904299
.843626400
.856210900
.848850700
.825246700
.811724001
.843381200
.829510199
.832390200
.868682501
.849187400
.871576899
.837292501
.839774500
.867995300
.881639100
.868227099
.830870500
.908523101
.808042600
.821547900
.848781900
.857308900
.831602700
.876740700
.875388900
.913423300
.828491000
.937194199
.838450800
.838178600
.856397701
.855231200
.864807600
.817183700
.850621000
.857861400
.857821600
.842750600
.869015600
.817091999
.862450000
.846094501
.865717600
.834746600
.816758399
.857156900
.983249000
.817444200
.845482200
.818411600
.856777899
.865418601
.831437600
.817093900
.906038000
.840753799
.841836100
.837300701
.839684100
.925632699
1.357134701
1.190851000
.845030200
.806561900
.848682300
.847904700
.860753899
.826134000
.837352001
.834306500
.885211500
.817317800
.861670500
.866254500
.884020100
.856809799
.824757900
.882492601
.889447299
.866610900
.866347001
.852766501
.841129400
.795403501
.886891599
1.023589900
.851336300
.831856201
.841531900
.873655300
.856316300
.814431900
.824225200
.852659100
.817660400
.836873600
.857223800
.827372100
.851362800
.818741299
.838827400
.872957400
.852842500
.861423101
.865133300
.835399100
.827022400
.819198300
.935470999
.819440700
.799378700
.816914801
.859340600
.846962799
.840112900
.856842400
.806222600
.815757301
.853515100
.829793399
.860034501
.875479200
.823426100
.887211100
.818900600
.864420100
.861210600
.879459399
.863489400
.868367701
.809735100
.821176499
.848549101
.848740000
.846519200
.879128200
.847207399
.893047200
.852099701
.823736600
.819492300
.832556600
.915845800
.823280600
.847849500
.820203799
.885140500
.824051400
.834045701
