.481800401
.495174200
.467853500
.480285500
.470906200
.462014900
.486473399
.459365300
.470919000
.483457700
.500629200
.470636700
.471723700
.511333500
.459956400
.509212901
.477769100
.456904600
.496563400
.477792000
.467089500
.564314400
.450900800
.460197000
.444333700
.474312400
.468480200
.477740999
.470349700
.435026500
.475437501
.507860900
.476019600
.482785100
.488118200
.480367700
.433287400
.453298600
.473070200
.457738800
.482224400
.492327800
.423481000
.457786100
.487279100
.456533300
.462078499
.461068300
.470673900
.447997601
.476656200
.479068600
.453712400
.481965400
.451544400
.483422700
.467236301
.444651900
.471386000
.473215100
.457117200
.474676199
.475692100
.506348900
.451226600
.451546001
.499429700
.468145200
.467036500
.448201100
.469046500
.465788500
.476420399
.460588800
.468561601
.462214600
.473871500
.480941900
.492338900
.454944600
.447092000
.473580800
.494545300
.466685300
.441860300
.475285200
.467288900
.459416200
.456820200
.470155200
.440904200
.438645500
.462936000
.466503100
.495657699
.455593600
.462260300
.499737001
.482857000
.433583000
.454280900
.463941800
.460920600
.423851400
.451634300
.469941000
.423442700
.464724199
.511613600
.459510400
.475707201
.470307100
.431302600
.456269900
.450945900
.464262500
.434382900
.461036500
.469114500
.444115099
.479117101
.455625900
.442426400
.452338099
.467827600
.425862400
.447189300
.475702400
.472004400
.433001001
.472142400
.476645100
.458972100
.484136000
.431627700
.439258900
.476242100
.475783900
.471968899
.464495201
.465551700
.466878300
.484284299
.458384102
.477176500
.458877500
.457034100
.461103100
.456563700
.510490600
.485541300
.471878199
.467254500
.486745300
.449375900
.474576800
.479938000
.452828600
.488347499
.461103400
.455215200
.506291300
.466601900
.465862901
.460560500
.480315500
.452152400
.466748500
.461148000
.437358400
.458335100
.463256300
.467136700
.463252300
.483055699
.456277600
.460716500
.483388701
.477694600
.447293900
.477172300
.482440600
.487119000
.474512600
.478323500
.452538900
.467759400
.487441100
.459286100
.425456500
.470523000
.461772000
.458930600
.500064799
.478125000
.459468500
.548305101
.463081100
.436264100
.554718700
.490551500
.440664100
.470358399
.493533000
.476904500
.463021101
.476520300
.451753800
.415027600
.476033400
.453018500
.439812901
.479780800
.472591900
.441407800
.483957200
.490545600
.448083800
.487894699
.454469000
.483974600
.484476201
.494416500
.453196000
.455565700
.488568600
.449702900
.459896000
.479473900
.447651700
.438410100
.577804600
.458707400
.456950500
.507992000
.461280400
.427150000
.480947599
.479588700
.460442200
.464780701
.454698500
.454138400
.468503399
.473517900
.487397800
.456844301
.473759400
.491317200
.477346299
.476370200
.468522400
.461983401
.456945800
.471424700
.469317100
.477024499
.478676100
.470002100
.492785400
.503603500
.455379600
.480678000
.470850500
.457398200
.526911700
.477611100
.466442400
.494409999
.463264802
.454556201
.470175000
.486718599
.496053801
.452362900
.472086800
.504579000
.472064000
.486621099
.458005300
.459285801
.514751700
.449719700
.447295500
.483107700
.452888800
.448091300
.488709700
.491073600
.461154100
.476879799
.482158000
.484626200
.471784501
.459865200
.472773400
.446116700
.487418800
.453570200
.463724800
.649412200
.456020500
.478666099
.482114000
.477424200
.459884500
.473971200
.467881900
.439810301
.479855400
.475010100
.450388500
.489894798
.472012400
.504729101
.495493299
.471979900
.496722200
.482472400
.471224600
.482511100
.488988700
.476628100
.490097700
.488861601
.468638200
.462806000
.489564600
.503014600
.468219500
.483861799
.490058000
.455245400
.454513701
.636267500
.460032600
.476476600
.464505900
.455911700
.468099100
.472602100
.530274500
.445531699
.482595600
.460069400
.488592301
.476715700
.449667100
.490352800
.462028600
.463383400
.465109000
.496357800
.453420000
.455634100
.484649800
.462419500
.447706800
.445111900
.460722800
.462319200
.458942800
.478546800
.490177800
.467289300
.476218100
.469755800
.460794099
.476442800
.462674200
.451262500
.504533500
.467304000
.458275900
.538271300
.501118400
.471108699
.478005801
.481888400
.433246500
.513568400
.488049200
.460656900
.478144100
.486441800
.503805300
.481079700
.464849300
.430732200
.465387799
.445470400
.470613502
.442530900
.466109100
.496054599
.427282900
.483246301
.459898100
.443356100
.483169400
.484189000
.459120500
.459212099
.638654800
.471260300
.490971700
.491805700
.472743600
.468915201
.471277600
.461611800
.448947899
.475830700
.447701800
.439204501
.492810200
.460008200
.508324800
.465591000
.470339600
.434879500
.449003100
.498451700
.450791100
.446435900
.467290200
.493366300
.466900400
.475565400
.465996500
.454302500
.459025200
.450042700
.450460500
.447051500
.442899000
.421740600
.493237700
.530744600
.438522200
.452726500
.447199400
.435003100
.433188900
.453302200
.477297200
.453820400
.482719000
.463351200
.615336300
.464752100
.470332300
.478138600
.509066000
.469673600
.474259100
.474375900
.462757100
.465147300
.505915599
.477290200
.437291600
.486395501
.467832300
.444219700
.477514800
.469192000
.447406000
.450906600
.469564600
.467835900
.468145800
.510594100
.458053900
.457689400
.489370400
.454976100
.457431400
.503177100
.511324300
.473784300
.536011400
.467906400
.457312000
.525064400
.463954900
.456516200
.487865500
.467264100
.427990700
.514938700
.475927600
.463862100
.478368000
.464761300
.495413200
.456912299
.474001000
.464661500
.452946901
.507104600
.482317800
.479997800
.472114600
.457399700
.464892100
.480016600
.513828100
.454331900
.471419000
.473294800
.481472700
.510530699
.449036800
.441710800
.477910200
.471270900
.464747100
.487948001
.459033000
.456807000
.507732199
.485637300
.508029600
.467604201
.489792200
.469022800
.463404899
.477493300
.465507700
.465546201
.476477400
.505479800
.459489000
.508664300
.481437000
.433043100
.474746400
.490052600
.446252000
.489133200
.506687200
.493718500
.493743000
.484282000
.455001800
.487584000
.457567800
.445396800
.462910200
.457232600
.449896300
.423705100
.490518800
.485437000
.427895698
.485011699
.470841500
.433809600
.482287100
.450875200
.473073400
.496335000
.550353800
.757315200
.771390600
.800222900
.483752999
.458207500
.442339401
.464262700
.464946600
.460987400
.495592900
.511597400
.471701900
.498061300
.479928500
.460767800
.488747400
.449378000
.451085200
.491420100
.494479600
.459101300
.492833899
.466529300
.550179100
.480178601
.466214300
.450906700
.505912200
.475881200
.453841900
.461940600
.447936200
.456087100
.446411900
.479606200
.442140000
.421658300
.479743698
.470584100
.465123600
.490146101
.477279600
.447737500
.507528000
.487154900
.674138100
.493889200
.468171900
.488152900
.498213700
.475162800
.484089901
.463769300
.476338800
.453643600
.513165699
.475964100
.460482900
.499900901
.457715500
.469815200
.531196400
.477717800
.443771601
.500590399
.486419300
.471884601
.468073700
.480901000
.457293600
.436246700
.498551800
.409619200
.455364000
.484175600
.475324700
.459036000
.464949000
.482555700
.454340400
.490978200
.490382700
.461384400
.465962200
.525946300
.466632800
.461590500
.479780400
.446294800
.435825800
.494002400
.458668400
.429721800
.507731699
.478495200
.460103800
.490864801
.483840200
.453017400
.470818400
.465157500
.458375700
.476748099
.474220000
.405534800
.455456801
.476609600
.454751400
.474352400
.449705800
.466694300
.458470800
.460339200
.467040300
.468803200
.485357199
.501037800
.466355200
.502944201
.474444200
.466394000
.483978500
.474958700
.448990500
.446656899
.495665000
.473807400
.463800501
.492704900
.466183000
.454336600
.477946200
.465191800
.452380801
.484515599
.474402900
.461911901
.472287000
.470358100
.475976200
.532183299
.443827500
.468813300
.482825001
.475856300
.512624800
.518846900
.482599300
.508066700
.494566200
.468010600
.487484200
.488787999
.488393900
.459979101
.485740600
.486533500
.489532600
.472299999
.492090800
.474391900
.461954801
.481958700
.456702000
.437162900
.476425900
.459074300
.486449700
.486304500
.459707500
.458331600
.463651099
.485737700
.467222800
.480698101
.457209000
.464149300
.478806000
.457692600
.491622800
.466424300
.480437200
.604705600
.480958600
.466709600
.446519000
.464098699
.472600200
.501913300
.463599400
.482368600
.479982200
.475429701
.492449100
.460783900
.448133100
.495217700
.458109500
.463875300
.497165400
.482796900
.459029700
.512852299
.491991300
.443725900
.488785500
.478713600
.454102600
.478477700
.487454200
.470830700
.500963200
.479053900
.458031300
.478588700
.447442800
.621362000
.483327500
.456728200
.447759800
.474263999
.474938500
.455841200
.452911601
.450318400
.465529400
.458620400
.471820700
.455098200
.459701400
.474656900
.490332400
.459962900
.490312399
.467640400
.443075400
.457855201
.484832200
.470583700
.469779199
.470606300
.492420400
.481419401
.474719900
.483407700
.433750500
.481497899
.467456400
.466943500
.483361200
.444826500
.467497600
.487009800
.461384000
.462069100
.485208200
.492422100
.492134300
.459300000
.479407800
.463707100
.441597299
.496335400
.465832600
.438804801
.495494500
.460315800
.462733700
.453711999
.474333700
.459381300
.523249302
.459242800
.474788798
.498733200
.486032800
.458831700
.490008201
.527566399
.441659800
.491153101
.470737900
.461273999
.446756001
.490742400
.466170200
.479652800
.477597300
.453406400
.445570700
.493529500
.490425500
.441053800
.491927800
.510250300
.478276201
.462568000
.475439400
.475827700
.504485800
.484570900
.448405700
.505521800
.451216800
.458846800
.441994700
.466539700
.464150600
.455505600
.468954800
.511943800
.448595100
.460562500
.456251400
.470737000
.483304100
.490335500
.475707600
.510714400
.463472000
.530850401
.509148399
.449144400
.458535900
.461733401
.454799100
.479156800
.478795399
.461945001
.484047999
.488703601
.499462600
.476786800
.452623300
.495100700
.444863400
.456079900
.477886300
.470009200
.471227500
.497534100
.464199600
.439779400
.493035900
.470317900
.433681600
.486870500
.490512499
.462715400
.482364101
.563720400
.473001300
.466184899
.488738200
.521317500
.492520201
.459542300
.463666200
.473851200
.477961100
.456052300
.480164600
.476784700
.459963700
.464676700
.485032700
.439193000
.455637700
.495928300
.473070800
.453851901
.487327100
.520542400
.452390400
.480852800
.468472600
.474785000
.489322000
.479628900
.473375900
.505924100
.490809400
.449071200
.489174900
.479798900
.472658200
.492617800
.467016000
.443089200
.466806300
.474869200
.470081200
.494939999
.484987200
.496479700
.456442901
.460852200
.472647200
.458546199
.508685400
.461361300
.437824801
.487208500
.466101700
.455964800
.447264500
.489683800
.487917700
.516154800
.461893900
.457087400
.485557800
.453706300
.468560600
.427299700
.467680700
.436759100
.457631200
.476939800
.438935000
.470681300
.476290899
.452730400
.454792700
.507119901
.490501900
.491399900
.466041399
.471970600
.512661200
.473224001
.464511600
.453992500
.450151900
.467200500
.450430800
