.221515200
.234680700
.231987400
.226291800
.233770200
.228383300
.235772900
.225726400
.229029300
.235635499
.228693401
.223336000
.221294500
.228964400
.230452200
.233289100
.224919200
.235236600
.231369900
.224772500
.236786000
.232703700
.228804299
.234068900
.232496400
.234379000
.233964600
.237558500
.231341400
.227441901
.242100000
.224475900
.233148400
.230831700
.228043200
.233984800
.240009400
.245139500
.242506300
.221149200
.228144200
.219440900
.233883900
.225929000
.229110400
.233450599
.230748900
.229506300
.233519401
.236769200
.240434300
.227497000
.218273300
.227369700
.221541300
.217875600
.225550100
.237456000
.222778500
.226904300
.231642899
.224694200
.225418500
.232576300
.227611400
.231610700
.237463800
.237293600
.230535300
.234017000
.236544900
.230441800
.237933100
.231085199
.227010000
.237875900
.231229200
.225212100
.229560400
.233306000
.229720801
.229311300
.221234900
.230605700
.231036100
.221968600
.233696099
.229344200
.223405300
.224160900
.230702800
.230452900
.225369501
.217156500
.227897299
.225646200
.229687000
.227848800
.231669600
.235890400
.228634000
.229351600
.230606600
.232849500
.220924900
.234262400
.229371300
.228885200
.226333600
.225729600
.228857700
.218944500
.223631001
.230482699
.228641500
.216548201
.223784700
.229565800
.225768200
.225849599
.228048600
.223945300
.231933000
.229416300
.229704500
.245518101
.236668600
.241442700
.238071699
.224371401
.231721900
.233230899
.216696900
.235762900
.224847000
.225953300
.220924400
.222181900
.235946600
.222320700
.215076800
.224699900
.223667100
.223321900
.225298700
.230760200
.226356700
.222519700
.224228200
.224816601
.228940300
.220010399
.224503500
.228473900
.230028200
.225081800
.224359800
.220001601
.221608200
.226465900
.229329800
.230699000
.227115400
.226530001
.230605800
.228919700
.224530700
.227287900
.228051200
.221351800
.218106599
.231926600
.225621800
.227123300
.221626000
.222742700
.225472700
.226096801
.219087600
.225790200
.224730600
.226030300
.229997400
.224053500
.222150900
.223876300
.222513300
.223243400
.224899300
.222102200
.225435699
.227462100
.216520600
.204533800
.231174500
.229493200
.231067201
.228458800
.231652800
.231685100
.232467200
.231558200
.224391800
.228649899
.227188700
.226479600
.216329200
.226426600
.223760300
.231852801
.228474600
.229361200
.223819500
.231774000
.229421000
.234486000
.239782999
.221472200
.225081501
.232193100
.221696099
.228637602
.223043199
.226355000
.222367200
.230754000
.226027300
.224382900
.228746801
.225002100
.227752200
.220114600
.229744000
.227282500
.224714400
.223256701
.223012400
.226827500
.227576800
.229354100
.224225000
.226591600
.227792800
.229347200
.227172800
.220772900
.223666300
.226056900
.222027900
.210468900
.203112000
.216950600
.222992700
.223469100
.228049100
.228813499
.223631300
.228687400
.233162300
.227158800
.224526100
.229947501
.225252900
.226578000
.228289500
.224726100
.222347000
.221353200
.230156800
.236929400
.232666000
.230055600
.225649400
.222553500
.228396899
.233493300
.223691100
.223039600
.227894400
.225107600
.225525800
.229225701
.225999900
.218376100
.226243100
.224249400
.224140200
.216774500
.228239800
.224844700
.228177500
.228298800
.226056900
.225812500
.221655000
.232411800
.225235100
.223538300
.227005400
.220537400
.224805700
.219395000
.212618400
.228024200
.224345400
.227702200
.230829000
.223990600
.223326200
.221887000
.226603500
.222475800
.222422300
.211522400
.226573701
.225402800
.224669400
.227805700
.227474800
.222537400
.213412100
.227354100
.220281200
.224183000
.232199700
.226354600
.226386100
.219882999
.223425200
.225546500
.226575300
.226748700
.227872200
.223742101
.227638000
.229168500
.220927500
.219975400
.226803800
.226193399
.229172801
.221359300
.226058300
.225227600
.224505700
.232516499
.225763801
.229025500
.227662300
.229325000
.231536100
.229674099
.226734701
.224703800
.215462300
.225565800
.222543900
.219882799
.221853700
.211805501
.217600000
.222670300
.223135500
.231312200
.225237199
.230034801
.229480700
.226468100
.230627000
.231254500
.234222900
.218733399
.226634701
.224145100
.223712300
.225742500
.229415800
.223321000
.223781000
.227323600
.226058200
.220247900
.223869200
.228306600
.226286700
.220766199
.226541500
.226442900
.223670600
.223682300
.224451800
.222807800
.223233801
.227990400
.227131500
.225122400
.223839500
.219818400
.230045699
.229357000
.213927100
.228113000
.228814800
.222516900
.222502900
.236036801
.223646500
.216370900
.231171000
.226962400
.226940599
.227563801
.228540000
.230846900
.219426500
.226776800
.224633400
.226552899
.228009200
.222012600
.229164800
.218989500
.219055900
.223750200
.219065401
.230137800
.226021699
.225074000
.215830100
.229808000
.226809800
.220003700
.214652200
.222984000
.224005400
.227312100
.213757500
.222077000
.226396800
.224570700
.225097700
.221270500
.225570500
.221731500
.219993101
.223588100
.221743500
.222110300
.227770800
.221457300
.223655000
.216216399
.220025300
.228211400
.225166400
.219961800
.227023800
.224516301
.221928300
.213910800
.222913500
.227855400
.220257700
.222805400
.224930399
.228221400
.227664600
.227421700
.225960800
.217820300
.229509000
.225871501
.227933700
.223786900
.230702400
.229003500
.228786300
.220878299
.221239700
.229769600
.224320800
.222930000
.222995900
.224340301
.221818100
.222529100
.225728600
.229084500
.228417500
.222570000
.226014299
.223086900
.224647900
.224714600
.228136200
.228931400
.226936201
.217715500
.219667400
.223398600
.223941600
.227436200
.226470700
.225160700
.224891000
.228880800
.228067500
.227372800
.232283700
.227174700
.228772699
.228293600
.226922000
.223017500
.224985400
.232488000
.224685301
.225674600
.220715600
.235207100
.221257400
.227109300
.229270899
.226739201
.223624200
.228667200
.226859600
.226387300
.222850300
.218350800
.227965300
.223728800
.220437100
.223076300
.226200500
.220723999
.225793401
.222485600
.223969800
.225661900
.224981300
.225369900
.228644799
.219322700
.219947100
.224322400
.226731900
.227696300
.226007800
.223200600
.229647600
.227101900
.224526900
.220542800
.222829700
.226084001
.219297700
.227294800
.228948900
.225602000
.224489300
.222515300
.221440000
.223862000
.218908000
.222019300
.227484900
.219993300
.218163199
.229102500
.226846000
.224674400
.227799900
.226536200
.224812900
.222950200
.220124300
.223634600
.226760500
.229435400
.228816099
.226303100
.221681700
.224971900
.223904800
.225091500
.227338300
.226813200
.225623600
.221461600
.215736400
.228349700
.227984700
.224704900
.225040400
.227335499
.228258400
.225587000
.227234200
.224283400
.229118000
.227249101
.224592500
.219661000
.222552900
.224643000
.228466400
.224388000
.226303600
.224395900
.221575000
.229369400
.227866099
.226114200
.232068300
.226599900
.222008300
.228296200
.228538900
.220583800
.231230401
.229268100
.228077500
.221057800
.228270500
.232476700
.226360400
.229377200
.224680600
.221370700
.223210700
.221777300
.225853900
.227331700
.224928401
.227553000
.224649700
.229470900
.227277700
.224693900
.223701699
.226576700
.224824600
.225381400
.217787100
.229835300
.222600600
.222734601
.227731900
.226292400
.227687300
.220149000
.229241000
.221163800
.215691700
.228486100
.226911100
.222043200
.226080100
.230983999
.222359301
.224591800
.219248900
.213678500
.225036700
.225214500
.226611300
.224753800
.222125200
.219819300
.229297400
.226049200
.223389100
.228737399
.227023700
.230355800
.222827800
.227395700
.225376400
.222710901
.229642500
.226703400
.221798400
.225441800
.233520300
.227566000
.221877200
.233879600
.233024200
.232633300
.234393400
.227278800
.217745100
.229568200
.225504300
.227570700
.224818000
.230109500
.225666400
.223247999
.222544100
.226074400
.218091200
.225951700
.233811400
.230690701
.223915500
.227593600
.228278300
.229084100
.228859800
.221271800
.220743299
.218985400
.225623300
.225901500
.222450900
.228911400
.225986001
.227997000
.222160600
.226549200
.229933600
.216572100
.236237100
.229727400
.235223400
.226086400
.230726400
.217280600
.227820400
.224274900
.225865300
.226060000
.225745800
.225537700
.224079300
.229189000
.227662100
.222744300
.224353500
.226328000
.234025400
.220407800
.221791399
.228564800
.226880600
.262679700
.280371600
.230368900
.473132401
.595792200
.236151100
.219248100
.216695200
.228656300
.233165200
.233137000
.228460400
.226312299
.228880201
.225406700
.223597300
.222498000
.222396000
.226539900
.227225100
.226965800
.227081300
.222853300
.226296100
.231897200
.226046500
.219209700
.213505900
.225582200
.225575700
.220778200
.222529700
.222196700
.227953100
.227667200
.224911800
.226436100
.217454300
.212371600
.232075500
.222773900
.216204000
.226393500
.224977400
.237296900
.231096000
.229018100
.228220600
.222589700
.231075700
.223198400
.223868600
.223075000
.229818700
.246354300
.243799200
.225171901
.227954900
.225876600
.225688400
.220518700
.226650600
.221501700
.227411400
.224570900
.222339600
.218281900
.223104300
.223462000
.231704000
.223586800
.221572200
.216081100
.224066600
.232209100
.213297300
.222030700
.223679500
.224466200
.231141300
.226218200
.222969700
.221425700
.227978100
.227641000
.225115000
.222100900
.219518800
.224559600
.223530700
.219935400
.227548700
.223915000
.224160200
.222642200
.226037100
.218519900
.217192200
.241145100
.228080000
.221232100
.226887800
.226722200
.218600600
.233178600
.225268200
.224105400
.222841300
.224353700
.227716800
.216578700
.224128500
.213670901
.226438500
.226630200
.221686600
.228917800
.224783900
.222522499
.222041300
.225061700
.221463400
.228911900
.227410600
.226772900
.226549001
.227563500
.223947300
.223576800
.222057500
.220457800
.222670700
.223589100
.220040200
.221328000
.226289800
.225738800
.218727100
.227822400
.227204100
.222701300
.230280800
.226131200
.228139100
.232724100
.227450700
.230719200
.233211900
.230551400
.232413400
.234698499
.224431001
.228853800
.232161400
.232816300
.222274700
.236018400
.229658300
.226962300
.232745500
.229653800
.222155800
.228077900
.230346200
.231171000
.222665900
.223157100
.225749100
.230549600
.231119600
.222722300
.227709300
.229076800
.227209700
.230416600
.226332600
.226809600
.223631600
.221762800
.225173400
.225752900
.222734500
.226542700
.228046000
.230036000
.234641500
.227318300
.228222600
.226534600
.230117400
.229444200
.226944700
.224462800
.220859000
.236013400
.236493100
.226052300
.222753400
.233187900
.232242200
.228240000
.222355300
.229759800
.230639100
.236350000
.224527800
.226985700
.227668900
.224341800
.226944899
.227114700
.231429900
.229095500
.224162100
.225343100
.224585000
.227628900
.233603600
.231506800
.229907200
.227397700
.225112700
.224709200
.227305200
.232790800
.229725500
.227234000
.228495800
.228941800
.219889100
.219578500
.227506100
.227530900
.231141400
.230903600
.228015900
.231484600
.231047200
.226401100
.232678700
.225307400
.228049300
.227118900
.228028900
.232690800
.232574900
.226636400
.229354599
.223708900
.227122000
.234512800
.227214300
.228636100
