.236751800
.231540700
.229698300
.221608000
.222165200
.226102399
.227132600
.226345000
.233977200
.225766200
.232670500
.223844101
.222440400
.227238600
.226978700
.223556400
.220222700
.229233100
.223651400
.226009300
.219244800
.222869900
.228572300
.216541800
.216719500
.229575800
.238711500
.233206400
.228628800
.222678800
.229428600
.229095600
.222485500
.224322700
.216652200
.239700100
.227567600
.218230601
.223049300
.228050000
.233878900
.226819200
.222117000
.222310800
.223118400
.229297900
.221904000
.233981500
.228165000
.224169300
.227868500
.216979300
.232627200
.232773600
.225708200
.224142800
.227775600
.228347500
.219302000
.223070000
.223867100
.228097400
.223722900
.223033400
.221021099
.227570000
.227630200
.225726800
.222790800
.221689700
.227389501
.231425300
.229318800
.223374800
.230537900
.225492300
.225452600
.223606701
.216272800
.227605300
.233755200
.223953100
.220037300
.222025400
.226943700
.218900800
.227072200
.230339400
.229163300
.221314300
.228267100
.221993100
.222573200
.226296700
.223878500
.226064100
.223805700
.230083200
.223347800
.227828499
.223685200
.219731700
.227581100
.220688401
.223572600
.231872700
.225943600
.218141100
.215422800
.226158000
.225598100
.211594200
.228217200
.222221000
.219732400
.229573900
.220962399
.225736500
.223468600
.226936200
.228701600
.224339600
.227259101
.227613100
.223621100
.225027900
.215921600
.222830400
.219630600
.219916499
.221545100
.217960200
.230337000
.221808400
.227358900
.226745400
.223536900
.223139800
.209983700
.199768600
.214323400
.227799900
.225423601
.215855600
.208236300
.220219600
.220996900
.224517100
.211640600
.221987499
.226458600
.219719200
.221070400
.219465100
.222338500
.227166800
.214183500
.210226000
.214638300
.224266500
.227328700
.231284400
.225144602
.222080400
.225888100
.230010900
.227735900
.216420800
.217560200
.219141500
.223209100
.220048400
.221379600
.226661600
.227197900
.220244400
.217043200
.218768700
.222927000
.223817200
.225772000
.220450800
.222843100
.221797600
.221390300
.228549200
.224551400
.226698800
.221321900
.226562800
.225179700
.222568600
.226480400
.223661800
.217725400
.219068100
.218678899
.218978800
.221308000
.223966100
.227288501
.218847399
.222313699
.226005700
.226668600
.225282900
.220574100
.228109400
.225628900
.225501600
.225485100
.217658000
.223008400
.220006600
.227144899
.233981201
.227456700
.221420400
.218501500
.224333000
.228183600
.221844799
.219706399
.211688000
.217389500
.220056700
.213655400
.216436600
.229430900
.221692201
.226097800
.219927500
.221811400
.223480600
.222135500
.227056100
.222403000
.221358200
.219913600
.225046600
.232233499
.219219202
.221772899
.210445100
.224938200
.224426600
.215156300
.220378000
.218857400
.221561200
.227520800
.219605300
.219457700
.222663400
.219658700
.223732699
.220234000
.223759600
.224444500
.215240500
.220931500
.221330300
.220521800
.216183800
.220980700
.224341200
.221633800
.222431800
.225035101
.223840600
.226279800
.218862800
.221284500
.225659900
.225870600
.232636999
.218778800
.219552800
.213287200
.224478200
.220443700
.222736201
.223354000
.217808100
.229416000
.223839199
.222201001
.219031900
.217293900
.223064300
.225690000
.220914300
.210551300
.215670399
.232105100
.221959001
.217930800
.220988700
.220980800
.217745000
.215426600
.220053900
.223467500
.220776800
.226158400
.223732600
.231857800
.249686999
.221165601
.222867100
.225851000
.220845400
.228588700
.218868200
.224857600
.226657801
.228869400
.222828100
.219969700
.228658000
.228663600
.214986100
.226334300
.225654900
.224685700
.225533500
.226172500
.227507900
.221999799
.235399900
.236922300
.214514100
.254700400
.225672400
.231262801
.232072700
.229970800
.220446000
.220579900
.224843100
.224368500
.225180601
.223892400
.220538800
.222764800
.220844900
.218345600
.226336600
.225454300
.221354800
.220174000
.239752299
.222113300
.216385700
.227336401
.231764200
.224060600
.216886300
.223398700
.227900600
.226591600
.229851600
.225528200
.219766500
.213585000
.231871300
.218936600
.225105700
.233047200
.229416600
.222519500
.217843900
.230089000
.224008599
.225474600
.227433600
.223536800
.222336300
.225411100
.224533700
.223498001
.219489400
.220016100
.224481700
.224904900
.226328200
.219658500
.229010100
.227295900
.224165400
.230444000
.224766200
.227459100
.215831799
.225694200
.223301900
.221966400
.220921500
.225662300
.225984500
.222214900
.224762100
.229789400
.229260600
.232873100
.231415500
.221653201
.227785800
.221953600
.223015200
.220848000
.221233200
.226470400
.223425200
.219509500
.212476400
.225055500
.227147500
.226558000
.226042100
.221207400
.218423200
.221090700
.218067300
.221154200
.226459600
.219429700
.219559500
.221186300
.220438600
.218328400
.210897400
.217663999
.220948100
.222887000
.228674300
.232090400
.228337200
.219902502
.234993100
.233297300
.222886100
.231473900
.228866200
.226289300
.234809900
.229159400
.232164500
.228112500
.226243200
.229270400
.211687400
.222981300
.229195900
.227473500
.232082900
.227719900
.222701900
.222870900
.225128499
.230618500
.225042900
.228838600
.227915400
.222016900
.214309700
.223251101
.224716900
.226067500
.223840700
.228293800
.223099100
.225684599
.226127400
.227358800
.222502600
.218931700
.218706400
.223847401
.224961400
.220612500
.221765400
.222425000
.225181700
.217840100
.223303399
.223821700
.221433100
.226854500
.224633000
.221430600
.214700700
.213117100
.214699000
.222120400
.219637100
.224254700
.221922900
.217048700
.223604100
.221856300
.220564600
.218614600
.222806400
.221922300
.228960901
.226599900
.218941700
.224456200
.223757200
.222546800
.223474199
.220090100
.221281900
.221951500
.225805100
.214299100
.226869900
.223609301
.224681200
.232790700
.226857600
.219906800
.223837100
.218037800
.211751801
.215466400
.223048500
.217746000
.218616199
.222705000
.223091601
.220141100
.218361400
.213461300
.227292800
.222197899
.219132001
.220803100
.220304700
.224715800
.225354300
.227165199
.224618801
.224099299
.234529800
.225371200
.221802100
.234140501
.233129099
.219448700
.223825398
.225260000
.223744800
.224060901
.221371899
.221811400
.225727701
.223337000
.229048300
.225170900
.225834099
.223390200
.220522400
.222498401
.227136700
.218599100
.212618100
.215500000
.222522200
.224505700
.217992400
.220530900
.223648300
.217387999
.229370500
.232580300
.230230900
.218708200
.220544500
.225816800
.220726000
.216099300
.219239600
.223223101
.225939200
.225861900
.217154300
.225639200
.214656900
.231055300
.231760098
.221166300
.234972600
.227286000
.228278601
.230668200
.234858900
.230522400
.218980600
.229732600
.226960600
.229302500
.214270000
.224302800
.225522900
.233711700
.227426400
.232079600
.230789500
.231041700
.226789000
.224194400
.231529900
.227792100
.232231700
.229027000
.232321400
.220073800
.220509500
.225174700
.234366800
.233136700
.230445899
.224356400
.219688000
.226788500
.223087900
.224654600
.216803701
.221904600
.222639900
.221353200
.223031300
.218016200
.221588700
.224659900
.225989500
.218315600
.216705700
.222655600
.223705700
.218655900
.220444300
.220957000
.224297000
.231366300
.219506000
.223620900
.220428200
.219867500
.219850100
.221906300
.223888800
.220624000
.218825600
.220761300
.222726900
.224570100
.230081000
.232798600
.227712900
.225728000
.222583100
.221524100
.226641000
.224224200
.217742900
.221309100
.226860199
.232195200
.233087100
.234333401
.226316700
.233177100
.222180300
.227406900
.229880800
.226351600
.216909900
.224854300
.230391000
.228046900
.226195500
.228858200
.236556900
.229163400
.228404900
.217293200
.212632900
.230491000
.224134300
.233736500
.228289400
.232984200
.221998699
.222564600
.220922200
.222675200
.227100800
.224809600
.219381200
.226146501
.218242800
.226549200
.217741700
.224681700
.219338900
.228433400
.226019000
.222951600
.224125700
.225451900
.228371800
.232761900
.223245600
.226710900
.231278000
.237811200
.216444400
.228508200
.222981200
.226983100
.229554500
.229596600
.232279600
.215767500
.223839800
.231306200
.229694100
.228080500
.227011000
.224109000
.219020500
.231826299
.232483400
.215573800
.224693700
.225115500
.229646300
.227804300
.215487900
.222189200
.226705600
.224803300
.227721500
.229158300
.219657301
.229091300
.225414800
.224861000
.233077600
.226479000
.226754500
.237334599
.228940500
.225679300
.226623300
.235545300
.220428700
.229238500
.234148900
.230008800
.226694600
.231839500
.227870400
.217462202
.217036600
.230964300
.228027800
.225562400
.226176500
.223958600
.218702700
.220027800
.226674900
.229788700
.231116000
.225461600
.225983000
.223127699
.228599700
.230820400
.229871500
.226490000
.234602600
.227503299
.228297100
.226543500
.232981600
.228519000
.218664700
.229238401
.219751900
.211609100
.226931300
.227143400
.224354000
.218496700
.217636300
.220270200
.220004300
.226797900
.220815000
.218237900
.223680700
.219017800
.228126200
.223571200
.222180200
.220583100
.212255700
.215274100
.225710900
.225802200
.221638400
.220602200
.223125500
.223737000
.219137800
.223067000
.222985500
.221517800
.217982000
.211878500
.228644700
.223689800
.228720900
.223562600
.223616100
.222655600
.228546000
.223774399
.223066500
.213758100
.227711700
.224233300
.222735200
.221672100
.225198300
.224678100
.223907400
.218581300
.223288300
.222823500
.225235001
.220071700
.220205900
.222283900
.224367900
.221161100
.221040000
.225783000
.224072800
.219259800
.218369400
.226732300
.226182700
.217140300
.214990100
.220510600
.223709900
.211866000
.217943800
.220832600
.223895099
.222788600
.217052500
.228000200
.219555000
.218104100
.217527600
.219559200
.224777100
.225929800
.221559100
.218489300
.219424800
.224166400
.229624501
.229315500
.226572500
.218886700
.226930800
.222930500
.221776799
.236606501
.231247099
.231387800
.237482901
.226523500
.226249600
.219462100
.235455900
.220555900
.225930700
.224328600
.224688001
.224824099
.227891500
.232251300
.233840300
.219282000
.223574300
.231822500
.234072400
.227891000
.221087400
.221263300
.231698100
.238819900
.218254699
.220480400
.228982400
.222689200
.222870200
.225704300
.224345900
.222691400
.216491600
.228568900
.222826000
.222361500
.219740800
.225067100
.225698000
.223909000
.219852900
.222012000
.218381000
.223059400
.214776500
.227848900
.226538700
.216410800
.227444100
.224967100
.230015499
.220015900
.216853600
.221264900
.220997500
.223172900
.227314600
.223383899
.223624000
.219301500
.219461300
.217672800
.222556000
.226014300
.216897801
.209483900
.214530100
.223281900
.218316900
.211948100
.220743600
.218883600
.222225800
.220701600
.225788200
.223811000
.225570800
.227637500
.224066600
.220785500
.219628500
.223375300
.224818000
.227356100
.227609801
.224577200
.224445400
.223717600
.220969100
.220703400
.224856099
.217339300
.226160000
.230642200
.225215701
.221502601
.218611899
.219970901
.222109100
.221723000
.216639100
.220160500
.225515500
.219105799
.224510800
.224255200
.221152700
.222936600
.227264000
.227870200
.217084600
.222507100
.220038200
