.892754600
.886901500
.353670100
.932304899
.827433601
.853954700
.545463000
.442041400
.456449599
.455547202
.487515000
.450381800
.561616800
.470587999
.442089900
.445544200
.435339401
.619561600
.355819900
.513634499
.354085700
.590650200
.446891401
.449793600
.523266400
.498428199
.335810200
.460848200
.527080501
.574308999
.528350500
.347668401
.468706200
.456147800
.443181000
.385943600
.395620200
.515299700
.445186800
.571260700
.541805800
.506910800
.644971500
.460965599
.532444000
.564997200
.462933601
.544950100
.392961500
.331355800
.515533000
.348164900
.521354400
.556587400
.347435200
.430587100
.417620000
.354919400
.342855100
.408629600
.465727500
.560803700
.524632400
.562544500
.394765800
.342134500
.449041600
.533003400
.569419800
.347478299
.436723300
.350826000
.601558401
.358216500
.557061000
.569023500
.352351500
.528215700
.447252300
.575254500
.616053300
.674596200
.655019400
.518268300
.419881800
.526575900
.528941100
.517653099
.350581100
.454829800
.466812000
.546446400
.506014000
.558147099
.350266700
.356302400
.516089700
.589072400
.379796300
.546118501
.338411000
.458906200
.357760000
.356350700
.365313900
.362093400
.348315500
.493170400
.343263000
.446022300
.368184899
.347224300
.616014200
.353556000
.541514201
.527718300
.355104400
.589908700
.530654100
.346893600
.357131799
.346002600
.523941700
.349271700
.349435800
.558537900
.348691700
.353140801
.366636600
.531957900
.509831700
.542230700
.356829100
.559057800
.357684400
.531677000
.356587000
.536456799
.374293200
.362489100
.484582401
.354129200
.542666900
.433333900
.548396000
.555521799
.565283101
.361382600
.585267200
.380739200
.411884400
.502604100
.442076900
.548256800
.600669100
.351077800
.613872499
.370897200
.351968200
.515572601
.568389500
.524379200
.354174800
.388041700
.355882300
.356481800
.534097600
.525268600
.447434600
.460672400
.455901200
.539389000
.378298200
.532371700
.434773200
.599254500
.344911800
.355554800
.374413400
.343736700
.353518700
.462709000
.341746700
.345647500
.375388500
.611870000
.344559400
.618433101
.343597000
.559199899
.369023100
.670588700
.349503700
.619166301
.518271000
.342016800
.562286899
.384179700
.507059700
.360329801
.354054100
.351567500
.551988800
.655890200
.376305500
.575992600
.563672200
.353387500
.348623000
.356639201
.564518700
.525548500
.452514800
.366872100
.339505500
.532582600
.536087100
.378410100
.524537900
.476086400
.623380500
.479120099
.477497100
.543603100
.351670201
.364514600
.375139700
.366834500
.351712299
.354116800
.347050000
.658964200
.657565601
.573559900
.584718500
.360323600
.623147400
.363881600
.587918500
.343101300
.348242600
.492481199
.375298200
.630120600
.592288501
.696021500
.656516100
.357620100
.570267200
.425889600
.567972000
.557231700
.356996500
.343897500
.684665300
.391573000
.632900200
.552864700
.474473800
.450111600
.674211301
.384104400
.604607100
.366058900
.570089500
.549288500
.357669600
.368218800
.529027500
.345541500
.541768300
.356813300
.603980600
.606839899
.537081700
.557142400
.576232401
.354580100
.362576400
.343281000
.531757800
.479385300
.345508900
.543015700
.358563000
.359113800
.444314899
.360744700
.605173700
.349007601
.525178900
.340753700
.386934600
.363085100
.343892800
.625796900
.484814000
.349315400
.354120900
.596449099
.610526800
.343662600
.368100600
.365803601
.356585500
.573687800
.586955699
.362293800
.345265700
.619926101
.352915000
.467175400
.354082200
.347233300
.357438700
.355862500
.366428400
.514100399
.448892100
.611719800
.346985500
.343414600
.699700200
.351166001
.600479400
.357627600
.366957500
.361529400
.508062100
.556190300
.481035500
.692314700
.367848300
.620815600
.373691000
.635877099
.522382900
.620245000
.577009901
.537085700
.711881099
.529958500
.352669900
.683086801
.451096300
.340850800
.345557500
.575242400
.641521800
.550674300
.448270500
.370457400
.353747500
.787831100
.799974400
.358681500
.457393800
.705641600
.569003500
.347501100
.387893500
.543242500
.360527900
.352470100
.373170900
.585527800
.360472700
.348948200
.370819800
.466360400
.352418000
.525839300
.612303399
.617868600
.657063801
.368090700
.599449600
.515597000
.352921200
.374354200
.348495300
.562012599
.534416700
.542725501
.587782800
.614374000
.528008500
.565632000
.542053600
.411860599
.345107400
.358169400
.349556900
.378574800
.506151400
.580543100
.645239801
.671830399
.591420301
.355224000
.368775200
.340356000
.750230600
.371691500
.352923200
.587069199
.674024400
.344576201
.546715100
.372379100
.527654199
.341980000
.371934300
.558783700
.357803501
.388808700
.375025000
.572509600
.692673899
.508132600
.356763301
.384321100
.679042800
.377626500
.614285600
.771195800
.589567299
.579947600
.349457100
.683062600
.580933700
.350925599
.568503100
.363416500
.577258201
.354074200
.519317800
.643699100
.599882600
.632893100
.664201599
.361139500
.358303200
.550304400
.639132000
.556627200
.345172900
.358678500
.340785600
.389838899
.357111800
.346643300
.350436700
.781352200
.553780300
.380676601
1.084899899
.350397600
.355499701
.687604700
.664229400
.567184800
.787629600
.411556100
.375703200
.353388300
.541032300
.366079900
.360925400
.354821000
.733635300
.362114100
.353634100
.370014799
.663681800
.637583500
.360983000
.372940000
.543076800
.621552900
.364820900
.369374200
.345378000
.368303701
.351217000
.357091200
.640521600
.354251200
.582124300
.368558000
.710513599
.373283000
.370439499
.699313401
.350752900
.631267699
.638892700
.584268800
.371913000
.411839800
.366492000
.385295600
.357652501
.598715700
.374660700
.662316200
.697333400
.355940100
.335957800
.361571800
.681672400
.344508399
.691851300
.714453801
.659543000
.697907900
.563385400
.352560400
.356770400
.354394800
.344443500
.367613600
.538729599
.352108300
.352727100
.677514900
.665756901
.614058800
.353636800
.362973000
.343487800
.591525600
.601190800
.732256700
.358874800
.714079100
.605764500
.365538900
.408065000
.627069200
.356692401
.561527500
.392272500
.559394800
.643929400
.360234300
.333563100
.360720400
.372495100
.609805000
.349361599
.353014700
.339739900
.597111901
.634303500
.334632100
.352328600
.748282801
.549922100
.590466500
.566648800
.570613499
.358037900
.366756100
.358365101
.620742700
.355029700
.351739500
.375147500
.356111500
.627037900
.355414700
.629787700
.361953100
.550861600
.361659999
.347869600
.533755500
.348474100
.565388301
.567469400
.392419400
.345137999
.552448301
.388341000
.385860600
.364688800
.569879000
.477410600
.587166000
.357801700
.525593099
.619017901
.644007100
.348436699
.348291300
.359967400
.539492400
.537830199
.540065900
.355925800
.343346901
.600836300
.364784300
.606627800
.375970800
.670596600
.358151100
.379506400
.348160300
.628237399
.433079700
.347716800
.341761100
.382856001
.530157500
.352595200
.554629700
.377998100
.364950300
.512956099
.361847000
.581826800
.646064301
.408744199
.346088000
.349294400
.351214399
.355819201
.360525200
.357719000
.690091299
.342283600
.374929100
.352486900
.637852200
.366927800
.363279700
.693860201
.366743500
.669596299
.337326699
.360177400
.575341200
.652279101
.346287800
.655491300
.340047300
.350000700
.348163500
.632507700
.340137000
.343309800
.569304899
.663167401
.722611600
.609492800
.373545000
.350757800
.369876700
.638106400
.371998500
.362523300
.592991500
.599596100
.591159001
.602563000
.374523100
.644925700
.670555500
.663539200
.349913900
.359012300
.346449400
.353473800
.643428500
.613502000
.634525499
.526222701
.602874900
.360056900
.642092600
.624671300
.579472900
.367663400
.611925600
.370170500
.383317200
.582429300
.565848000
.548914500
.545158099
.375194300
.355738200
.389097301
.552690800
.379172900
.369087200
.574856500
.552117000
.554302300
.368233100
.391296200
.358313300
.531522900
.544662200
.554505799
.365901401
.596073000
.546917900
.538589900
.603162300
.562519200
.535314500
.534779900
.362530000
.348311200
.473977200
.403088600
.528025899
.463897800
.371030200
.586648201
.535573500
.367565600
.628087900
.354638600
.764570800
.548942200
.542566500
.544984600
.350659000
.563670200
.353499100
.643544200
.341591900
.597684300
.359606600
.419386700
.352689800
.356075600
.492180600
.577958600
.355980300
.574530900
.352565200
.564017300
.364789600
.631876899
.366205300
.708466801
.637592699
.360339499
.607710900
.350730800
.612051900
.364033300
.356686000
.545241901
.356565600
.581113800
.706254401
.356751900
.619595000
.353656900
.590624000
.368624500
.551725899
.544514400
.663290800
.670674301
.365952600
.352322900
.663824500
.594015500
.361161500
.522884900
.364034300
.609598300
.406589700
.394622300
.381794300
.360996100
.366155800
.367114600
.478524600
.367128800
.708425100
.363204300
.573843700
.359059200
.606144200
.580667200
.353183500
.601537700
.369703200
.363778200
.364237000
.608187400
.372985800
.615520199
.656768300
.824796500
.365655600
.575783501
.569932400
.354722900
.355037800
.545805300
.414474300
.355103699
.351520200
.370498201
.667572001
.590096301
.572108000
.589831000
.351375200
.637832200
.631816300
.642987700
.353052200
.557643500
.706683299
.626150201
.411576700
.811150300
.432582800
.861489200
.578532800
.543951600
.352150000
.573715800
.412362900
.382904400
.374818800
.612533100
.579116700
.355621700
.364470200
.346394800
.354765400
.374257700
.662448100
.368392400
.366323800
.352323200
.596167300
.363020300
.619853100
.357586900
.349872100
.424640600
.335808700
.351366400
.397989801
.342894699
.609633200
.370158000
.777145900
.556867000
.580882900
.655441600
.682194400
.577001000
.347836400
.775609700
.351100700
.569655700
.605564299
.364169100
.544755400
.367154301
.346299700
.348415800
.624075799
.349636901
.439971400
.357081600
.351009900
.348690700
.349986600
.366165000
.686373400
.357579700
.360757400
.362196200
.703269200
.344344000
.672417400
.370696600
.351060700
.585659300
.585644600
.578477400
.344433000
.586960300
.653831100
.655662599
.614064200
.411882600
.651743201
.407174700
.609133399
.356704901
.361498000
.742865000
.614022600
.664495500
.791333100
.652723900
.545698200
.616020700
.530634300
.365425599
.570777600
.552774400
.358844501
.357022700
.558404600
.354992599
.594556100
.551909000
.365943801
.392885500
.370170700
.351062700
.363425599
.397383100
.373348500
.352478600
.407610101
.686229700
.646924100
.355578600
.347753500
.338698900
.359216100
.621040600
.347904800
.351690900
.404958200
.660570400
.653394799
.556567700
.351164900
.373038300
.596078300
.584378500
.553833399
.352821300
.557903000
.667395100
.362267400
.336028200
.564545200
.585633600
.683362300
.355620401
.348815200
.726317000
.371982100
.364299800
.605145700
.624892199
.344450300
.437430700
.367061700
.696879300
.655230900
.385520701
.487202500
.352115400
.407515800
.556304299
.358205500
.368848900
.550120501
.346917200
.369402100
.578655800
.603529400
.641346400
.634092400
.347998700
.350296600
.374797700
.355417100
.543831900
.551596800
.357812101
.662417700
.344391700
.771808999
.586390900
.446176200
.352841800
.345269200
.622186101
.589692400
