.523754900
.416182100
.412465200
.424795300
.431765400
.426581000
.445853000
.424358400
.416156500
.417602400
.419590300
.415351200
.408973699
.445799900
.293929100
.410331600
.408475601
.414165200
.458417300
.495756799
.417968700
.416778900
.432091000
.308985301
.442446600
.417491200
.419883900
.302265399
.294855300
.408945700
.426579400
.466011700
.292836300
.423173100
.310260301
.428047800
.409547400
.293738500
.405963599
.463878600
.421871300
.409360800
.297123600
.335296000
.427797300
.421084300
.470389100
.423519700
.416498300
.416154400
.409104100
.421717100
.430749900
.352737801
.304626500
.430044100
.298901900
.298001600
.303288000
.296537000
.295702200
.419818600
.299935500
.295402800
.485239800
.426365900
.307741800
.306904900
.299866200
.311439100
.421340100
.407894700
.299669200
.405322300
.295293800
.406540000
.421799100
.473522000
.303741099
.433297800
.416824200
.415814400
.423897000
.347759700
.300908000
.295036200
.308538400
.424524300
.293174100
.301475000
.315206400
.350855900
.321688900
.292167400
.417879999
.411289500
.290330200
.300218500
.416461900
.464089200
.420162400
.296640100
.413701301
.419568300
.303741100
.289363700
.295472800
.340365800
.313422600
.432849400
.423452600
.407668800
.289891400
.412458500
.356244200
.414710200
.299777000
.419143500
.295483500
.297995599
.293499100
.298699500
.418021300
.412203001
.488951200
.302689600
.418115200
.407010000
.423881200
.295772200
.436389300
.336293500
.429532900
.428375200
.303022700
.293657700
.291653500
.434144200
.298095300
.298935900
.495188700
.297306000
.299192700
.304375699
.292488000
.297754100
.423264700
.407778500
.415460000
.345194300
.415790900
.415373200
.327433200
.406076200
.296692300
.303639901
.292883200
.428027700
.344850700
.293646000
.312524900
.419113000
.297180300
.290619100
.309724199
.291803300
.314373900
.452159101
.412356700
.291608900
.291814500
.363612600
.297760800
.335643399
.408656100
.411155100
.406302602
.291635100
.418600300
.298801300
.344643900
.299678400
.306504500
.301514400
.296967900
.292588900
.296633700
.308639900
.334457100
.305458100
.288020200
.331394499
.421752900
.424984700
.311106100
.415979801
.297533900
.298247000
.288379200
.289854701
.291600900
.292687000
.291283900
.296846800
.303770700
.405831200
.347553600
.295779700
.300833800
.294444200
.413284600
.421172700
.293810800
.293871500
.291736700
.299076600
.422820500
.295518300
.419609500
.318307900
.331439600
.292826400
.318962200
.295057600
.279567800
.314723800
.421552200
.419496000
.298756600
.304531600
.301029400
.290861000
.292995500
.414719500
.293722200
.283081800
.289967600
.291668100
.429474300
.290013000
.296529499
.349478500
.302788800
.422907400
.408430001
.289390600
.415376100
.292169500
.304321900
.414367900
.295049300
.421726400
.291011700
.304878300
.288591100
.399305300
.298710200
.423749300
.410987200
.295999800
.414221600
.304417600
.296921500
.302739300
.305872200
.294425500
.299343200
.419048100
.291157000
.309941100
.341309599
.293897200
.415000600
.295827900
.412539801
.303164800
.298471500
.340961900
.305731800
.409065100
.431796500
.407657900
.294009300
.291578900
.291774500
.394668800
.300983300
.292650599
.401279701
.291615500
.289499600
.401333600
.300019700
.301554500
.292771300
.293183500
.291126800
.298916400
.292572200
.291742300
.303231800
.293562000
.307907699
.311801100
.426624200
.340989700
.294846900
.295151000
.305357500
.302866600
.287922500
.416477401
.291241800
.287780700
.418286800
.404954000
.318629800
.412043200
.298112500
.293753499
.293202700
.472081300
.300341000
.311083700
.291451101
.370977300
.417412700
.294370000
.301155999
.441562900
.291567900
.410643000
.303700601
.423617800
.420535100
.417550200
.318193699
.297779800
.293054700
.289366900
.293280800
.308990101
.441695800
.421951900
.304021000
.308339299
.374196100
.311203100
.290140800
.302724700
.420626600
.413395600
.296160600
.396807201
.311228000
.313630900
.290670500
.300829400
.290894399
.289775000
.317762800
.297418800
.294551100
.291054101
.293737300
.290408200
.308507900
.370797300
.318187000
.304501100
.286733800
.311472300
.286845800
.289015499
.300361600
.292100900
.306129700
.315687399
.423365101
.316583100
.446279300
.408055000
.410611800
.351602000
.298765400
.295109400
.290655299
.296194500
.416049000
.299440600
.304791400
.292242400
.294012100
.288172400
.303126000
.311501699
.295121600
.312694000
.298970300
.300099900
.301253300
.310603600
.293887300
.292809900
.498278501
.298746400
.302298800
.311852399
.292867800
.301520301
.306879600
.290784901
.308645900
.292071600
.293923799
.450722100
.298838100
.316407300
.292620100
.292714900
.341190300
.291183800
.432697199
.431489701
.415163800
.290103000
.295183000
.413035300
.392948800
.293486600
.286663300
.296100600
.418997099
.294517200
.291561700
.304459700
.290805801
.294327200
.311615600
.317812300
.333800300
.299591700
.293658200
.297602700
.294775300
.296571499
.292907200
.334356400
.294528700
.416361100
.285167499
.410403300
.288624300
.306327501
.417770699
.426240100
.293019000
.295610300
.415223500
.415124500
.290443200
.304815200
.316022901
.423587599
.294601600
.290091600
.337649200
.412220301
.416028299
.303902100
.288309100
.298518399
.307834101
.291103901
.296278300
.297573401
.293719698
.301462100
.415001600
.294709500
.341838800
.409491501
.421747700
.299418500
.433989200
.384221100
.406383701
.294817800
.308435299
.413200100
.287848300
.289377000
.425717000
.306534700
.309100600
.295815700
.295927800
.361937299
.318612400
.306235700
.292621200
.313744100
.296810501
.298845100
.297376300
.296711600
.362509699
.309101601
.293832600
.423349300
.414896300
.288589800
.295245500
.291998600
.303885400
.304598100
.303833900
.413683000
.293108500
.298471500
.291090300
.285534799
.300492300
.302880600
.424928600
.357751901
.296675000
.429979800
.304007800
.345098800
.303025800
.291272300
.410093300
.304141600
.287857300
.295930800
.418249800
.313246600
.297750300
.296626299
.304560700
.292158500
.294031900
.302129202
.296212900
.373580801
.306586700
.331411000
.297957000
.298715300
.363530500
.295390900
.306719100
.308691600
.294732200
.342999900
.301749500
.303677400
.295068999
.292289800
.301552900
.314984700
.304289300
.298879700
.292833800
.306452800
.289028000
.417134000
.290000000
.332167400
.410127500
.298482600
.307478800
.351157900
.296399600
.297351800
.292638200
.315487300
.292076300
.292387600
.297751600
.412144800
.383390900
.413136300
.308984900
.301573900
.302812800
.314408000
.413959700
.288542900
.294936400
.291012000
.301896300
.306259200
.416079301
.290841900
.314157700
.303026700
.288896000
.306955300
.294766800
.311293300
.293650800
.302612900
.293392099
.300472200
.295713600
.294928700
.330421200
.302074500
.307777600
.287307000
.293289300
.385151601
.316605499
.304087901
.309076800
.290450900
.433254500
.313092400
.301605400
.299161800
.292919600
.293212099
.320787700
.303378900
.303554700
.293197400
.422200100
.411757200
.304654400
.300125100
.311486600
.310821100
.305275500
.296460600
.297134401
.306303500
.424060800
.306674800
.352370899
.304174401
.325287100
.307947300
.291396000
.297965700
.425558300
.420479500
.327529600
.293963101
.302880500
.304901800
.432441800
.313005800
.314425199
.313777300
.311532600
.297938400
.312185500
.299063100
.310849601
.473153800
.333723600
.314897700
.315259800
.302175200
.300500800
.298620100
.434168199
.312940701
.312901100
.316793299
.307104099
.300138400
.305760999
.298795301
.298601700
.314011600
.297037800
.298094500
.296002900
.306269000
.293845699
.299191100
.312613200
.446582600
.314872301
.297251800
.303319100
.296116100
.311625700
.350694799
.379641400
.298498200
.298032600
.302053501
.295707899
.303561499
.301695100
.298976100
.418772201
.305737200
.298525700
.296873799
.296084200
.297059000
.293280200
.314146800
.307167400
.318897400
.300947401
.308404499
.323455300
.306183200
.371432901
.290329600
.291715199
.293338000
.302140800
.305519701
.290205600
.284988400
.298333800
.290358700
.299639800
.295165100
.310741900
.289045600
.297548200
.290248300
.303474900
.302496900
.292553600
.303909199
.304515001
.309322500
.294748000
.292490800
.416935200
.330903800
.494566300
.300948300
.291564500
.299510599
.294636100
.302649600
.418191000
.421378901
.298320000
.430729400
.299664399
.315187101
.292924900
.671805100
.548389199
.585526300
.308270900
.292205002
.323864400
.384623200
.299330699
.292073502
.307804100
.302197899
.292605900
.296846600
.423331300
.294893300
.302792600
.292864000
.294486700
.304309600
.299252600
.294462600
.426116100
.413953000
.291905900
.295847900
.304577800
.292614800
.292544800
.296357399
.302377000
.414638700
.299056300
.296878400
.295889401
.423597500
.372528500
.303697200
.300895900
.313619700
.291311900
.417867400
.294008400
.300128498
.292504300
.289839400
.290186700
.303046800
.290948501
.291019400
.298198100
.303501900
.294280500
.300449799
.317661000
.309483800
.417591100
.308636401
.294959000
.307947400
.290395400
.309056100
.370519900
.293581300
.294726500
.295610400
.415677600
.293072000
.410679200
.307157600
.288944300
.293454299
.284689800
.296429300
.305483800
.291231400
.429025900
.301450000
.281860600
.324311300
.304562601
.301000100
.296568500
.292920900
.301434500
.297329000
.293338000
.308130800
.293624700
.315464800
.297708900
.432760200
.535523300
.305617600
.294019899
.295002200
.307755100
.300750500
.306847800
.292310601
.290156100
.294859400
.292402800
.294115400
.286108799
.314917000
.299938601
.302228399
.291959701
.299856999
.297721100
.298480700
.304906800
.418451000
.422236300
.353405300
.289207600
.296997800
.291751399
.411118700
.303631000
.302314600
.412178501
.423891800
.305185100
.314237200
.294141600
.296984100
.292979400
.306191000
.295122100
.303294299
.305672500
.290346500
.290517800
.293526800
.307104701
.294145400
.376614000
.295741000
.295968800
.306476700
.425125000
.288966800
.300969900
.300432400
.414020700
.289006500
.401989900
.298879800
.295317401
.302793100
.291017500
.299231200
.309809300
.295188900
.307322900
.303100900
.412702800
.294348500
.296660000
.292751600
.319546900
.374523300
.292450200
.308050100
.304939400
.421086300
.293034600
.297323800
.410710200
.296073100
.290414900
.292256799
.407492200
.292791800
.299223201
.297001700
.291501600
.296409900
.301647000
.328508600
.299984800
.424507200
.440434300
.310989600
.295605500
.309191500
.290146300
.442448600
.485438100
.311970700
.308398100
.309697300
.295609800
.301965999
.297151900
.290397200
.302887200
.298891300
.301568901
.296635000
.306611500
.300085500
.419920599
.296100300
.306553901
.442372300
.294917000
.412228600
.301671700
.287547300
.416660300
.304668800
.372237000
.308887500
.299341200
.291064601
.301617300
.292185200
.293953000
.304808600
.301786100
.428625499
.425437200
.417595100
.433056001
.305144100
.310828000
.312141000
.290934800
.300205400
.293128500
.302422600
.292144300
.332655001
.314132200
.315301299
.292501800
.303140601
.309884700
.350831800
.293432400
.299582200
.305272099
.291962701
.306998000
.292485200
