.244214100
.240191400
.247909500
.244082601
.247937900
.242337600
.249652000
.243803700
.240108500
.244215800
.251819900
.241216200
.249330300
.248346000
.263100700
.240847500
.236803600
.243966500
.246133400
.247525700
.243363200
.245996599
.231172900
.238997600
.244533300
.247446000
.254354100
.245327101
.234951900
.247881300
.239101600
.247740500
.245050400
.245401200
.239112500
.248735800
.243925100
.229761700
.220711800
.243877700
.245145400
.245944600
.238680600
.241055800
.248429999
.240700702
.239343000
.240927700
.240537800
.235468600
.236923000
.243126200
.245454800
.235040000
.250890700
.239054500
.248606900
.242302500
.238751100
.244162800
.238533900
.242935600
.241026000
.253707200
.240461099
.240384800
.236277800
.247922900
.247119900
.248140900
.240022900
.241076800
.245520200
.240696600
.245828400
.249267400
.238099001
.243859500
.247768700
.236925300
.242692100
.240189500
.244373300
.246478600
.247291100
.235629600
.233562900
.236085000
.245675899
.246830000
.246762900
.244077100
.240080600
.251968600
.252222200
.238901700
.240560400
.250578000
.248050700
.242674600
.242064601
.243916200
.238355600
.234671400
.242974300
.240370600
.243835000
.249456799
.239557200
.239179200
.238920100
.245107500
.229703401
.237143800
.241818000
.245502900
.245856400
.247268200
.237538099
.225360400
.237858800
.241117800
.245607300
.241582300
.238751401
.238548200
.247057000
.240682300
.242793100
.237899900
.235658200
.239373600
.241261800
.238903700
.243440200
.240847700
.240310200
.231774599
.244775500
.241049000
.237658400
.241862000
.239463100
.243931700
.241945200
.245837300
.242692600
.241243800
.243054000
.245848001
.240890100
.237021400
.239165400
.234972800
.247806700
.240008700
.249071600
.237593400
.237460900
.242538801
.246940900
.242270600
.239954000
.249129900
.234486200
.235105200
.240257600
.239004799
.238239100
.247285500
.245708100
.242223900
.236511700
.242262901
.249785400
.243563800
.245138100
.245115800
.248717400
.247551800
.243997000
.242935100
.253373100
.246425900
.245655300
.244044000
.241421800
.240671700
.246940500
.241993700
.245650500
.241510999
.244136600
.245737600
.249939000
.245054600
.236949400
.249102901
.245392199
.246722200
.244170700
.250632300
.243282100
.239763901
.252397300
.250268700
.241284200
.247125200
.238704100
.243786600
.242271600
.257372100
.245233600
.240697700
.247093300
.239300200
.233219600
.240748600
.238740100
.235811400
.230164300
.238515499
.245465299
.244927800
.247609700
.243044300
.241154200
.242440899
.247901301
.244966200
.244271400
.247894200
.240916900
.244908000
.241891099
.242090501
.243552300
.237781400
.249963000
.244320400
.237689900
.246619200
.251538900
.249112500
.249660800
.236669100
.248528200
.245665100
.247547600
.245560100
.248280500
.239949900
.246035499
.241667500
.235028200
.239356400
.241968700
.238791500
.240789300
.242028100
.237076300
.228173400
.250097100
.249832800
.250479100
.236542200
.238019100
.235505100
.245304900
.249430400
.248605301
.240853700
.242208200
.235172000
.245340900
.244120000
.241278000
.248822500
.241838600
.246090500
.240395000
.235066300
.244961700
.237753200
.246323500
.238838000
.238777300
.245018400
.241682699
.243958600
.245418600
.250050700
.259825100
.249135400
.250273701
.251438900
.250402800
.235400900
.247160500
.252545400
.248083899
.243178600
.244019400
.247499100
.253167200
.248626400
.258267600
.249744200
.246731300
.247082400
.250718100
.258047500
.249495501
.256522900
.248129600
.248850400
.248472200
.248036201
.233126799
.247072500
.249797900
.255708300
.250298400
.242946199
.247855900
.252839700
.248707700
.243462099
.241917699
.250571699
.248485900
.253916300
.249387500
.247181100
.243468800
.244277500
.242546099
.243985000
.244803400
.241525800
.233934200
.251129700
.235850500
.242326800
.240723800
.251597000
.246181600
.234827900
.247430300
.232579500
.234035900
.236024800
.240000100
.244361400
.239821699
.242458800
.246780500
.240648000
.247211300
.252959700
.252052900
.244181600
.238473100
.249817000
.244125800
.237426700
.238344601
.248264000
.240444900
.239372600
.240988700
.252540000
.246740700
.250837500
.242426000
.242783100
.234812200
.241535700
.245339800
.239848400
.237246900
.237095400
.248245800
.245730100
.229789399
.241234900
.232065000
.236973500
.240223100
.239534700
.239291500
.242291800
.246581800
.243071600
.240774900
.237784500
.240652900
.242945500
.242209700
.245006300
.251490400
.245896800
.246863300
.249822500
.239526500
.239269800
.236512800
.242346100
.245358601
.237159000
.235538300
.249581800
.247420000
.240969500
.239547000
.244768300
.255189900
.243588500
.246206000
.240896400
.249721700
.242251100
.237576900
.240863400
.235870800
.240689000
.240994600
.238139900
.245698300
.252598100
.251851000
.246277300
.250762000
.244105100
.241435000
.245791100
.242893500
.237691400
.240876899
.236675001
.244562700
.247374100
.248116600
.238567500
.238705800
.239051499
.236948600
.245424900
.245688000
.244634200
.253450400
.245937699
.252949100
.252370100
.247460400
.235756400
.246882500
.253515700
.244588700
.253664300
.259919000
.247499300
.251997700
.249687899
.251728700
.247471200
.250793300
.262896100
.244010300
.245102000
.245500000
.246391600
.248540400
.262360200
.252183400
.249597600
.250979400
.247369700
.243695500
.246818800
.250466000
.246167100
.238363200
.242934400
.238249100
.240144600
.243340500
.245640800
.244836600
.236793000
.251100300
.261180700
.254391099
.251598900
.245984900
.248915600
.250890200
.253859000
.243766901
.253327600
.246580000
.236012900
.251474900
.251242900
.251528199
.249536800
.248364800
.250116000
.257923100
.249753700
.256298601
.242753300
.255082700
.239795900
.243813500
.237589300
.247798499
.252880400
.243521700
.246701300
.245159900
.240263700
.255639201
.231691600
.245226300
.252237400
.251240500
.247372200
.252522099
.245983400
.254479300
.252897100
.256243700
.259091601
.252478899
.256223600
.243947400
.259615300
.254143000
.239712800
.246480400
.243529300
.239902500
.237147500
.243017700
.244640401
.241152700
.240247200
.241898100
.241622600
.250885200
.241319000
.248096199
.254038900
.244359300
.251468200
.244056000
.246414001
.245983900
.249226100
.257424400
.253437900
.251701600
.251072100
.243016900
.253974099
.248999100
.251507800
.243713500
.246027901
.260634200
.249819300
.255160400
.237282800
.249167300
.249132000
.230481300
.253490500
.242974500
.244499500
.243739300
.241752500
.243816100
.237483000
.242839400
.244223200
.245442300
.246214999
.242495900
.237534200
.238272600
.236041600
.250035400
.242965401
.247040300
.245800700
.281112700
.284188500
.306759100
.513686800
.252056400
.252472200
.239990300
.244580200
.257233699
.250804900
.254533100
.253578800
.255178400
.248941702
.253230700
.246295300
.256059200
.258016900
.251836800
.248011200
.240404200
.256494500
.252512100
.244933100
.248096300
.248722400
.252646600
.250235100
.242914400
.253538500
.255928600
.245469700
.244827700
.252756800
.258843700
.247100400
.242477100
.257951500
.256410500
.247679200
.249819900
.260268100
.249218700
.249614200
.247340900
.256293900
.248032800
.245866700
.239506600
.235665000
.240851500
.249274900
.235953600
.232823200
.246933200
.244791399
.244166100
.239834300
.248185900
.242445200
.245487500
.234701500
.233499100
.233222601
.236788000
.248736000
.241753800
.241525800
.239311700
.236409600
.231595700
.249866400
.240691300
.243002499
.244937500
.241777500
.236792200
.242629300
.241466500
.246467701
.247131600
.248599500
.242106700
.255706000
.238936000
.243172400
.243016600
.247166300
.238010700
.246111800
.245879600
.246309400
.243349900
.247921600
.245698000
.245792000
.251118399
.246970101
.242050700
.245533800
.243837500
.245019800
.246681600
.232508600
.218671100
.243009600
.246823800
.244793600
.241669400
.245336600
.250828801
.246619900
.236576600
.221346400
.245575200
.257072500
.248477600
.251549600
.239673300
.251891300
.255342100
.251005099
.240173601
.256548600
.247491200
.249608400
.245097500
.253871400
.247010600
.250511000
.246046600
.254139800
.264395000
.245021099
.245311400
.259876300
.250549200
.236968300
.250924300
.241410001
.253072100
.242854900
.253432500
.261134600
.243759000
.236099799
.250424000
.258298800
.248764300
.240714500
.251420600
.250858201
.241279600
.249903700
.251290900
.249397400
.242843100
.238516400
.239166100
.239547500
.242009500
.247114400
.248140700
.235373900
.239885800
.235146500
.228886200
.237236200
.237032200
.236798000
.242931600
.236438900
.245778800
.241816800
.247562800
.239425000
.241913300
.244794100
.245520900
.244094200
.239974900
.239002700
.250906000
.241899100
.237650400
.236204000
.243056700
.251021300
.242504800
.242816900
.233906700
.241611300
.245354500
.236763700
.242904000
.246210900
.245514800
.244318500
.237416500
.239303900
.244469199
.242296500
.227223300
.239431900
.248408700
.246262700
.238066201
.242582900
.249865300
.246813200
.242388500
.237957100
.242047699
.240340400
.237318600
.245757400
.246343600
.245377800
.242393901
.238798000
.250706900
.242737700
.241831100
.247643199
.235602001
.240564900
.236616600
.236382700
.244906300
.246090100
.241685999
.242975900
.234802900
.236417900
.238962900
.236865700
.246380801
.238065300
.247462900
.241883300
.235504100
.243058500
.236800800
.237838500
.238881100
.243268500
.242744100
.253228400
.246426100
.242354300
.239571400
.240823200
.236449000
.247590300
.242587600
.233614101
.243166400
.242523800
.252409000
.249353900
.245366199
.240484201
.243654700
.248153400
.241974200
.239000600
.232026899
.236331801
.245623100
.251419400
.239260000
.250723000
.243652700
.238712800
.238155600
.235374400
.241802500
.242607500
.250454299
.233731300
.240725900
.244005200
.234542600
.244897900
.236823300
.238754301
.242997800
.246880100
.247130700
.250128000
.228479499
.244860600
.241955800
.237495200
.242612700
.237594600
.239427401
.239730400
.244004800
.240654800
.245386400
.243146500
.235527900
.244920399
.243364300
.239723500
.233593200
.248134300
.245688600
.250016500
.255647600
.243187400
.234417000
.235962700
.247018600
.230284101
.236200100
.241397800
.251871700
.237791000
.238616000
.241742200
.233722900
.250319500
.251153500
.244432600
.249317800
.244529200
.240078300
.237092300
.246474400
.244119100
.243607400
.237770600
.238896999
.237914200
.241596600
.237095000
.247325300
.244807000
.256375500
.236604700
.241819400
.243880800
.250724900
.242865200
.237429099
.241142500
.237073400
.241957200
.246490000
.251601500
.239885300
.242278900
.238365600
.245716600
.240034100
.239058700
.244378301
.248715200
.243587200
.236502800
.249149300
.245979400
.240509100
.241050300
.239441500
.251024800
.247764600
.243388800
.236301100
.246531000
.246245000
.242222500
.248583000
.236827900
.244002100
.239460000
.246386400
.242868300
.241308500
.237248400
.236649300
.247863700
.234303200
.242823300
.246879000
.252780599
.241686300
.243418200
.287232401
.247528500
.238850400
.246834899
.243482701
.245619100
.256313800
.253231700
.261108200
.253423300
.238856199
.245620900
.250628000
.245603300
