.019852100
.017198600
.017836500
.015762400
.016873900
.016191101
.011086300
.015284100
.016444000
.014672900
.015301200
.010019700
.015901800
.014975000
.011277200
.014808200
.015021400
.014218000
.014479600
.014892000
.014907700
.008779400
.014756000
.014741300
.014805400
.011071700
.014870000
.014678900
.013503100
.015594900
.014796900
.013244000
.014305900
.012857700
.013472400
.015603400
.012935700
.014733200
.016061100
.015544400
.014969000
.013500600
.014343400
.013231900
.015482700
.013454000
.013763600
.013177200
.014355800
.014958200
.013863300
.015059300
.012929000
.012749100
.013066400
.014784900
.013186200
.014872200
.016571200
.013154300
.015624300
.014262500
.015183700
.013598300
.014792700
.015635800
.013851300
.014393300
.013901600
.013486300
.013861100
.013974000
.013404500
.014828900
.013825100
.013637100
.014226400
.013632200
.015481200
.015322700
.013769000
.015352300
.015135800
.016225700
.015770200
.013546200
.013585600
.015547600
.013532901
.015861900
.012778401
.013230000
.014621400
.015020200
.014508100
.015415400
.013230700
.013764700
.014540800
.016080900
.012745900
.013061600
.013816100
.012862200
.014689400
.013720200
.015544900
.014650700
.014953400
.014498400
.013309200
.015395800
.013637800
.013056900
.014652800
.014925800
.016686700
.015250500
.015658200
.013315900
.012675600
.013259000
.013801900
.014241300
.015717100
.012845500
.012760900
.014733900
.014813800
.013083200
.014444700
.016046200
.013350900
.014839800
.013338000
.013457900
.015160400
.012648100
.014755500
.013317100
.013410600
.013408800
.014657500
.013319100
.015618200
.014236600
.013223500
.016085400
.013292500
.013165600
.013422400
.013474500
.013495900
.015343500
.015461100
.014641600
.013195000
.014431100
.015158300
.014036300
.013428200
.013286700
.013034500
.012818100
.015269100
.013633500
.014799700
.012758700
.015165200
.013310800
.013192700
.014706200
.015085500
.015244100
.014623000
.016407500
.013282100
.014010900
.013351301
.013009900
.012776000
.013668200
.014479100
.013950600
.014926900
.015090200
.014454100
.015172500
.013783100
.015336600
.015048700
.014951400
.015491600
.015398900
.012424500
.013233400
.014977900
.015305500
.013338500
.012931100
.015251800
.013384900
.013793200
.014737500
.014873800
.013012300
.014972100
.014092200
.013897400
.015974500
.012790300
.012710300
.014645900
.015651500
.013236800
.013388100
.014297800
.014870100
.014046500
.016459400
.015057300
.014847200
.014601500
.014762800
.013421000
.014439500
.013337900
.014832000
.013162800
.014785900
.014977300
.012950400
.015716200
.017066400
.015382000
.015219200
.015589000
.013555800
.013257400
.015725200
.017674100
.014995000
.015150800
.014115300
.013317700
.013063300
.013547000
.013489700
.015033500
.013812800
.013203700
.014683600
.013459700
.013932100
.014044400
.015281500
.013122800
.013756700
.015520400
.013062900
.015030500
.015212600
.015070100
.014899400
.013260900
.013244100
.013081900
.013067700
.013533500
.013605600
.015366800
.012869900
.014660900
.013118700
.014835400
.013549600
.012709800
.015130600
.015391700
.015101800
.012953000
.013637200
.013591400
.013867500
.014568700
.012973800
.013190500
.013602000
.014835800
.013143200
.014653600
.016978100
.013347700
.015381000
.013549100
.014672800
.013011800
.014892100
.013977300
.013650100
.018413800
.013577200
.014625600
.015178500
.013172600
.013667400
.013637600
.013178400
.013152600
.012664100
.014832700
.014928300
.014303700
.014276900
.015542600
.013982000
.014712700
.012773800
.014361500
.014940400
.014427400
.015690200
.014039600
.012904800
.014796300
.015126400
.015458700
.015239500
.012544800
.016102100
.013103700
.014490100
.014759200
.014992400
.013542700
.014052200
.015248300
.014937000
.013446900
.015105700
.012940100
.014517900
.013005000
.015512200
.014591600
.012961400
.013191200
.013280900
.013232900
.016492500
.013528600
.013215300
.013586300
.014824500
.014721300
.013452500
.015530300
.013099900
.013098000
.013209800
.013308800
.022710200
.014672000
.014740300
.015128300
.013507100
.013111700
.014993400
.013430300
.015656200
.015699700
.012750000
.014864400
.015442600
.015608400
.015249600
.013587500
.012864800
.014692100
.013724300
.015310300
.013598100
.013350900
.013184400
.013122800
.013557500
.014420800
.015004600
.014569700
.014818000
.013296700
.015762900
.015331800
.014608500
.015706500
.013479900
.014695600
.012961300
.013304000
.015246800
.015140600
.013511900
.014990900
.012952700
.014705800
.013448300
.013678900
.016163600
.013168200
.014841600
.013426300
.015667100
.013293100
.013201100
.012720500
.015162600
.015092400
.014123600
.013203700
.013198600
.014730800
.016324600
.013699200
.014902300
.013332600
.014963500
.013814800
.012805300
.015045300
.013107000
.015071700
.014811200
.013273700
.014473400
.013600700
.015819100
.013346401
.012954800
.015145500
.014093500
.012928500
.014652500
.013651100
.015939200
.013078100
.014734600
.016272500
.016170000
.012948900
.015829900
.015158000
.015632000
.013759800
.012823500
.013007500
.014565400
.013552900
.016875600
.015776400
.013541100
.014411800
.013250700
.014917100
.016191300
.013361600
.016973900
.013313500
.015217900
.015331300
.012499500
.013452800
.014825000
.013219100
.015086400
.014240800
.015866300
.014844200
.013260700
.015336500
.013556900
.013095600
.015114000
.013057300
.013065600
.015276300
.013946300
.013421000
.014752800
.015033900
.013354600
.013197900
.015103000
.012959500
.015424900
.014347400
.014342300
.013789300
.014995400
.015588800
.013949300
.013957700
.013606200
.014869500
.014629100
.014836500
.013448200
.013800000
.013712100
.014502500
.014930600
.015325600
.015908500
.013117800
.013657400
.015624700
.013720400
.013586700
.013742899
.013979802
.015084000
.015209199
.013847200
.012930000
.016796300
.014590600
.012974700
.014851700
.014680900
.015292800
.015219200
.015460500
.014595000
.014374300
.012969000
.013276700
.014490400
.013411800
.013157000
.014397500
.014495200
.015196200
.014469400
.012957300
.013248800
.015488300
.013326400
.014903600
.013166800
.013126600
.013076400
.015164500
.013020600
.014715000
.013438000
.015513300
.015115000
.014818900
.013225800
.013587200
.013221200
.013011500
.013063300
.013282400
.013482500
.013096100
.012866600
.015303300
.015045400
.013242300
.014907600
.013386100
.015018700
.014688700
.012922200
.012597700
.015717800
.015582400
.015052000
.015374300
.013001900
.013353200
.016720900
.013397300
.012892800
.013555000
.013288300
.014988100
.013048900
.014964200
.013866900
.013142100
.014939200
.014840800
.013427800
.014015100
.013558300
.015697400
.015873400
.017115400
.013292701
.013304999
.015155700
.013503200
.015094800
.014929600
.014911800
.013165698
.016023301
.015002600
.013589200
.013118700
.013736900
.016287400
.014226300
.013653000
.015458100
.015283600
.015705000
.012616700
.015149300
.013561300
.015479900
.013527800
.014669700
.015016000
.015573100
.013677200
.015476500
.013132500
.013140100
.014866500
.014773600
.015805300
.013738000
.013085600
.014821200
.014425100
.015100400
.017102500
.014015200
.012718300
.013936900
.014993700
.015150100
.014506200
.014972400
.014935200
.013426000
.015172700
.013399900
.013298400
.013248200
.015507300
.015314000
.013189000
.013943200
.013258600
.013151400
.012884500
.013500600
.013550900
.014207000
.013079400
.014638400
.015749400
.015118100
.014912100
.012860300
.013766500
.015141600
.015041100
.014494600
.015636500
.013939000
.012589300
.014783000
.016924900
.014252500
.013050000
.014348300
.012778100
.012859500
.013349300
.014877600
.012987300
.015252100
.013090800
.013250900
.013965199
.015287000
.014712301
.015083101
.013835100
.016272200
.015421000
.015373200
.017062300
.013288000
.015892300
.015908100
.016374300
.014502300
.013490400
.015939100
.015946300
.015197600
.013486800
.013631900
.015542300
.015066100
.013736900
.013173200
.013725700
.015393300
.013281800
.013728100
.013735200
.013600900
.013553500
.014220700
.013533300
.013711200
.015762600
.014335300
.016046400
.014603100
.013264000
.014040700
.015293400
.014867000
.013201000
.014007200
.014862400
.012972800
.015195100
.015231100
.015110000
.014921000
.014861600
.015216500
.013978500
.013272400
.014996700
.013268700
.015860800
.013073600
.015726600
.014945800
.015600000
.016062900
.013870300
.015734700
.015145200
.015132700
.015487000
.013871800
.013686400
.014123000
.014217800
.015331100
.013000300
.014947400
.013465200
.012904000
.013449800
.015708500
.015622600
.014604900
.014838100
.014366100
.013270100
.013522600
.014473400
.015444099
.013170301
.015087899
.012951901
.015460500
.014877200
.014997600
.016218300
.015070500
.014471700
.013904500
.013305900
.014228200
.015023900
.012798400
.013361200
.014027200
.015171300
.013421300
.014898400
.015092200
.013653200
.013201000
.015351600
.015240300
.012979300
.015445000
.014552900
.012846200
.013284300
.013414200
.013462100
.015345500
.013669100
.015261600
.014861800
.013375900
.013756700
.015077200
.013598100
.013385200
.013361600
.013213300
.013579200
.012943400
.014666800
.013778700
.015252800
.014960800
.013776500
.015020700
.013488700
.012906700
.014824100
.014540900
.013845900
.014759900
.014227400
.013466400
.015587500
.013984700
.014356800
.015071800
.013796000
.014537200
.014307200
.013236400
.015651100
.015279900
.013758300
.015024400
.013573300
.015859500
.013233100
.014806200
.014688400
.013134300
.014615100
.013328000
.014921900
.013159800
.013122500
.014730900
.015172300
.012929700
.013228200
.013451700
.015458801
.013514100
.013606599
.014922600
.014684100
.013241300
.015319700
.013929300
.013533100
.016473800
.015579600
.014696800
.013177900
.013301500
.013410200
.014892300
.015369500
.014768600
.015180300
.013445600
.014373200
.015028000
.014513900
.013418400
.014402800
.016226000
.013157800
.013422100
.014007500
.016164800
.013892600
.014715100
.014858800
.013344300
.013316500
.013270400
.012949100
.013205900
.015335800
.013473200
.013228800
.013552200
.014813100
.014519200
.015230900
.014490200
.013026300
.013407100
.016062300
.013045100
.014533800
.013140700
.014901000
.013971500
.014454400
.014585600
.015171000
.015373900
.013762200
.015232500
.013099300
.013702900
.014542000
.015047300
.013808400
.013604800
.015551000
.016245400
.015222700
.013241700
.016375600
.015464800
.013990700
.012700600
.013342500
.013105000
.014989500
.013470200
.013651400
.013268800
.013697600
.013767500
.013111800
.013213200
.015077200
.015358800
.013269900
.015071800
.013600500
.018044499
.014765000
.014637500
.014613300
.015131300
.013162100
.015354000
.013457100
.013158600
.012946500
.013464900
.013700300
.013278700
.012971800
.014955200
.013442000
.013211400
.015372300
.015104000
.013343100
.014212100
.015071400
.013319100
.013523500
.014077800
.013221400
.013233100
.014807100
.015203800
.014778300
.015548600
.015095000
.013098900
.015039800
.014684800
.012993800
.014946700
.013457400
.016012800
.014332100
.014505300
.015479200
.014365200
.013315800
.015685500
.013264500
.013397000
.014998400
.014071200
.015545500
.015194200
