.012183760
.020026560
.017617992
.018674167
.022036697
.017138126
.023082009
.018704463
.025948767
.019799379
.009363508
.016332753
.015446459
.008309107
.016440998
.015393191
.013333341
.014341175
.008493255
.017395355
.009413055
.016344536
.008439843
.011416459
.017470570
.014641531
.016170277
.018590150
.014316410
.014425652
.019486723
.015279548
.014339095
.008999272
.011365601
.017751832
.018848248
.012312218
.018514648
.010550633
.018960681
.012576658
.009349432
.016869454
.014002902
.010630123
.011571307
.008377952
.017848920
.015664779
.011525068
.009724481
.015103913
.010899458
.010587510
.011807373
.010365241
.011474212
.016401708
.015385800
.014082235
.010711163
.010131637
.011665152
.009851779
.017243232
.016193722
.011231199
.011756949
.011384720
.011353065
.013412528
.011426289
.009988754
.010868510
.012385536
.009281425
.018514400
.011141320
.016873069
.013392523
.019262312
.010388875
.010418343
.017234659
.014573108
.008640994
.018316154
.011835514
.010173621
.019118721
.014550173
.011286134
.009491076
.010996160
.016740819
.009396686
.010404095
.011445406
.009412173
.011417774
.010420514
.010462439
.011393331
.012601446
.015191172
.012487767
.009320156
.010512174
.011207709
.016501930
.008638607
.008736009
.011925159
.010125246
.011692600
.011394287
.010421251
.011421049
.010450995
.010840619
.010896333
.011072134
.010690504
.011397449
.009314354
.011508786
.012394948
.012367992
.010437688
.011377190
.010098752
.010838326
.010566068
.011139468
.011393535
.017399489
.008384664
.011418200
.011379982
.010535788
.011278732
.011380602
.009520686
.009320492
.010737236
.011063449
.010428436
.010357610
.010718283
.012092255
.016378187
.009393405
.010413123
.010192291
.011314423
.010316150
.010548654
.011707985
.010832663
.013141642
.011401703
.009579701
.010611067
.010534274
.011898435
.010006311
.010632814
.010105811
.010682632
.011209571
.010751515
.009870413
.010838290
.011145475
.010609843
.011375317
.009404514
.018916546
.011091763
.010393546
.011216640
.011002886
.010501756
.011637737
.010390679
.010097868
.011677745
.010409129
.010559740
.017070167
.008645119
.008361549
.011354985
.011197180
.010152889
.010798121
.014538284
.010988081
.011709532
.010784513
.011008751
.011388280
.010700961
.011120018
.010633676
.010895681
.010906139
.011101583
.011664615
.010170071
.011581061
.009880059
.011791162
.018038998
.011799143
.010746880
.011226121
.014246655
.015517038
.010173897
.011625829
.011387337
.009846491
.012151702
.014379238
.008062400
.009491552
.011094065
.010695061
.010822079
.010755750
.011906757
.010011282
.011250016
.010670982
.011043275
.011087686
.009897759
.009056048
.010229026
.010387618
.011435302
.014299350
.010609834
.011692609
.011006451
.008418486
.014516149
.010431953
.012628147
.009023467
.011001306
.010817993
.010424082
.010559112
.010253466
.010661703
.010622967
.011085155
.010471541
.010319109
.010170966
.012320615
.010630923
.010409525
.011385373
.010317372
.010593835
.011332965
.010626050
.012050277
.010678500
.011248644
.011374237
.010103077
.010546216
.011363708
.010417375
.009414407
.010374936
.010437078
.010590546
.010882055
.010683060
.010393868
.011379127
.012200340
.010034108
.010967958
.010191206
.011549181
.009999659
.010809891
.010444401
.012336345
.009100284
.010692427
.011582710
.010356061
.011377650
.009653295
.010878946
.010841920
.010181847
.010555863
.011052253
.010355000
.011729789
.010593643
.010423979
.010733403
.011128192
.011077029
.010731223
.011257410
.010266351
.011413860
.010407870
.010304031
.010980753
.010222954
.010962944
.011537413
.009621171
.010808550
.012920020
.008524153
.011759899
.011860890
.010321738
.011344233
.010552012
.010562382
.011198793
.010563502
.011076429
.011626880
.010871908
.010933121
.011266033
.009865918
.011663348
.011592700
.011329615
.010148639
.010431014
.010815131
.010928698
.011572663
.010366158
.010982191
.010607535
.010389927
.011095763
.015190071
.009879159
.010778228
.017791684
.020776817
.010329540
.010784882
.011666767
.010785906
.010311358
.011213496
.010896172
.011270563
.010986998
.011371745
.010509766
.010851032
.011322026
.010856758
.014365271
.010108730
.010578921
.010737736
.010792941
.011744908
.009999435
.010816216
.011566352
.010646095
.010225527
.010663562
.011562990
.014053137
.011434329
.010256243
.011285571
.012092040
.011533958
.010335088
.010150096
.010666123
.011251024
.010767245
.010739041
.012687980
.009054787
.010731403
.010683318
.011140929
.011312464
.010631896
.010891425
.010848161
.010184735
.010762374
.014821834
.010604436
.010404291
.011080679
.010773436
.010301579
.010377921
.010600466
.010994300
.010639623
.011451938
.010607965
.009551962
.010638243
.011050772
.011380096
.009578621
.010630800
.010914003
.009558386
.012562607
.011075376
.010171457
.011042314
.010941238
.011406685
.009296059
.011026031
.010687241
.010786601
.010117411
.010640245
.011418703
.026580876
.013913389
.014799819
.010499984
.011339905
.010409731
.011415865
.010104756
.010558945
.011238253
.011140762
.010967933
.010028661
.011781145
.011397733
.009417506
.010685839
.011276931
.010591907
.011195753
.010810504
.010922403
.010253522
.011411662
.010872468
.010344934
.011843098
.009554070
.012294867
.012859120
.007239113
.010880531
.011154983
.010921627
.011564727
.010954251
.010868503
.010942285
.010937360
.010402125
.011358261
.010354224
.011043753
.012187977
.008543082
.009981856
.014787571
.011422408
.010363081
.011475516
.010431195
.010826053
.011084913
.010742348
.010912685
.010140262
.011707128
.010114194
.011309403
.010441827
.011276856
.010725660
.010645330
.011197585
.010916546
.010099996
.013345474
.009926253
.010865685
.010669885
.012130688
.009668189
.010236072
.010410043
.011207128
.010492250
.010807389
.011216451
.010845182
.011062059
.009218687
.011386676
.010512216
.011355812
.010666157
.011114753
.010136615
.010643691
.015236531
.010136828
.011705400
.010833578
.010712240
.011454598
.010206641
.011667420
.010134915
.011719652
.010332411
.010879633
.011157713
.010835215
.010963042
.014375313
.008066485
.010382149
.010853241
.011228535
.010822266
.010769807
.015017616
.010691244
.010554528
.011388698
.011142134
.010657932
.010228732
.010593562
.011003364
.011711757
.009969219
.011394961
.010904848
.010533805
.010464208
.010812399
.011525213
.010874378
.010405115
.011030197
.011769395
.009575694
.015230095
.010148568
.011543030
.009878480
.010559746
.010668847
.010324913
.010458406
.011069419
.011676158
.009566822
.010435110
.010984708
.010790295
.010440721
.010051403
.011553560
.010584458
.010112031
.010506113
.011278703
.010697336
.010544314
.013315981
.009940953
.010449274
.010510269
.010742514
.010963791
.010871293
.011378168
.009409412
.010438504
.011530203
.010430839
.010607962
.010070586
.011614599
.010245079
.010172903
.007892308
.010344149
.011108640
.011294558
.011093955
.011462684
.012639674
.011508935
.009973599
.010579463
.011209047
.011337077
.010671441
.010420486
.010607131
.010736418
.010685838
.010781810
.011943262
.009883315
.010977178
.011103524
.011790585
.011493537
.009984789
.011102099
.010866659
.012261514
.009830691
.010957728
.011617647
.010424265
.010804673
.011002533
.011231250
.015143847
.010239211
.012123942
.009369230
.011110121
.011403903
.011372782
.009375848
.011611563
.010446103
.010477295
.012345201
.010067589
.011687206
.009900383
.011017353
.010167292
.011177640
.010704139
.012096983
.010681911
.010804003
.010663675
.011152535
.011087308
.011118550
.009991414
.010966896
.011411476
.010610656
.010032621
.011189233
.011251021
.010254203
.011035067
.010902606
.011052788
.010325942
.011026312
.014460713
.011545830
.010204358
.011745140
.010787610
.010978549
.012634978
.008836823
.011487882
.010681923
.010869314
.011194336
.010351063
.011873289
.010237654
.010894610
.011621314
.010738181
.011443870
.010845855
.013877265
.010730820
.010682066
.010657534
.011230820
.010665228
.010782092
.011197810
.010947468
.010698989
.010821322
.011946429
.009377225
.011482686
.010123751
.011531672
.006493424
.018332517
.011076421
.007892040
.009930652
.010985448
.008205205
.010233506
.012096398
.012376279
.010719705
.009723407
.011248903
.010169137
.012148272
.009717171
.011431931
.010593140
.012131619
.009091544
.011301661
.011343759
.010264895
.010721806
.011410440
.010089197
.011298291
.010479745
.010784221
.011363487
.010113917
.011716032
.008997109
.010755595
.014730505
.010459610
.010775472
.010721240
.010397655
.011410655
.009284076
.009303526
.012387904
.009755057
.014314930
.007441697
.011361994
.014339828
.011136120
.010753150
.010310265
.011018543
.010851793
.011398490
.010277790
.010927673
.009267665
.010430307
.009584912
.010974498
.011477871
.011240659
.010181491
.011856043
.010816585
.010991966
.010234931
.011321955
.014603773
.011466851
.010535433
.011291482
.010670263
.010291764
.011297780
.010080074
.011675129
.010180372
.011374587
.010976366
.010243489
.011314499
.011414420
.013944557
.010661855
.019270871
.010237195
.012555506
.010759589
.011175723
.010250461
.011189549
.011000870
.010468555
.011202457
.014566982
.011409435
.010064440
.011725575
.010144616
.011448624
.010081414
.011560090
.010240042
.010732157
.010878851
.011057808
.014431313
.011549754
.010448656
.011384847
.010432481
.011380125
.011452110
.011435727
.010110369
.010435067
.014603633
.007789499
.011128596
.009281444
.009669323
.010621923
.010727678
.010800783
.010315854
.010588847
.010501304
.011067601
.010310046
.010045282
.011163573
.010944884
.009993274
.010645783
.014025849
.009223180
.011228946
.010067822
.010558448
.011268187
.010678122
.010117187
.010424862
.010703288
.010438957
.011361081
.010066259
.011314264
.009853994
.010508921
.011442499
.010585270
.009852257
.010834790
.010760307
.010781665
.010145539
.011728897
.010137818
.010697197
.010546005
.010912096
.011570669
.010194012
.010265885
.010732370
.010561564
.011124130
.010209916
.010947709
.011451007
.010141584
.010775092
.010965130
.010826638
.011044176
.010081294
.011382480
.010636591
.010953979
.011091053
.010987732
.009808332
.010787933
.011169986
.012307662
.010579650
.010097809
.011677396
.009982161
.010975036
.013662021
.008295853
.009760385
.015683965
.010176685
.011225300
.010258644
.015577717
.010149505
.010717533
.011287680
.010961631
.009207999
.010629011
.010821789
.010998831
.011269378
.009744582
.011520952
.010273588
.010674113
.010418314
.012441184
.010750369
.011321815
.010087548
.011109765
.011205616
.010769855
.010080869
.011549759
.010473473
.010574884
.010673811
.011470540
.010296809
.012156162
.010070852
.010343125
.011375535
.010676936
.010575582
.010785675
.011613717
.010281525
.015781344
.009566939
.011363160
.010243109
.011638726
.010394071
.010832520
.011722423
.010848237
.010338094
.011282011
.011309103
.010306309
.010840460
.011151588
.010923680
.012200582
.009831566
.010667043
.010925480
.011458590
.014213241
.010636955
.011349628
.010169821
.010990634
.010626875
.010766349
.011006526
.013381684
.008656033
.010350319
.010988826
.011325000
.010160076
.010758143
.011080937
.010701893
