.301049900
.292873000
.293232400
.298068700
.294708500
.293826600
.307273100
.300181400
.289648499
.321889900
.290205000
.291056600
.285319500
.293119601
.303699600
.336841300
.278882400
.312712400
.301666700
.300387500
.302004100
.308169200
.296063300
.304211100
.303987000
.267641400
.304146900
.305416100
.298875000
.280909700
.278247600
.324216900
.268714100
.307211600
.315598300
.295008200
.329798900
.299138100
.290194100
.276355000
.318188000
.305974500
.369292700
.303584700
.256881100
.262246000
.315550000
.411305000
.311376300
.281007100
.311188400
.305948600
.316483200
.278003400
.265261400
.314492800
.315305500
.299624100
.285636700
.306997200
.309044900
.281068800
.282892300
.313039100
.314446500
.283178600
.308079900
.279315700
.286990000
.337292800
.333579200
.445394200
.354955199
.311792900
.306551200
.310134900
.320008201
.307577900
.315984300
.265146500
.313561201
.312940900
.360405400
.286693200
.274201700
.317225100
.346825800
.362738200
.312780100
.306944000
.310237400
.313443900
.287456600
.301227200
.274281600
.309142600
.262536600
.305041200
.313695400
.306149800
.270602700
.316835100
.343514800
.342102500
.306219900
.311322800
.274314500
.304806100
.303385700
.265635000
.314590000
.302988800
.309184300
.312525900
.349383400
.312673600
.262709000
.312996500
.353676800
.324511600
.316357100
.308545700
.265869100
.312863901
.269090800
.315629400
.313201800
.313699500
.282812500
.271943800
.270185800
.264412500
.269597800
.303299300
.344634199
.312376500
.264989400
.308326800
.311513701
.315042700
.307542500
.305136700
.264708300
.263374299
.312500601
.313168300
.318693800
.283462700
.305553599
.368462200
.319330000
.320544500
.271163800
.302392601
.311395300
.305864000
.312085300
.266944300
.314420100
.309866500
.373386400
.318015500
.317209200
.268483900
.314992600
.270412000
.272985800
.313457900
.323135801
.265474900
.293179300
.300306899
.308958200
.271571600
.314843600
.371729300
.307919100
.259633100
.316635900
.313161700
.312463600
.321783600
.304295100
.303221800
.306614400
.312074600
.322489500
.351451400
.289394600
.322982500
.316528100
.317910000
.316603000
.318573400
.310164500
.266277400
.313495899
.314005700
.268890700
.312765400
.352931100
.317232301
.307038500
.312783200
.318024400
.315513799
.314251000
.261227000
.314017900
.316804000
.311835601
.306949300
.304455900
.329503100
.319364400
.312715699
.315722900
.315021700
.318009900
.310202700
.308446700
.310947900
.263938900
.266551600
.311576100
.315457500
.314230300
.314600700
.366118700
.445158800
.308416800
.318929800
.303431600
.317179401
.307596200
.309197600
.264136200
.304950600
.306184900
.327549300
.316665700
.315362400
.307644800
.360483000
.309780800
.309529400
.264551000
.279314800
.315124000
.264158400
.308366000
.318462400
.310256800
.318144100
.272408700
.317195900
.319655800
.271922800
.268515400
.321977300
.320184700
.318321000
.329532599
.378174400
.327442000
.314283101
.266904000
.278131499
.325887000
.323334900
.280244300
.328619902
.334814300
.356129100
.275203000
.270442200
.267281599
.329530001
.317644300
.319456400
.274727800
.325688200
.272724100
.269096400
.326607000
.380144100
.315395100
.313452000
.278679000
.332011000
.263338600
.274868000
.274443100
.327204900
.324219700
.317932200
.315363499
.324149100
.277362400
.282517800
.312840400
.279600801
.269167700
.333136600
.310823400
.273050900
.267385200
.320150500
.314297700
.261574300
.309561300
.300385199
.264183900
.326998500
.266727400
.266043800
.267932401
.273574300
.325923300
.286012800
.275727100
.275347199
.269128500
.323076900
.273495300
.288280200
.274052601
.267741200
.315467600
.322237900
.319991300
.383229100
.271286000
.316939600
.279809600
.316365800
.278193300
.316452300
.321853800
.269407400
.299162899
.276591801
.320156400
.320293100
.329339499
.266739600
.274453700
.269359100
.342324600
.390108800
.298831400
.327938600
.278064400
.274524000
.317514400
.329134200
.260241100
.274830400
.307867100
.338049900
.285547099
.266886000
.327809300
.325130900
.270765300
.269632001
.331528900
.331541800
.322184500
.272906200
.270961500
.286167300
.329288400
.313984100
.325680700
.318135700
.272422400
.319079900
.268583400
.319869000
.262832299
.259362300
.270236000
.265720000
.319928400
.266161200
.269653800
.276408400
.269131100
.340092900
.264798201
.312581300
.269798300
.269302700
.271800700
.323605700
.271016300
.267000500
.267315300
.296435700
.265263900
.319160600
.263302900
.270378000
.315249200
.271312200
.320383700
.278515500
.319825700
.264151200
.265827800
.267455600
.269654200
.317216600
.266644400
.273220800
.303396599
.266963200
.278969700
.270657200
.273881200
.268274101
.264649800
.302011400
.311653400
.268537600
.287800600
.274550699
.337883200
.259371600
.270475000
.264094600
.265926501
.319909100
.261772800
.271014200
.260552800
.268930300
.312442500
.275698400
.268940100
.274152000
.262027499
.323548200
.268267400
.265735300
.278817500
.272652400
.268228700
.265719600
.268385600
.320615000
.310542900
.262011400
.255413100
.268379000
.262087000
.260570700
.339373101
.314791000
.317846400
.265435000
.271779100
.260634200
.267046600
.279324600
.270345900
.261478100
.264384000
.264674599
.265086500
.316247600
.307607800
.261223000
.262066200
.301638600
.269231401
.286104399
.312370400
.316303900
.289356300
.260547600
.262025200
.272392500
.270244701
.263377500
.263470200
.271358100
.279062300
.269872200
.271087599
.280242100
.280307700
.317736600
.272987000
.271401901
.314353300
.253863200
.259211700
.274185700
.258531900
.263167400
.272070800
.278443100
.339321900
.271445499
.271852201
.269994200
.267332600
.279643100
.269269300
.263610799
.293687800
.265869200
.263829900
.306098200
.280801801
.306811900
.262561900
.266980400
.264700600
.260792300
.262257800
.277153300
.268379200
.260599800
.285802400
.376406799
.271230000
.271705000
.263381700
.274129600
.270216501
.257864800
.314953700
.323816100
.264851900
.261556000
.270628600
.331752800
.267542700
.311911800
.287434500
.272982100
.316080000
.281629700
.258577200
.295330200
.305607900
.273430100
.272509600
.264981600
.262763000
.266435400
.323114200
.267174200
.318872700
.310163200
.283537199
.269186000
.292706300
.271493000
.303409300
.273027301
.264574000
.305326800
.262110200
.269638500
.265740800
.258959300
.263053400
.273821100
.288911900
.324565101
.273264800
.306866100
.317881000
.268917200
.263479400
.271186900
.292239600
.265765600
.260511000
.269907200
.318851200
.264088000
.267131300
.268827300
.258916200
.271497600
.267265100
.288458500
.267320800
.267770500
.322257700
.267210600
.313872900
.272465400
.300894200
.294759900
.269046300
.265492700
.264098900
.304435400
.271910200
.266434100
.263583600
.324812000
.261840300
.275523900
.267570600
.266501300
.261635600
.266875400
.304808400
.254666600
.259476799
.269601000
.267790800
.266025200
.270284800
.283731001
.269177500
.267834800
.267175200
.271240600
.262488000
.327977400
.288884700
.266145000
.262661000
.290112200
.260396899
.259077300
.270553600
.288690700
.264301900
.264603901
.264221800
.304214400
.271579700
.277666300
.264275000
.271617500
.265084900
.265153400
.265686600
.274140800
.263674400
.265060600
.260497900
.268489400
.264675500
.273149800
.280822599
.310460100
.266689900
.257516300
.264512800
.282561500
.260320200
.264248500
.310541600
.290313300
.263201700
.268082400
.266006600
.323093700
.261439900
.269815900
.261906901
.322131800
.283638800
.272068499
.259556302
.287756000
.261981100
.271856900
.286335000
.269302200
.310702100
.267717700
.268326600
.266009600
.255853100
.272354000
.264461800
.271489200
.264643700
.265348100
.259753300
.265947799
.283254200
.259786600
.315849900
.280363801
.267451300
.293224200
.258707100
.260547300
.318056700
.282022800
.273179100
.271613900
.266874800
.272448100
.265428700
.270670400
.270394500
.261828000
.347330900
.310001100
.266579899
.262788300
.258068200
.273630300
.305895000
.264369901
.266364300
.271876800
.266056500
.269092000
.271041800
.269038700
.268472800
.264486300
.269342900
.291892300
.287428499
.273494700
.271937500
.292133800
.262008400
.269109300
.258735900
.298312800
.264648200
.265226900
.299394300
.275276101
.255312600
.263679800
.268716400
.267124500
.268695300
.268728200
.257656300
.269569800
.267024900
.277463600
.267063800
.266665200
.267701200
.261445700
.274133500
.299669400
.311162600
.265288700
.311215200
.329383700
.268070200
.285882300
.272411700
.274436200
.262138800
.264977600
.261896100
.260407999
.269102700
.266749100
.284441800
.268015701
.270601700
.265081600
.263823300
.267106100
.266868200
.251944100
.298665200
.308861000
.262049700
.267634900
.269119599
.267253800
.271840900
.272488000
.264651600
.309687901
.273710800
.267031100
.268967600
.261566200
.261901600
.268545499
.267767800
.321741500
.321233800
.284679100
.269117200
.270220500
.263746400
.287718800
.265789500
.272385601
.262865900
.265807000
.271105500
.268234900
.272775100
.269026599
.265800700
.271442400
.273735500
.298449401
.264780699
.271089800
.285942700
.270505900
.266844700
.263856700
.260709301
.269322700
.259855300
.296338500
.261365000
.270040400
.257523900
.271586900
.323168900
.340444200
.283025400
.276807000
.265499200
.265546600
.306997300
.275125100
.263257000
.258526400
.264781900
.305820600
.255907800
.262533300
.263035200
.263116600
.269428100
.281864000
.267363100
.272596500
.271410200
.264302900
.284111599
.283077401
.274155001
.263642800
.318172100
.274316300
.268744000
.276698500
.262201000
.265548300
.273577700
.310520100
.364587799
.316424500
.256174400
.264371400
.267375300
.268369201
.260227200
.270944000
.272708000
.270308700
.269051000
.263142800
.265686900
.269252900
.268488000
.263299100
.265789199
.268422500
.258904400
.325238100
.270004600
.266336200
.317869001
.267697300
.264592300
.290462900
.261550900
.260870400
.283470300
.275196600
.253429100
.270197400
.267382600
.253567200
.259224200
.321978000
.309450800
.311562300
.263247800
.267636300
.268087900
.266664900
.264325900
.268454400
.263982900
.272474000
.268831800
.270284600
.266438900
.268732400
.270576800
.279382900
.265549500
.301975300
.317629700
.264123300
.269965200
.268242800
.269246500
.266011799
.299552600
.271941100
.268919900
.256803500
.267602301
.275173200
.262841400
.263323200
.270625399
.273076100
.262940001
.265680200
.273819600
.301798300
.267211300
.263043800
.329459399
.270548200
.264995000
.263774500
.267418601
.324117700
.303895100
.322779600
.258985200
.271631100
.265442299
.262818100
.311828800
.268614700
.260778200
.261864701
.259494300
.274713600
.273897800
.269381500
.268635199
.269528901
.272703000
.257206700
.258626300
.269842800
.263143000
.263223800
.267289500
.265452500
.267847400
.265530700
.272834700
.273554900
.263409000
.268256200
.260083300
.270973800
.264183300
.264492000
.266216500
.296065700
.265498400
.300823899
.316364500
.269356099
.270424400
.263509300
.267232500
.315773300
.269554700
.270760300
.278978100
.276741801
.268405000
.272403300
.270301600
.268207200
.300692000
.263478300
.276633300
.260628400
.482938900
.500811400
.547234499
.527335200
.570184900
.564725401
.591094099
.682059301
.470422600
.500748300
.551822799
.458597000
.609172800
.589963501
.489951600
.499858200
.538373699
.559897000
.514909800
.505158201
.470541100
.507831400
.587265600
.525089500
.491951600
.553017300
.559386400
.505015900
.466529700
.509038000
.428547600
.565029200
.496434200
.443172800
.424181300
.468153300
.469292400
.436687399
.468160300
.422917000
.443812399
.466748500
.548789700
.479329100
.559252400
.437424400
.422515501
.551966400
.504944600
.472900399
.519340400
.482135300
.543834400
.463586100
.500001800
.593626901
.408854800
.576801100
.450778700
.503912300
.424032000
.426353300
.475596000
.516306800
.464814200
.416028100
.461404200
.566028400
.438272400
.421139200
.439124400
.447861399
.415257300
.469450301
.467280500
.498096700
.488796600
.449080400
.573452700
.555363600
.467839300
.367711800
.587846300
.426514499
.558201700
.480039400
.432606401
.431130200
.476580000
.499187400
.518839000
.521043100
.572166101
.588514400
.501291300
.459752600
.421804300
.447086700
.535005600
.382228000
.423459000
.408193400
.519720599
.442212100
.452818500
.437588300
.476859500
.452671700
.421102800
.439653200
.423486700
.456810700
.455381000
.506549700
.428831000
.524197800
.434858600
.481752200
.517169500
.499303000
.452844600
.438243700
.531173800
.410651100
.470595400
.519249600
.496295001
.495746598
.418680900
.469302000
.431779401
.489878800
.435377000
.469300599
.430797100
.508247800
.420609700
.481693801
.505424700
.452912200
.434650700
.489809800
.450652100
.453736100
.431807200
.408655300
.434155700
.523155500
.450351100
.473091100
.392417200
.506375100
.302722600
.453565800
.409705900
.445348900
.442666400
.466726400
.404796900
.460252200
.458255400
.456724300
.489966900
.469171099
.434834200
.444952000
.396444401
.448235600
.410115300
.450324300
.448886600
.512576700
.520814700
.558577800
.428740400
.476536400
.503320700
.428993100
.408387400
.464625599
.470024600
.491521200
.440128501
.584942200
.483938100
.433361400
.401247900
.450890600
.418209800
.428540600
.460638800
.410925000
.444408900
.481993600
.475889300
.512677600
.433822000
.407389800
.400909100
.412387100
.437016200
.448388200
.542067299
.369760200
.460622500
.428667201
.472734800
.446885900
.434781300
.480115800
.445327100
.433419800
.448869600
.409983100
.425298700
.449945099
.467986600
.537415100
.340998800
.452447101
.429967300
.551490500
.426535000
.451899400
.475563600
.813223500
.694611000
.631311099
.650204600
.522941501
.693043800
.561427399
.631380001
.756276300
.672041800
.675015000
.721010100
.605196300
.516982000
.442091100
.445407500
.450574000
.460594400
.398469400
.510948300
.449830900
.405335400
.450635800
.377434100
.414803800
.438485300
.395874500
.429961300
.545187600
.362804300
.437442999
.580953900
.432596400
.441459500
.408747700
.454746200
.454386000
.432725000
.385427200
.436043800
.433126899
.504384100
.472119300
.443852400
.538137101
.528050100
.418686800
.460508400
.400947800
.452577200
.400610899
.474853100
.514197500
.418844501
.465806600
.438508500
.427177199
.490013501
.403994100
.376764200
.459928200
.457882000
.431274100
.439989900
.407869900
.455941500
.507319900
.504432800
.425776600
.468281500
.433512900
.465244900
.445113200
.462063900
.429934700
.404469500
.444662500
.528241099
.428472600
.468209200
.460180201
.439203700
.488210000
.445100900
.494144700
.442377900
.431278600
.465126900
.473376100
.468603699
.444472000
.344887900
.408759300
.552727701
.386588100
.420771400
.474098500
.472595600
.400474300
.469203800
.425710700
.449464100
.460158400
.450972800
.457925600
.469680300
.396130900
.422643000
.422365500
.464556201
.453597700
.465127100
.408406299
.642943601
.436290600
.413381300
.442626600
.483969600
.430938500
.450676700
.468461800
.431351800
.420628700
.442885700
.424414800
.442562100
.480552300
.405142600
.436288600
.445020499
.492210200
.455410300
.431700801
.473226900
.417493400
.436201000
.427895800
.452461900
.458761400
.430137300
.410367900
.469147600
.353003000
.442929200
.426920600
.428731200
.428389000
.412692700
.408518900
.432874800
.446344900
.429125400
.396485800
.475822900
.430115300
.436189600
.453918700
.456834100
.420236200
.456322000
.404464800
.405767000
.458978700
.417123300
.503451400
.419182000
.384415600
.459203700
.456637600
.440745599
.480296901
.439026700
.428131100
.408220900
.465612000
.433707100
.448852400
.438479100
.442256500
.446681200
.489332200
.459270300
.470409500
.488823599
.458099900
.489147900
.451974101
.417639600
.462958400
.430519400
.508524000
.500630000
.423141800
.368457600
.516686800
.432159000
.575184599
.517228900
.433922600
.425851301
.488391200
.464880400
.460498900
.416694700
.456543600
.446253100
.464845599
.487543400
.467368900
.473335100
.491849400
.432196799
.473717201
.472700100
.427758900
.473502398
.444303900
.454714001
.449059800
.428089600
.428502700
.435781700
.564415199
.441935300
.458444800
.446678001
.432994300
.421585200
.508650900
.450702700
.498464399
.410318901
.443941700
.417267700
.476046300
.484207600
.430598000
.432811500
.508800000
.392083700
.481492800
.490059400
.446741300
.443501500
.461708801
.465084600
.437000600
.416847100
.412049300
.492623200
.413262700
.424424999
.425110400
.423483000
.418932000
.453050501
.465601000
.468218200
.452574900
.472576500
.380605200
.480620100
.466859400
.395438200
.423016299
.474872901
.389639500
.386439800
.415967300
.464318200
.467089200
.401869300
.477723300
.395314200
.456142700
.447696199
.493491200
.444229300
.423257001
.357771200
.633757400
.556058000
.508667900
.440600500
.511713700
.453891400
.402672100
.462553799
.474904200
.447484900
.460488701
.459114600
.420361800
.418922100
.476347299
.486548000
.405750700
.579514000
.411179100
.471221300
.451107601
.485257300
.452985300
.409964300
.415006400
.488135300
.413322900
.444024700
.484624900
.428359400
.465029399
.449679100
.427552700
.445298301
.492252000
.481502400
.400942400
.414276700
.506323100
.439317700
.446165699
.406159500
.489389200
.424232101
.435050500
.403510400
.461457800
.417427500
.458927000
.463579600
.438875900
.476977300
.476544600
.445357099
.429875900
.464942100
.433791701
.440261100
.415402200
.435773000
.506780900
.431886200
.423194100
.522651399
.432705400
.424473500
.386064300
.520770101
.424656700
.443779500
.514298900
.422534500
.390533600
.497929400
.473616800
.486686000
.464955700
.472240000
.620585200
.403205600
.436423800
.448237300
.448384400
.461014700
.430424000
.432641300
.452555100
.432640800
.468294900
.430190099
.430782500
.448421000
.417198400
.416693701
.440262300
.402792900
.422306399
.508765300
.415426300
.490464001
.474637800
.434478100
.496837500
.434606800
.428266300
.460971800
.502315799
.431387700
.441491300
.446622900
.441644500
.445924600
.463518801
.459735400
.612595800
.476238500
.484232700
.469422700
.399226001
.421308800
.456958100
.497248800
.481996100
.487098700
.464134200
.444471800
.492697400
.428562700
.438057500
.431354900
.433675100
.428653599
.474381501
.453137000
.457173500
.440705700
.444172800
.448541300
.438337900
.452454800
.529042100
.412740199
.438346900
.410587700
.476384600
.475048601
.417567500
.479045200
.420787200
.470321400
.444533300
.448785200
.462720000
.466737100
.463654600
.495129600
.477580800
.436217300
.424694800
.464187200
.447636000
.475720600
.462122200
.456578300
.455373899
.480901100
.460638300
.446940900
.451878100
.374324200
.415764900
.423620001
.428679300
.436934300
.443977600
.463059400
.425184500
.400078900
.489924600
.485423400
.478162300
.412668700
.445303300
.463426000
.453113699
.439966400
.484639700
.414149101
.447986100
.411779000
.421266800
.432210600
.468652000
.387319700
.402819200
.600300600
.424600000
.439942599
.463707100
.451539500
.415280000
.448593701
.440852200
.428734700
.471299799
.468203300
.443014100
.457681101
.442459700
.464496400
.428909900
.461520700
.428189300
.480687800
.452445800
.449286800
.378328700
.444933699
.460505800
.381470400
.408035600
.429873501
.387581800
.417448199
.460037901
.428722400
.415591200
.475279599
.425102201
.461732300
.414966400
.412392199
.600057700
.397042100
.327207201
.503983700
.468245000
.439764400
.441341400
.462303200
.432491700
.441262900
.434971700
.412026200
.557835300
.454280800
.514143600
.427238299
.440754900
.419205000
.469245201
.466352700
.394899900
.494194100
.444368900
.522723300
.432023600
.476292300
.454118700
.509191600
.460807999
.473214500
.445754000
.460555101
.397154800
.541690300
.413693000
.478367200
.484979300
.420214000
.445309800
.447155200
.436020500
.437207700
.419920700
.550014300
.553267100
.489174500
.430889000
.625393400
.528201800
.402276000
.377256600
.454947500
.425652000
.389554500
.469663200
.430244000
.422621800
.460442000
.435277500
.394346800
.426842700
.453743700
.577097800
.390941100
.429317000
.440849600
.490799500
.461867800
.507972900
.409246800
.426862700
.447607800
.394717800
.433212200
.462817400
.444281200
.470665200
.472211600
.434439700
.452664800
.479278600
.440885200
.452919700
.447046900
.467776500
.431176900
.476009100
.437791200
.425074300
.452075300
.465622300
.416962100
.423098900
.440072800
.479433700
.502092800
.428150100
.448294000
.472619300
.493191200
.464252600
.416240200
.454028500
.437021000
.469433400
.384443900
.395258999
.427146701
.383639300
.515897100
.474817499
.460335100
.434434700
.451082501
.400660700
.442201100
.490629600
.392354200
.454344000
.464273000
.423925200
.469907500
.406504000
.444014900
.439652100
.450742500
.415484400
.418721500
.428100400
.413867800
.376904700
.482652200
.453660900
.394456200
.463869400
.443979300
.462178000
.482128600
.461507400
.490869400
.421628800
.420022900
.559183800
.510854900
.513770000
.483375900
.563984899
.586563200
.519090600
.520088901
.467834000
.434450600
.468869399
.472774300
.421600500
.416483101
.420119500
.487137900
.457011801
.370361800
.470676800
.478190300
.388750700
.415415700
.479662101
.427293499
.443454800
.418851200
.476789000
.463004200
.444204899
.478415400
.621324501
.439540300
.454932100
.446070100
.453037400
.469573700
.449702099
.451589700
.588628500
.443607901
.442101400
.467936000
.381957299
.438080200
.370048400
.454130799
.442032801
.403793800
.385366300
.411820600
.474799300
.543632100
.421000900
.425632400
.402630000
.467619300
.382479200
.453826000
.432771000
.436645100
.447972600
.487672400
.549464500
.401735900
.478615899
.527796500
.424288601
.493839500
.399058799
.528143100
.375166600
.479054500
.455964100
.493171200
.397868500
.425580900
.433028101
.464855400
.445837200
.497590800
.464380400
.441944600
.418890800
.477866100
.458710900
.456789099
.445959800
.412279300
.459768600
.463678901
.412625000
.449155100
.418083799
.556693100
.496660900
.489166401
.443559800
.473080800
.412019200
.436158000
.426378200
.482673200
.458246200
.448873000
.405029100
.484488800
.468675800
.386059600
.416882600
.468073200
.389651400
.497396500
.489323300
.424778499
.564193100
.472419501
.509677600
.446383900
.436793100
.423178900
.435123900
