.330546600
.393192501
.389241100
.371089000
.589067900
.380539400
.378561300
.367694700
.376591500
.412722800
.403531800
.349792100
.371137100
.412014699
.385846000
.370531700
.358507401
.400191700
.376201300
.393324000
.371152900
.413767900
.385645400
.365125400
.418059000
.384584100
.392426500
.376046300
.401454299
.401981900
.348736400
.343674400
.416048401
.396406000
.366085000
.349064000
.440711600
.385830000
.371295000
.383748700
.369872800
.375663800
.348749100
.346234000
.385791200
.416831000
.367694100
.422459700
.398271600
.411205100
.379214400
.397075800
.381924600
.358351500
.399128700
.374594999
.386246100
.376563400
.369747900
.412443601
.386690000
.376895800
.357609200
.395680200
.368314600
.359897400
.480018800
.407933200
.392062700
.363003900
.365290900
.409866700
.385925600
.361257300
.383780200
.398717800
.389098100
.380537000
.398472300
.393306300
.355948500
.389238600
.428978200
.384972000
.370689800
.377747000
.563274600
.442258700
.371504000
.385699100
.433459200
.364639800
.369983700
.385635800
.389340500
.391307100
.378665700
.407151100
.422897200
.384690800
.412227299
.375283200
.375376600
.375925600
.404797501
.384116300
.373076900
.378447800
.396054800
.417378600
.381841800
.378633500
.411946100
.388794400
.374189900
.389099800
.399370900
.354436700
.370136500
.383964200
.463275600
.354610000
.374117700
.402211900
.378563800
.387280300
.341329500
.623003400
.382185300
.443541200
.406976600
.387046000
.348016500
.374765100
.407097799
.391619400
.395861100
.383732501
.420065800
.419282600
.370149800
.368596500
.409726100
.385034700
.387870600
.367035400
.384197100
.350498200
.386645600
.411208299
.408575900
.392294500
.379185400
.377305100
.388886400
.379345299
.388927500
.405853701
.357997100
.376073300
.367441500
.376962800
.405497200
.348889200
.353048700
.432230400
.371808800
.348139600
.365047001
.505718400
.376652500
.346559300
.369157500
.377940000
.414130200
.391716800
.408986900
.404024400
.385442600
.398233800
.419057699
.377835800
.394391400
.376738901
.370739800
.380618800
.450657900
.493706100
.413012000
.380882100
.366109999
.437552101
.392501300
.372452600
.368247999
.408499401
.385914100
.370823099
.363183801
.361726700
.391315300
.369535500
.373538600
.414251900
.375298300
.369004900
.368847200
.368608200
.383766500
.346042200
.343726300
.518576200
.350633000
.369641800
.484677200
.386257000
.360151000
.366884400
.382263799
.392984800
.379559100
.357289300
.395939500
.355689800
.352161900
.373503600
.388848900
.404094899
.371272600
.374256901
.375809000
.397817300
.359401800
.367574900
.416306400
.418667200
.356236700
.376894500
.387088800
.377761300
.386194500
.411864499
.392066000
.371284900
.353862900
.413177700
.375917200
.373337100
.363841700
.391468001
.379464300
.381966600
.386794299
.512771800
.388394600
.394635900
.433128301
.435814600
.374782400
.360117600
.417790699
.409617401
.371468499
.389178001
.454621900
.378669600
.340116499
.383368201
.396263400
.403371300
.371525700
.434471300
.394381100
.411491200
.359632400
.404351500
.406533600
.374529900
.381510101
.415441400
.418862600
.368245000
.367403100
.383659600
.399120100
.366657900
.367370900
.448660800
.374388500
.376093600
.423892000
.406324900
.383791099
.364020700
.551416401
.390666300
.371704800
.389503900
.403285000
.478440200
.378159600
.408912500
.393831200
.369663600
.368685200
.394712999
.388565400
.381145500
.375852901
.381480900
.391957400
.349086100
.350977600
.403808500
.372990600
.371416900
.373705500
.393696400
.413018900
.365699700
.393372400
.414833300
.358544800
.366096200
.414398099
.376797100
.363222200
.371299600
.419669801
.406729300
.356581200
.379661300
.427535399
.376840200
.364800700
.377142600
.404803300
.370457500
.337863000
.351495500
.399175700
.464505800
.393826500
.380830300
.430133600
.374961300
.418579700
.398914200
.449710900
.353157200
.360945900
.364134000
.357981900
.361427900
.380442900
.403365000
.370577300
.381023099
.384444001
.402088000
.422381400
.351574899
.366607301
.416465800
.351210500
.362290600
.376276000
.397492700
.411062100
.389770000
.419788999
.372718700
.382278500
.374947300
.414584201
.379015100
.375549400
.386456600
.439730400
.398022900
.362055700
.396436400
.393842600
.380583400
.363236400
.391183900
.373751700
.357705900
.359663700
.380993300
.360889900
.379437900
.356044100
.368448900
.409027100
.354697600
.363820800
.386050399
.412214100
.389865400
.368270900
.406042200
.408331300
.348864500
.351961001
.412123800
.411487000
.406798500
.361148500
.410065000
.381150000
.400475900
.388943900
.388541000
.390420600
.382644700
.389011598
.494451401
.412306699
.598850501
.596300200
.611346099
.526105400
.455719001
.338919600
.404022500
.389697599
.440514100
.362561201
.407044100
.436667500
.373576500
.348346600
.394175600
.434679400
.352176800
.372251600
.373430200
.363033900
.345294100
.333441300
.390546098
.360049400
.370257600
.351918001
.408041900
.408724000
.354938500
.341014700
.409154900
.398450300
.343783200
.342452700
.391984500
.360566200
.346208800
.420252800
.382909300
.376292100
.340675400
.371697400
.435669600
.388389499
.372790201
.405446100
.396316400
.346018899
.369018700
.395467501
.396671799
.345980600
.349574400
.454577000
.354923100
.384896300
.369060500
.508966601
.422418100
.339597700
.355612600
.422823899
.363746000
.363528200
.347812000
.412225400
.384162100
.332477900
.357032000
.403397800
.417480800
.360159500
.416041200
.378646000
.339638900
.360037000
.386895100
.400498500
.379057800
.355303300
.394615600
.413312300
.381090500
.371951800
.383831900
.389019100
.366435000
.365854400
.407288599
.408817800
.379967300
.421594201
.389874100
.372232600
.390159200
.360907900
.404585500
.355225100
.398845500
.442136899
.366366500
.362584301
.375887800
.416050900
.393708000
.401482900
.355512000
.404343800
.367879900
.380195300
.356811000
.385857699
.377173700
.386572400
.351201401
.408864200
.403336600
.388054100
.367508699
.371461400
.394852600
.384819800
.355847201
.411466600
.391550200
.341246900
.397573500
.369213300
.379249700
.342281100
.412816300
.426349000
.356977200
.347312000
.388561199
.395581800
.356662601
.383800600
.421745100
.391856500
.360984100
.370873600
.384154500
.367653500
.359966400
.349844300
.363702900
.405882700
.371801000
.384117301
.433099400
.396303700
.373251800
.367381600
.414978599
.394043500
.429900200
.414820801
.365066400
.357579200
.374792200
.399840399
.394653001
.393556900
.371224600
.414417599
.379853600
.363561100
.367555701
.439276899
.368214500
.387835000
.382692800
.415854600
.372639600
.355288601
.416661200
.400607200
.361437100
.375618900
.388499900
.383287300
.472003300
.391689000
.387196699
.407985300
.359396400
.372444100
.397905600
.386384500
.371433300
.358423100
.411678000
.380140000
.375734100
.403048300
.408433400
.401379700
.352586400
.407605200
.397243800
.364381000
.379657200
.410114100
.388384700
.356194700
.349929100
.409616499
.431369300
.350782700
.376651101
.398335900
.396702000
.372832900
.355010200
.408181500
.398740900
.372478600
.371530200
.416344100
.379325500
.383976300
.375279699
.383787100
.340358300
.378073400
.416470101
.396358900
.381238500
.401545399
.396559700
.382600600
.387673500
.363053901
.401102000
.375258600
.386869000
.387933900
.400189700
.402312500
.378109400
.378157500
.372756100
.371213700
.336725200
.354878600
.363971700
.331271400
.371904200
.376821100
.371333300
.391331800
.375548800
.376084499
.405560000
.378119300
.350836700
.355760101
.402739900
.402848300
.386984600
.394213000
.386203900
.359451500
.361547300
.408873800
.399481400
.369235000
.374674900
.406719000
.387319100
.368061700
.375481900
.442246300
.377399800
.359370000
.357821700
.397477700
.383354300
.404630400
.333081800
.370073200
.408630600
.362228800
.387810100
.368532500
.378842200
.396440700
.427568000
.387502800
.367373900
.347445000
.390623499
.413104500
.348696700
.379830900
.363783101
.482110800
.367987500
.423745600
.436269600
.390986800
.376584800
.382666900
.406387600
.364406100
.373199300
.415057000
.377571900
.377824300
.391608300
.383665700
.389120900
.402783600
.391067401
.383665700
.403976400
.383193600
.376671700
.411222400
.389069600
.383466900
.358480700
.391317700
.350003400
.418151100
.415673000
.380106100
.351924100
.360867500
.404342700
.400472500
.335613000
.352029300
.415709500
.423914000
.383468100
.370474300
.382196099
.380435100
.360724800
.374967700
.389333801
.383634000
.351221100
.358722300
.419981800
.381913200
.379451700
.358933599
.446142601
.354400200
.406623300
.363752900
.393812400
.372832800
.388556400
.391412900
.376608500
.385814000
.389002900
.391508099
.382245200
.371776800
.365112400
.408460100
.379243800
.377476900
.385849602
.402282500
.384560300
.360147000
.344055601
.410445699
.404666200
.360131000
.369217400
.397791700
.384053000
.371066100
.383738200
.526321400
.365233700
.378307700
.440418098
.389573900
.373470900
.392339201
.412236300
.380895600
.385762600
.412307500
.368808400
.390300600
.383186900
.378630899
.403848700
.369057800
.364213100
.421940201
.392915700
.383473300
.385338901
.421443499
.386419400
.409216201
.376227600
.411540000
.377952400
.367181500
.349159300
.376404600
.432794700
.358083200
.384256799
.420893400
.394351100
.356072500
.396538499
.390688500
.362918100
.366721800
.372270001
.453880400
.370767600
.356438999
.451035801
.376343000
.350584600
.388017401
.423674700
.385849500
.355272100
.383102300
.377745400
.367096900
.378288199
.366337300
.387886900
.363951200
.363622700
.355164001
.367808600
.411986500
.342957600
.353784100
.379115000
.370309900
.387444000
.363232299
.394584900
.388047300
.405201700
.378163100
.404435701
.381589400
.374964900
.419589200
.363187599
.368005300
.340633901
.378202799
.390926600
.365594900
.359007600
.414035000
.366528200
.355137200
.394291700
.396793199
.388857300
.361498701
.349165100
.413317499
.396861800
.367279000
.392559200
.378738900
.351784599
.387275201
.359947900
.400007500
.391341800
.346278600
.381811400
.408746200
.496930300
.355127800
.420443100
.366773200
.380618700
.361812500
.402357999
.389684800
.377968400
.369315599
.406196901
.388045800
.356417699
.362302398
.410800500
.366396300
.390165699
.376312101
.394774200
.391889299
.372192600
.402830601
.385469800
.406184800
.355076300
.364010600
.411784400
.361946800
.349321600
.372543800
.366845900
.360636800
.366070700
.396304299
.363993900
.375585000
.379731800
.431141101
.371784100
.376764000
.398601100
.414731700
.391197400
.405494400
.371356500
.396520600
.386299200
.382433700
.376234900
.421376700
.375065000
.371293800
.400181200
.378088600
.351547000
.370228500
.410870800
.408399500
.370732300
.379895700
.426374400
.359956700
.344540900
.363748700
.423973000
.495221900
.365727300
.355752600
.380304600
.374888500
.405535500
.388031600
.427674100
.366888500
.380700100
.419894000
.379202900
.348682900
.398714800
.410566499
.364436800
.372348800
.378882100
.398921900
.396643300
.372683700
.418431801
.387949500
.399663000
.367673300
.371482099
.423897000
.381262200
.424529302
.409729299
