.279461600
.273842600
.263400700
.266394800
.268340300
.269312299
.264853200
.264811100
.265038900
.271900100
.268158600
.258964999
.267181800
.257405700
.257193200
.256723500
.272030601
.256686100
.254326100
.252190500
.255476200
.258040900
.260634300
.249532300
.264689300
.265289900
.263550200
.264912900
.249330699
.264987200
.269918500
.253831500
.252816600
.247923000
.256233501
.263953700
.248929400
.259902900
.272452200
.260569200
.266055000
.249069300
.264031200
.244709100
.249738600
.258721799
.253025600
.255288100
.261914601
.258957700
.508122200
.260509599
.260499600
.250570400
.245765300
.254377200
.254676401
.266517100
.267159600
.281676299
.255933701
.271393700
.268746800
.247053800
.268148400
.255827500
.250310700
.270634699
.254019300
.379547000
.249507800
.240858400
.256104800
.267728400
.255457600
.257145300
.254030900
.245946900
.237899201
.258032300
.253941300
.251271400
.253798400
.257681900
.260600700
.240224600
.254242400
.247525800
.248640900
.252336500
.260402600
.256395300
.247462200
.252676000
.243765600
.255316900
.240105000
.246283000
.266928900
.250994400
.254721800
.254939200
.250226000
.252569400
.253216200
.238786600
.241806700
.246420000
.253290000
.245522200
.246371700
.258579100
.249545000
.255993300
.247658200
.268171700
.251279800
.252324900
.250784100
.248085500
.253992500
.246727100
.267929300
.250043300
.257957800
.238565599
.265299400
.255806100
.248244500
.253199800
.253811601
.255415900
.253513100
.257602100
.260034100
.253728400
.262943800
.246518800
.246709200
.249029800
.253969400
.257698100
.245481000
.259131200
.263117100
.257720300
.238504100
.265147600
.251171800
.253841300
.261614700
.259071500
.258755500
.249085400
.253743199
.263513400
.254684900
.257484700
.259673400
.255712801
.266668199
.251177200
.256967000
.250402200
.256880900
.260784001
.272783500
.269610300
.337261500
.254712400
.252508800
.265582400
.258961900
.263387400
.258017200
.247566300
.258147999
.253014300
.256583200
.264805300
.263093900
.265856000
.270112800
.254786100
.261209100
.248895800
.248064100
.250703300
.259022400
.252844100
.250445500
.272488300
.255217900
.252420200
.253449900
.250923200
.257431800
.252944900
.254652000
.242081301
.255505100
.248806100
.255468500
.260705700
.253676000
.253628300
.253657000
.278042300
.262466300
.250515700
.251901000
.247910100
.258706000
.255422500
.252200600
.254908100
.252508901
.251712300
.247759500
.254888800
.262666800
.250370400
.258211300
.255659700
.262800800
.255676400
.247094200
.255596400
.255732099
.252013900
.250415600
.251606100
.249858500
.246617100
.253737200
.251697400
.251827600
.252702500
.250902800
.243921000
.259066401
.255102700
.250034900
.247912100
.251637700
.256679700
.249589800
.255948600
.257774200
.256542100
.248705000
.252678700
.258634100
.256433900
.253205300
.260282300
.256069900
.249243500
.251435600
.255328100
.251372900
.257151400
.253192500
.253999600
.254829900
.251914000
.251080200
.236995200
.269113500
.252810699
.252915000
.266623200
.259384700
.256441500
.244596400
.257846500
.265498000
.256610300
.265884600
.247687200
.256636200
.269841600
.245759100
.246730400
.259058400
.265011900
.259878900
.258260100
.252356500
.260344000
.252305000
.254116700
.257445199
.258135800
.250237300
.252645700
.253772100
.251746101
.257196600
.254696900
.257088600
.252786100
.252155400
.255828100
.251195900
.253187000
.245086100
.251924700
.251650300
.258281299
.239042200
.248080100
.246440100
.254549000
.249679700
.243517601
.243203700
.252565900
.246872600
.249343900
.247901700
.244506499
.238446200
.248433800
.249998100
.252318500
.252352700
.251288801
.257012100
.248991100
.256663400
.248203000
.258985100
.248087500
.244041800
.250004000
.252066600
.266922900
.258722099
.257420500
.247676700
.265696601
.265927300
.266645400
.266049899
.264635400
.254537600
.261976100
.255616600
.252668502
.264955901
.253324599
.251806000
.254946701
.250598299
.258345899
.249396000
.257059600
.254242000
.253363500
.254175900
.256382100
.251132200
.251856900
.257295300
.258381700
.245932100
.257195900
.255080000
.256260100
.250308700
.251044600
.250976100
.250585599
.257416200
.256565300
.253619500
.254375600
.254738200
.246026000
.243731200
.238441300
.244052700
.248329100
.247143900
.260924901
.254100000
.255729300
.252583300
.257387900
.246178100
.253383300
.250810200
.255083900
.256771000
.252361400
.246783801
.247579900
.265223700
.247072100
.243312400
.255509300
.253822000
.255226800
.248700000
.252646500
.251821700
.251710000
.250750500
.253334600
.255303200
.250416700
.252833900
.251598300
.256647399
.245631000
.254765700
.248622300
.256863000
.253233700
.250123501
.253859500
.250352600
.260743800
.248427300
.252565200
.242776000
.255588600
.248595800
.253536400
.248474800
.251519600
.251994200
.255847100
.253828000
.248288200
.253870500
.251141100
.257648400
.252216800
.250582100
.253825000
.258529800
.249311599
.252223500
.254414500
.240413400
.255710900
.248731100
.251414400
.254229800
.245970100
.255483800
.247614500
.257282800
.246217801
.249882200
.248112500
.255606200
.246001300
.251359500
.262594199
.258588500
.255047100
.253532000
.256541501
.252469300
.241716100
.256727500
.248942399
.267149000
.248467200
.251390300
.253409200
.245472400
.238717900
.249394202
.249598801
.249737399
.248787700
.249174300
.252824500
.249315800
.255910900
.250441500
.251355200
.242158200
.253638900
.247246800
.259404000
.249629701
.253697100
.250907000
.245100800
.246873100
.256468200
.250684300
.253943800
.254257200
.242304800
.253940500
.255709100
.252510400
.258175100
.250988000
.254391300
.258755300
.256608000
.253406800
.245793300
.252543100
.253414800
.252856300
.244557299
.251643100
.247566700
.253774500
.241295000
.256800700
.248872301
.247811500
.245512100
.245766400
.245994100
.252618100
.255762399
.245354400
.250014000
.246736300
.254426602
.249546601
.252309500
.253952000
.253045100
.251626699
.241999000
.252992900
.257158900
.254530000
.258802900
.257747700
.265716600
.250395401
.254674900
.261285700
.266291300
.254159900
.253972500
.262038700
.248375600
.263568600
.264243900
.265819900
.256497900
.255933500
.256645100
.262689400
.254199500
.256733900
.258747200
.252650200
.256499600
.249861800
.263831500
.253770200
.256685600
.256270500
.247621800
.258333800
.243679600
.258552500
.259591499
.253799100
.259799101
.249272900
.251943500
.257116600
.252938500
.249829100
.252635500
.250168400
.254710999
.251874600
.253214298
.254043400
.258422800
.264069000
.260241800
.258186101
.262463900
.248034800
.245266600
.263495200
.246240900
.258020500
.252581900
.256468200
.256849100
.244262800
.260242800
.253125400
.262507900
.249128400
.249427900
.252040500
.262954700
.255207599
.255326500
.252012700
.249239000
.246992400
.248102002
.255884999
.252911100
.250197000
.249878200
.249049300
.252348401
.245154000
.252908600
.247296700
.248375100
.247029100
.248603400
.248673500
.251821700
.247773500
.241981600
.240712600
.256785300
.254821600
.269867301
.257154500
.263403800
.254186800
.244770300
.255124500
.254677500
.249885900
.254003400
.250130100
.255000799
.255664500
.247600100
.256689600
.259711600
.266017101
.251016800
.247472500
.257129000
.251507000
.251232400
.247105700
.254517400
.254222000
.253153600
.247215200
.254038000
.246189400
.247071800
.243830700
.259085700
.259018000
.243664300
.254218300
.258749400
.251351100
.252119200
.251141600
.255052300
.254240200
.252836600
.249924600
.252253200
.257278200
.252561599
.243926900
.259521300
.255749900
.258134100
.254591000
.257177501
.246405800
.242363600
.251998000
.255028500
.247497200
.251831100
.258384300
.249951900
.255597500
.252265000
.254907600
.251822400
.257762800
.253270400
.250227900
.242082900
.255917600
.249382900
.251020300
.255459700
.254226500
.250143700
.257117000
.254120600
.258166100
.250652200
.254719900
.252665700
.254366800
.242919701
.253346500
.247659500
.259254300
.250781900
.252452099
.250985200
.255372500
.247825300
.256893200
.265208600
.240148599
.248154000
.249528100
.258164800
.255654100
.243622300
.255015401
.255430500
.250226600
.254519100
.249642000
.255528200
.249671600
.253635000
.247058100
.251197900
.245696500
.246063500
.253270900
.272323299
.259282201
.249594199
.254400600
.263586600
.255772200
.255027000
.281136400
.256809600
.258608100
.267351099
.270082600
.271636100
.268865101
.261731900
.263537100
.259623198
.254888900
.255810600
.254436600
.254289800
.250572500
.255403300
.248651800
.259297000
.260961900
.253465300
.260184700
.253169400
.254303400
.248426400
.253809900
.256868100
.259332999
.261327200
.267198000
.250909500
.265206300
.248840700
.258022100
.265781300
.257627800
.255210600
.254803600
.268624801
.261712500
.259183400
.258362800
.259308600
.252234400
.255355500
.251254000
.259264200
.264709100
.268869400
.254325700
.261819599
.256896500
.255286200
.240618400
.250524600
.253735701
.240674300
.255232000
.253206700
.255134000
.250804700
.254556800
.251043400
.252072700
.252593100
.248617500
.255623800
.250982500
.250636300
.250328500
.259359999
.253052200
.254513200
.246399700
.254167200
.253846600
.250894300
.258553000
.255404200
.252254101
.251734900
.250632300
.252169500
.253254800
.258374100
.263877900
.252049200
.260247900
.253630600
.257031000
.252659300
.263158100
.263019000
.251447400
.261054600
.264648000
.253951899
.255363600
.255604600
.271511400
.271406100
.240845800
.259413500
.249688200
.243354400
.245977700
.265850900
.261857501
.258028000
.261337100
.265665400
.256641500
.253931900
.256831399
.254143900
.258669300
.251305500
.253969900
.250658600
.266395701
.248860700
.258556200
.256603800
.252199100
.256584100
.248256299
.259756400
.255874300
.245867100
.262435700
.249966600
.260872601
.252629300
.249337900
.252605100
.242404200
.254944100
.249426400
.258936400
.245161300
.257632500
.258803000
.252415700
.258218400
.246802000
.246747800
.247818400
.256340100
.251192299
.252298700
.246841400
.252507100
.239863800
.256542800
.257179500
.249852000
.255056800
.252281000
.256360500
.250888400
.252905800
.245614000
.246694600
.249174200
.245784500
.247565100
.251421401
.247354200
.247943900
.254700800
.249410500
.259342400
.251848500
.256841600
.253908500
.252035200
.259361000
.249002099
.254337800
.260324300
.256068200
.247314200
.248365500
.239218501
.260616700
.253808100
.257719800
.259670200
.258648500
.251277000
.265511800
.256920100
.258077400
.252460000
.251777499
.256510400
.247129200
.252703100
.256182800
.253645600
.252603601
.245304700
.254075800
.255959300
.252712500
.249437000
.253569500
.241702100
.254639400
.250222900
.255141500
.257425500
.249220899
.247221701
.253037500
.257897900
.249738700
.254856700
.253567099
.253690200
.260382800
.251178600
.254055300
.256336802
.253986399
.253417300
.252611000
.255437600
.248218500
.254778800
.253795001
.258661400
.252819400
.263309300
.255520100
.245543700
.260480100
.250234000
.254607000
.250490400
.252450500
.251346500
.258938200
.255557000
.241796200
.255324800
.250344200
.257719699
.241573800
.252143800
.273145300
.252230200
.258750700
