.007076528
.013541262
.008645558
.007182455
.008160979
.008081560
.007163704
.007000844
.004140844
.006970506
.007120591
.006367034
.007374077
.008414936
.007303257
.007220004
.007075911
.007457789
.004038015
.007158205
.007090548
.004623003
.007055593
.004062645
.004025737
.007286381
.004060611
.008337556
.007344747
.007307585
.007071768
.004041938
.004047623
.003985584
.003979952
.005063806
.003943530
.003990378
.008330757
.007858382
.007028252
.007135015
.006991489
.004068435
.007127783
.006984849
.004062528
.007173191
.004069322
.007341064
.004121159
.004052475
.006918966
.007196298
.004015611
.005221993
.003983815
.009281733
.004186737
.003971358
.008963636
.007303442
.004065300
.004105160
.008338968
.004058302
.004020253
.005067355
.004076267
.004057488
.005626929
.004024185
.004103518
.006153007
.004050287
.004076405
.004069273
.008811259
.004068630
.003958583
.004319503
.006941300
.004126910
.004056785
.004143237
.004084271
.004062352
.004759632
.004066882
.004161389
.004120577
.004112983
.004775696
.004105842
.004070348
.004563261
.004078056
.004097143
.004890441
.004076125
.007249910
.004092514
.004068129
.004092777
.007013323
.009333749
.004118782
.004104675
.004593849
.004034443
.006985932
.004110702
.004605213
.004169319
.006939178
.004800555
.004019074
.005130631
.004075144
.004055208
.005088157
.007218594
.004145775
.004097208
.004696991
.004984317
.004090043
.004045513
.004035184
.004039010
.004766121
.004074624
.004099624
.008108430
.004146593
.004030835
.004132275
.004274949
.004001365
.004063277
.005058819
.004068408
.004499953
.004480495
.004595357
.004043350
.004278689
.004516629
.005610498
.004079991
.004096912
.005443431
.004061966
.004835917
.004171540
.007256187
.004128958
.004108785
.004564488
.004911216
.004648902
.004992397
.004510404
.005298865
.004037699
.004041709
.004933702
.007103477
.004056040
.004530752
.005058374
.004059579
.004586936
.004054454
.005613717
.004053530
.004588171
.004780526
.004593266
.004520033
.004166846
.004083840
.005256798
.004053670
.005470118
.004467794
.005268962
.005725721
.004197025
.005066225
.004614549
.004039250
.004263940
.004023290
.004128897
.005082876
.004130768
.005391425
.004545852
.004907212
.004509236
.004560899
.004572293
.004231107
.004158728
.004041162
.004174288
.004739214
.004019125
.005045500
.005064877
.004015965
.004648809
.004096475
.004104585
.004666920
.006179057
.004064058
.004028673
.004565677
.004470339
.004087205
.004034517
.005082734
.004541072
.004043146
.004952880
.004007887
.004614708
.004456134
.004628882
.004946085
.004549359
.009651904
.004085942
.005166279
.005020234
.004481460
.004073890
.004520585
.005572709
.004873865
.004850139
.004025408
.004054138
.004973862
.004012395
.004057505
.004881155
.005855783
.003978902
.004097555
.005545581
.004085470
.005677409
.004015118
.004061970
.005020718
.004017415
.004534445
.005238386
.004185395
.005115217
.004553540
.004646198
.004144385
.004606492
.005263773
.004088397
.004044339
.004805567
.004554545
.005325156
.004039059
.004037523
.005066707
.004039249
.004000332
.005901524
.004072345
.004029226
.004788194
.004059702
.003979092
.005255512
.004995627
.004631607
.004020298
.004521545
.006028607
.004000520
.004441723
.004669811
.004119480
.004882659
.004063855
.005100482
.004045534
.004574977
.005073494
.005023681
.004032535
.004053705
.004081790
.004095893
.004857054
.005015602
.004505010
.004214192
.004590752
.005044851
.004478181
.006291281
.004084788
.004010989
.005038304
.004151145
.004093206
.005139337
.004100718
.004095125
.004252775
.004558570
.004130021
.004074359
.004638505
.005804331
.004116657
.004138655
.004116968
.004102812
.005236093
.004063815
.004969234
.004575949
.004587469
.005124644
.004646595
.004169567
.004103087
.005444230
.004060804
.006015154
.004066220
.004128389
.004110273
.004085365
.005011270
.004146996
.005089417
.004080775
.004028775
.005156213
.004071910
.004101802
.004692095
.004081296
.004067002
.005765391
.004536860
.004211045
.006090433
.003996793
.004583930
.005616664
.004039275
.004039199
.004362297
.004083846
.004996215
.004082408
.004021085
.005689332
.004628212
.004149234
.004547930
.004561689
.004686458
.004093410
.004556474
.004112315
.005499583
.004059015
.003999972
.005309489
.004575707
.005247381
.004550318
.004089317
.004278467
.004584073
.004070789
.004245750
.004991297
.004011404
.004097393
.004101493
.004538932
.004318955
.004052255
.004089082
.004841448
.004011862
.004026379
.005049339
.004083510
.004017193
.004850613
.004998619
.005531449
.004070336
.004027240
.004139720
.005282717
.004022603
.005750406
.004584951
.005580469
.004511765
.005199670
.004038315
.004564816
.004356205
.004121852
.004568807
.004375147
.004074006
.004530670
.004403643
.004022367
.004711485
.004685795
.005084646
.004101254
.004087965
.004059458
.004901434
.004109401
.004559007
.004764215
.004533719
.005237862
.004090892
.004828987
.004095690
.004539063
.005794618
.004020410
.004060497
.004369025
.004020596
.004019536
.005028007
.004050124
.004092719
.004813170
.004128275
.004605200
.004078607
.005545446
.004563886
.003993905
.004623856
.004715995
.005034472
.004299666
.004191498
.004093245
.004583608
.004046979
.005285637
.004103684
.004111098
.004802852
.004061900
.004700753
.003986732
.004364706
.004720410
.004014758
.004675551
.004786674
.004697007
.005306172
.004184135
.005953053
.004275277
.004972702
.004123478
.004079968
.005018480
.004675613
.004205510
.004000963
.004901287
.004060175
.004577635
.005146260
.006808103
.004232938
.004552992
.004262800
.004187600
.004106165
.005320541
.006771048
.006161725
.004123847
.004332068
.005211064
.004579304
.005087774
.004102108
.004087667
.004730953
.004006228
.004522916
.004315196
.005131905
.004074320
.004232873
.004090270
.005978188
.004041000
.005067084
.004039649
.004027500
.005310656
.004059755
.005463897
.005515534
.004142493
.004068820
.005075072
.004081915
.004010496
.004645000
.004630517
.005101155
.004045865
.004593776
.004155649
.004502406
.005087146
.004077395
.004046659
.006556010
.004462693
.004113357
.004009495
.004079951
.005954201
.004031777
.004652995
.005068644
.004078916
.004096760
.004145708
.005082304
.004974290
.004030302
.004145983
.004554874
.005016812
.004059654
.005045434
.004062853
.004538218
.005153776
.004102323
.004574935
.004666225
.005804982
.004618772
.004511785
.004110040
.004069462
.005696195
.004584442
.004208972
.004319630
.004026026
.004545951
.004117890
.004050897
.005223496
.004020148
.005062234
.004027855
.004091418
.005214058
.004006092
.004148125
.005267127
.004060813
.004122505
.004410530
.004016463
.004091946
.005444223
.004510052
.004995306
.004481919
.005219712
.004981738
.004025577
.004269223
.004084888
.004102493
.005434135
.005029900
.004109938
.004591205
.005189902
.004022787
.005013327
.004148570
.004591660
.005187574
.004594199
.048338048
.038885884
.004547377
.005404264
.005054760
.005898298
.004572500
.006240734
.004081920
.004660743
.005380760
.004109145
.005703674
.004693912
.004855689
.004012654
.004560090
.006155669
.004077984
.006263368
.005084958
.004527585
.005371990
.004119910
.004593692
.004223154
.004616518
.004107277
.004085565
.004195198
.004528792
.004065215
.004028244
.004037363
.004085725
.005083467
.004033655
.004694137
.005585621
.004913104
.004546770
.005139892
.004573033
.004071683
.004038865
.004802104
.004061092
.004033865
.004536825
.006860048
.004037997
.004028970
.004844347
.004079183
.005728795
.004631924
.005121680
.005010799
.004963725
.004021739
.005367665
.004000618
.004599913
.005110239
.004175545
.005379001
.004110085
.004138273
.004489179
.004647220
.005506152
.004551093
.004930309
.004062188
.004852687
.004542145
.005740751
.005480792
.004151583
.004775619
.005138868
.004576038
.004094739
.004723506
.004062545
.004129777
.004112840
.006087938
.004545229
.005178314
.004053994
.004562365
.004325682
.004062677
.004714262
.004160888
.004130838
.004056284
.004021897
.004633522
.004249359
.004076469
.004025522
.005453131
.004064163
.006091204
.004070725
.005740640
.005075514
.004537470
.004141972
.004614208
.004179442
.004497050
.005257924
.004052358
.004033275
.004963911
.004087288
.004662423
.004048735
.004096790
.004608068
.004188877
.004005411
.004179155
.004781149
.004598859
.004090773
.004213779
.004152434
.004060359
.004629212
.004067177
.005486622
.004543095
.004188457
.004901724
.004072633
.004098998
.004784350
.004925662
.004547072
.004057730
.004067143
.005004058
.004222583
.004123884
.004602378
.004087178
.005063141
.004129044
.004569177
.005218234
.004535455
.005457563
.004841199
.004073818
.004131850
.004052883
.004097899
.006085709
.004556203
.007460011
.004525177
.004027658
.004085371
.005513153
.004119744
.004686436
.004047835
.004587610
.004186288
.004561738
.006276262
.005095976
.004127249
.004105012
.005791793
.004118608
.005253225
.004018184
.004032617
.004687972
.004659220
.005398012
.004116310
.005263310
.005580596
.004071235
.004058332
.004052747
.004085143
.004019350
.004083062
.004085613
.004241594
.005332835
.004067311
.005105764
.004787301
.004615367
.004684723
.004111021
.005683191
.004612618
.005249663
.004623910
.004608788
.004556882
.004064045
.004017836
.004680871
.004489018
.004900816
.004023825
.004066739
.005122272
.004063953
.004217080
.004446124
.005075002
.004585670
.004059499
.004360457
.004289017
.004114465
.004074420
.004065763
.004662622
.004605734
.005017893
.004034000
.005479416
.004650853
.004329333
.004511551
.004500213
.004164910
.004044578
.004411503
.004014448
.004000454
.004754245
.004075680
.004515615
.004115736
.004097370
.004078321
.004354745
.004046470
.004051435
.005250632
.004086463
.006441643
.004096824
.004899653
.003989859
.005405519
.004061318
.004521126
.005086957
.004548572
.004556445
.004095916
.005507273
.004007762
.004141086
.004166877
.003991343
.004593037
.004176081
.004069165
.004618177
.004157494
.004631988
.004031210
.004153283
.004006210
.004081214
.004892689
.004015472
.005985108
.004020707
.005585716
.004025116
.004545711
.004120472
.004088506
.004073254
.004058639
.004044683
.004119582
.004109044
.004031352
.005223542
.004612107
.004893737
.004018143
.004093788
.005446805
.004100964
.004282628
.004014732
.004548414
.004363540
.004530659
.005419207
.006105982
.004166737
.004509459
.004713004
.004071296
.004124600
.004110530
.004047868
.004590355
.004023890
.004033170
.004796127
.003969850
.004105554
.004913329
.005287656
.004625266
.004251266
.004156615
.004572591
.004058753
.004091998
.004599344
.004084437
.004096224
.005199352
.004110715
.004088441
.004141870
.004083128
.004964506
.004046586
.004943725
.004128485
.004064030
.004114378
.005052098
.004637691
.004989187
.004007875
.005309207
.004062110
.004029365
.004094760
.004047111
.004617774
.004078605
.004098581
.005525686
.004083318
.004092654
.004597041
.004944958
.004071211
.005923122
.004549946
.005504922
.004100821
.004122228
.004017958
.004538960
.004736099
.004054670
.005605667
.004001508
.004040891
.004433906
.004061595
.004102219
.004370476
.004038683
.006517268
