.260466400
.259870000
.255190000
.260282600
.237416300
.256907400
.256024800
.261244300
.271014200
.250880100
.250125400
.256345600
.273446000
.260720000
.257947700
.256766100
.261044600
.259175300
.261332500
.247340700
.257604599
.259631000
.243468900
.243674200
.263562400
.237789000
.244135700
.240213000
.241052100
.239793800
.239083000
.263727000
.251952800
.275456300
.266070400
.241074800
.239100700
.261499200
.240691400
.240005200
.241136400
.260713500
.276695200
.237217701
.256800700
.244878800
.242477600
.262379200
.237813500
.244582599
.279277599
.277724500
.256090300
.237213500
.245565200
.263597101
.260918600
.248894600
.241574600
.269260200
.241303700
.265002900
.280481700
.251762200
.232806200
.243519000
.261433100
.232244700
.234178600
.233744000
.250218800
.233852100
.229289200
.238250100
.251783200
.236624900
.246968200
.264401100
.259027200
.240990100
.243912000
.263295700
.248002100
.250735200
.231745100
.236264699
.243264900
.253030200
.232944800
.264689300
.250791400
.247904301
.240824400
.239780100
.263690200
.253961000
.233474601
.239577500
.252093700
.239712100
.244417200
.239465100
.241818700
.246527800
.236756100
.250074600
.244400200
.240065800
.253155100
.243526499
.245589900
.247906600
.243310800
.247754100
.238972000
.239002601
.257006300
.237705500
.260728900
.225551100
.240754900
.237016599
.242575000
.238929400
.244391801
.249416600
.256537899
.234842301
.248802500
.234915200
.250386700
.233707700
.229251700
.237781899
.247573000
.241556300
.257847400
.276787200
.234050900
.234314001
.237209400
.245828600
.244453400
.251387000
.254543700
.239466000
.234394100
.225563900
.246364700
.233906700
.235433500
.234882000
.248600200
.236573300
.242251700
.239891000
.228611300
.282163200
.248357300
.266123600
.240282700
.254485300
.237152700
.258728399
.239794100
.238174200
.241129000
.237743500
.249995600
.251534201
.240983400
.236681200
.229793800
.238331400
.237687900
.232394600
.254313600
.233945100
.236231400
.234394300
.237721200
.251500499
.239234400
.248936700
.240770300
.235744400
.238093600
.236651001
.236192700
.235386300
.236238600
.232064100
.240673300
.234843300
.256489999
.235280000
.258661500
.269124700
.238776700
.232763700
.240554800
.238585500
.230980400
.262600300
.238119800
.237023600
.233067001
.254007300
.235625100
.244703500
.236031700
.240407200
.237158099
.234701000
.251468600
.239139600
.238129000
.234860800
.242922000
.253907100
.239553300
.246673000
.229606300
.242271600
.233229101
.235226600
.252727500
.236581500
.235603300
.234502700
.240183000
.239590500
.234057500
.233814700
.255617799
.253598200
.229139101
.235219899
.253549700
.235476900
.235223200
.238364500
.234637001
.247790999
.238036000
.240611100
.237816800
.231308500
.240888400
.236059700
.232477000
.237875100
.237175000
.255456800
.259621900
.244636699
.237211100
.239172300
.234478900
.245817200
.239390200
.239330600
.237802900
.234315400
.251856900
.237636300
.241604200
.237709800
.225860200
.237688500
.239058600
.237930300
.236164800
.235717801
.236083000
.235777300
.236827900
.236203300
.231093700
.237702000
.239359300
.238011800
.238121000
.236691900
.237245000
.236347100
.239893199
.233634400
.233616100
.239970600
.251947800
.240587300
.247812501
.236221300
.239002500
.244653600
.238069400
.256210000
.237258599
.235996600
.238760400
.230241600
.240549400
.235826700
.258430700
.235521000
.239965600
.238034200
.229042200
.238739600
.235646001
.233429800
.241508300
.233886700
.240356500
.235971500
.233700899
.235771200
.239048600
.237406200
.240342400
.233606800
.239439101
.233463700
.231019400
.236439300
.235122600
.242286400
.246113900
.238771900
.236814200
.234732900
.240747300
.235544100
.239627800
.233973800
.241268900
.249979600
.250604100
.247863200
.234600300
.234653099
.237690000
.252013900
.231114700
.240821800
.234971600
.234238401
.236373800
.234560700
.239623700
.236428000
.241317200
.237624399
.231925200
.239127400
.241379700
.248530800
.234487400
.231498102
.256216600
.238861500
.238971500
.237414000
.229576800
.234323700
.237809100
.238449500
.241515100
.239598400
.234409200
.228554500
.246913200
.234470100
.238716000
.235832800
.231072000
.234734400
.235098200
.238806400
.237520100
.238746200
.240655500
.239279700
.236472600
.235419400
.230634200
.241298100
.229823100
.237991100
.235330601
.231648600
.238064400
.236549900
.238014900
.238534700
.238230000
.240689799
.240596000
.238527700
.236452200
.226945100
.242109500
.230594401
.237506800
.233626200
.238927600
.240832900
.233678800
.227670400
.235721400
.233337000
.244958200
.236096200
.239247300
.238854099
.241605400
.239706000
.240236700
.238427500
.239325500
.237454901
.238263300
.228958900
.241529300
.235642700
.251709800
.238692100
.248335399
.234178200
.239770600
.237665100
.237320200
.239323800
.236168900
.231005200
.237623200
.235048900
.239486900
.237049500
.232739601
.234404500
.236152200
.233098600
.241646600
.242125900
.239443599
.235099600
.234620100
.244572200
.245698900
.239796700
.234661101
.248058800
.226701500
.239817800
.237432600
.229898200
.236009000
.238660700
.238701900
.231515800
.234348100
.237241800
.233606900
.237621400
.235309100
.235703400
.239466600
.236257600
.238136600
.233473900
.233154600
.238436300
.234904000
.238345500
.237735400
.234507100
.260747100
.255450800
.235532400
.232320300
.256551100
.251722400
.234127900
.240629200
.257839300
.233830700
.237937800
.234570299
.239075900
.249884200
.234697100
.236300000
.235351200
.239821202
.235139300
.233811300
.234445500
.232636600
.237178000
.237264500
.257115699
.237603600
.239431300
.238766500
.235951300
.240587000
.237906501
.231567500
.260123400
.231555300
.239661000
.254921600
.236308500
.228645100
.239535800
.247304700
.241052800
.286445000
.234627600
.255033100
.243476600
.240201600
.246750300
.234965300
.243061499
.241633300
.226295700
.226722700
.236074800
.243827000
.240541401
.249170000
.243227200
.234442900
.241143200
.235509600
.238741699
.234604300
.232976900
.242077300
.234046300
.242781802
.237208600
.240285400
.241764300
.251697800
.243982300
.230263800
.242909501
.256485300
.247408500
.233927300
.246966300
.242828700
.254919200
.249689400
.247745300
.241854100
.247559300
.238114100
.245541699
.244634700
.244995300
.248126100
.245186200
.237445501
.226318501
.230674000
.237929100
.237114300
.234930900
.233646900
.261107599
.236312301
.241357700
.234103999
.239416100
.235043400
.229262000
.239079500
.251760600
.238168400
.237937000
.233935000
.232794900
.256163400
.239066601
.249383800
.242858700
.235871400
.242166200
.234111900
.242081100
.247807999
.232738000
.247495400
.230673500
.239625001
.238729900
.226710300
.237542500
.229550600
.258640899
.238951300
.246595200
.237098400
.230213800
.237804600
.246883100
.237886001
.241893500
.243746400
.237741300
.234519200
.244456700
.231663300
.235727600
.244921100
.248167800
.241077000
.240734400
.239213300
.234991500
.242149000
.235516900
.241500500
.243480799
.244462500
.244213901
.240399200
.241774600
.231554700
.239495600
.237617600
.243992000
.241662900
.247044399
.242360400
.243323800
.237188500
.226917500
.251741800
.237158100
.240280401
.242309100
.229128400
.258180000
.239208200
.244142000
.243578400
.252160800
.251297999
.238914001
.239948400
.239863800
.234330700
.240497000
.237954300
.238532699
.235814700
.234010200
.233010300
.236431900
.237970700
.239003801
.229333300
.238755300
.237776000
.244057900
.238242600
.233860100
.264379200
.234980000
.241469600
.233639600
.240033800
.238259400
.228585400
.244188900
.242708600
.270636800
.242052400
.247182500
.253137199
.240364800
.238277000
.268174800
.253502900
.248306500
.257030701
.253882400
.242643100
.228488700
.242313200
.251114100
.258159900
.247935300
.245472500
.280108800
.239854900
.249505600
.240565400
.241776600
.239051100
.222832600
.237859000
.235810500
.258906300
.238974900
.253557000
.232699700
.238872600
.241300300
.242404900
.236280500
.236985200
.243490900
.258110200
.235651400
.235294099
.248447400
.235443100
.237171400
.237214500
.248225400
.240079201
.229290400
.237860700
.239215600
.231844100
.238246100
.231144000
.241765400
.236891500
.233991000
.240827000
.234714900
.238345800
.235270000
.227542900
.245837600
.234785100
.237994900
.237654600
.236412600
.239247700
.233620200
.243185300
.235606800
.226007300
.238306899
.241441400
.240152300
.240889600
.233062400
.234861800
.235086301
.234532200
.235560400
.228051500
.240694100
.238160800
.240062699
.236455400
.232186900
.240634700
.237179800
.245768500
.244685501
.243504400
.238297200
.232458500
.237865200
.233153000
.228944700
.250435500
.234075400
.242207500
.242194300
.243628200
.243699299
.235389800
.245977900
.237752500
.242178400
.237690600
.237241400
.233752101
.233353700
.232605500
.238115600
.245849100
.235083000
.239842399
.240972500
.233717900
.244325000
.239616600
.240296600
.234737100
.239226400
.238776400
.230522600
.230934100
.233281700
.235557501
.238154400
.240324100
.241036800
.235391500
.248792800
.235061400
.240077200
.238196500
.240172800
.249141300
.244122800
.237139200
.232136100
.237368000
.243777300
.229829500
.238244300
.236102900
.240091999
.238415400
.240367600
.236275500
.233937700
.243190500
.234905001
.226878600
.237974700
.249943600
.267189800
.247819500
.231532400
.232664700
.256016600
.234461600
.255941400
.226664100
.239303100
.234305800
.239438700
.238486500
.238951500
.255822600
.234321400
.242920200
.236940200
.225758900
.241234000
.252928800
.239929000
.241227700
.241033599
.247289700
.239418200
.231464200
.235158501
.239112100
.235420100
.231621900
.237162200
.239738500
.239946900
.248980600
.237238500
.230473100
.225943600
.239992300
.237418900
.229500000
.235278100
.234814600
.238462400
.237302200
.239144400
.232922800
.243652700
.255458200
.240710300
.243805500
.242052000
.245665700
.228419500
.239574100
.236561400
.237990000
.241526300
.237687600
.237511500
.250574200
.240691200
.239237000
.241818700
.241421400
.235885800
.240810000
.239048400
.244240900
.239437300
.245474200
.240264300
.241268800
.261560300
.245341800
.239312100
.232395900
.253810600
.236506500
.236461600
.237807400
.243283600
.238508000
.230397299
.237656100
.238091700
.242042200
.239477400
.239727000
.236450299
.232101200
.252037800
.234098100
.238717600
.236772300
.232957700
.235843600
.240496900
.236940800
.235363600
.235330200
.232622401
.230763400
.231107300
.239063000
.238191800
.240685700
.243419600
.245825500
.237499700
.232161600
.233069400
.237613800
.238793800
.237249000
.236580500
.235698700
.235731500
.237908000
.238507700
.239532200
.238132100
.235038200
.240835700
.237682400
.233398900
.232672400
.229179200
.240586400
.235405900
.244414100
.257476900
.242044200
.238216900
.228360000
.230653600
.233049500
.229465000
.234881300
.234996500
.286642700
.235899500
.230072600
.231449600
.239790400
.236239100
.237247200
.241510000
.237784200
.240079400
.236844201
.228448000
.231400200
.252971200
.254435400
.254907300
.242987100
.230809400
.237534800
.236429300
.238302600
.241399200
.233362300
.235926400
.231184100
.409003300
.330733100
.463219700
.465604200
.325403500
.406374400
.495528100
.443533200
.447217899
.395210101
.466851100
.447274900
.453234599
.359992100
.418240800
.366964300
.431730301
.470210200
.425131400
.394564601
.442338200
.444075900
.346796000
.427327000
.476685700
.465186800
.404305200
.413425400
.409879700
.377794200
.462041800
.456168700
.377794900
.347750000
.396345899
.403915000
.394574400
.380775101
.411865799
.384241300
.343987400
.462231400
.427623600
.404482200
.383999400
.446598299
.338397200
.364640200
.428185000
.384285401
.364994700
.394528900
.318938800
.457986800
.368742500
.364216900
.323898300
.339805200
.516269100
.443088600
.364851700
.344600000
.363361000
.347463000
.321889301
.403999900
.376875600
.347131100
.350526100
.372972000
.384602900
.350131600
.332276200
.374535899
.425351000
.451233600
.392325401
.429991600
.342156300
.347196000
.367939499
.425426500
.429985300
.397111500
.422039100
.465869100
.384731100
.378478800
.395446700
.372654500
.495121000
.407091000
.395755300
.425488800
.339348900
.361395399
.422697200
.368533600
.292264200
.386035201
.413147800
.343786900
.387098000
.355816300
.377369000
.379794100
.347208300
.399741500
.438041700
.376195700
.400605700
.380686900
.350007800
.338116400
.449117100
.396415800
.305053300
.348854100
.456072400
.317104100
.363927400
.370870500
.476081100
.420673900
.335726800
.356215600
.404008400
.361116400
.340322400
.408487800
.437824000
.359536700
.370587500
.335864600
.421708200
.428357700
.360672100
.322680400
.386135600
.366832600
.407826800
.374833799
.335150301
.410398300
.373106300
.243476401
.342385501
.389415500
.373799600
.370412300
.380777399
.386409800
.312966400
.368015401
.398424400
.336008700
.392992500
.308349100
.391493700
.453564600
.373934700
.389055700
.348697200
.295218400
.282912000
.336979200
.406941600
.408698300
.361446400
.432356800
.379189501
.341883100
.379144999
.338405400
.423035800
.364360800
.327796300
.328396700
.352105600
.362232500
.317656000
.359443600
.389333399
.314632000
.392443500
.376783500
.379829601
.480562300
.354623200
.367695800
.433839699
.363223500
.345952600
.363106900
.444361301
.356404600
.350305200
.348985000
.448497800
.369271800
.392061500
.349586401
.390943500
.377085700
.372253800
.341566600
.372845600
.369548600
.387888200
.389804200
.362308500
.333555300
.318142700
.394158800
.406839400
.358679000
.328101200
.409787100
.358734200
.415916200
.331776200
.353565200
.408594000
.412771100
.371717300
.349112500
.336963000
.372118800
.365957200
.356444200
.434901100
.404535200
.504321700
.416789599
.338865900
.335310700
.368776500
.361371800
.357054500
.458985900
.338838300
.349097201
.467687800
.358714000
.346634700
.400939100
.313577700
.329793900
.374345600
.358538400
.350792900
.327596900
.363337700
.343178800
.395279900
.358381800
.354012900
.458491099
.318678700
.377882100
.314570000
.362013201
.409553800
.371559500
.358421900
.316108000
.378927000
.350373300
.340120500
.337609401
.354542600
.355587500
.290920100
.326200900
.327213400
.448816900
.416645900
.335042900
.353786000
.400221700
.317831200
.346916700
.407343900
.371161100
.353476900
.316391700
.388099499
.367082300
.390057300
.356959600
.372648600
.334781000
.387211800
.322771700
.407932500
.380422800
.369092200
.377965200
.379203100
.392451000
.359193200
.295262000
.356565201
.399279600
.380026000
.324365300
.302502900
.382837700
.335184300
.417293400
.440978600
.406440200
.413522100
.354835800
.393743900
.366386700
.384864100
.327962600
.384960799
.561282500
.384463900
.316631801
.407321700
.328537500
.367098000
.381230800
.384256900
.301859200
.340374500
.305020200
.371881800
.406492100
.368863900
.289164800
.328872000
.410381500
.370702600
.333083200
.397274700
.411243800
.348244000
.324289300
.380230599
.378648100
.378561700
.402284300
.360168301
.405309800
.328556700
.360259500
.367753299
.330291600
.401135400
.365136000
.387647600
.386880500
.417175500
.344860500
.461149001
.377551200
.315374900
.313170400
.442247100
.466699800
.349400900
.333237900
.376901800
.404109500
.358658600
.358692500
.336523599
.353192600
.390147800
.303697500
.321351501
.389366000
.337719700
.484520100
.390245600
.384402200
.377023900
.333262200
.364686700
.426154100
.309041700
.334055200
.418930600
.349998200
.354526700
.335276600
.371076300
.369028300
.382744000
.341779200
.363796100
.396434300
.365118900
.328568200
.414271200
.347153400
.354996500
.420182100
.353146900
.352003800
.387016800
.374498700
.411377300
.444118100
.335005000
.333980600
.391339300
.364822400
.339782100
.343524100
.415469700
.393696100
.348547600
.299819700
.409650200
.337350800
.335058700
.322326100
.491944399
.369102800
.342523400
.372092400
.368717000
.390041700
.385044100
.343604200
.356292101
.395709000
.328083900
.321535500
.381278200
.378125300
.371169200
.356368300
.353356300
.343163200
.362676300
.356625600
.359790200
.382740700
.361718300
.312031400
.316448601
.341764600
.386765800
.409023300
.324676800
.329279200
.501202200
.318586300
.342968300
.447755000
.335079100
.396520100
.353544700
.480905000
.363770600
.363135000
.395198000
.365966100
.362412700
.420732000
.413711800
.369622800
.440331800
.346847700
.350519800
.304794700
.348607400
.330016700
.480791299
.571900800
.347871100
.582689501
.445674900
.347509799
.399666501
.513745099
.397406500
.366061200
.503931899
.399304900
.342874700
.396457700
.355718401
.363170500
.296593300
.354022400
.356518000
.378440200
.329034600
.381662800
.371430500
.446990000
.343048900
.333211600
.481750500
.412369800
.407897300
.352994099
.422055500
.375298700
.332948800
.375888300
.356199800
.372305901
.320522499
.341229798
.342106701
.387306500
.388443600
.351260300
.308062900
.390059400
.364873200
.335343300
.389242800
.403450400
.325465700
.304985100
.331865600
.345916300
.319003800
.331358900
.364409700
.404850599
.351308200
.448171000
.333872200
.360991500
.391042400
.415827300
.396572499
.366908700
.479576800
.344798100
.380280800
.424202100
.470797100
.286470100
.452260401
.398505300
.333075700
.350377700
.420737700
.389582200
.343336400
.340195400
.366876600
.357030200
.296067600
.374143300
.384950100
.385286800
.382402200
.366019300
.383588900
.360643000
.377194500
.310661700
.369356800
.355065500
.402603900
.395436300
.381644000
.370341100
.380177200
.371518400
.390134500
.384351100
.371361100
.334627500
.354226500
.366869500
.369401700
.360950000
.424610900
.520962000
.382345400
.371141999
.441612500
.386606400
.359546300
.376165200
.389662200
.403155900
.361726400
.383487801
.360113200
.351540300
.318101400
.409772300
.355243100
.351706800
.318490200
.369870400
.357160300
.357581500
.383329000
.394801200
.334311000
.308539500
.398186800
.353398400
.376232900
.367903400
.317216500
.450373900
.383524100
.300774900
.430782700
.433549500
.370705500
.349893200
.387978700
.331533299
.328060600
.323104400
.327258401
.318539200
.393835400
.307873300
.345273200
.320836300
.357745899
.322645200
.401571700
.330032200
.427913000
.295125200
.332459800
.334392300
.376884900
.331286900
.373514900
.350557300
.369435601
.376938200
.353173600
.353147500
.334205900
.393276800
.406360300
.337203100
.339894200
.393479400
.329829200
.353692900
.422180400
.342670500
.309402100
.329461800
.354244300
.380591700
.333137900
.370552500
.420401300
.374775700
.337598600
.348401300
.342663500
.388044600
.412869200
.322623200
.356048800
.346806999
.359168400
.314481400
.391169900
.382210301
.368088800
.332001700
.332098000
.311989000
.280270600
.302488200
.337639200
.361042600
.388350000
.356161700
.332816500
.382567300
.348499400
.372153900
.296320100
.318883800
.357617700
.341241500
.339439400
.320688700
.337895301
.384769100
.351022200
.346704800
.390463800
.307336400
.311420000
.326881800
.360105500
.382779000
.358717300
.353519400
.343896500
.287825501
.324648800
.393289200
.353971000
.375769700
.398256700
.313424600
.324417200
.303516300
.367045400
.357153200
.392952900
.347421600
.390577999
.390117500
.358343000
.331591200
.367612300
.381743800
.321544300
.317469800
.291697301
.377778600
.318118900
.358534900
.350413399
.344957401
.384610500
.352234700
.296557800
.373310199
.355234000
.369666900
.355125700
.419435400
.362984601
.368804200
.335683800
.381446000
.358731900
.291902400
.349639500
.329199200
.325390600
.368912100
.370023500
.357776500
.360201100
.364825500
.282541800
.294257600
.316564199
.358416000
.374104400
.319897201
.315320400
.339098100
.388428100
.314711000
.361373499
.385394301
.407082900
.326816600
.427137599
.356457700
.404851100
.316006600
.326225000
.419645300
.357576900
.347428900
.318147400
.394237000
.347645400
.348805100
.351726400
.379123999
.389951900
.295317600
.293401800
.291243700
.356594800
.385711500
.378232500
.315655002
.396777999
.317143400
.340686500
.346803100
.391369601
.370006600
.352106000
.317407700
.372727599
.348438000
.306520700
.342058600
.374146201
.436293200
.355812099
.322342301
.397038199
.394650000
.350039600
.338960800
.375283001
.381471900
.347275400
.348695500
.423183499
.422964300
.320825600
.365785000
.410824500
.332564600
.408119700
.342811300
.373741900
.379798500
.341073000
.362690400
.353651700
.354481800
.325375600
.319580501
.329361399
.405589801
.346750500
.348319900
.351678200
.304288400
.342582700
.344371900
.364092900
.383334799
.348238700
.320934300
.328280599
.397847300
.365044700
.377945800
.346939800
.356647301
.379109300
.361170600
.356115600
.354687399
.355700800
.386353800
.346771000
.339572001
.367014900
.364333599
.350856802
.363046599
.365371701
.366963100
.338826300
.340031800
.416197800
.325205300
.456480900
.348694800
.361390999
.290636300
.328971400
.354604100
.357961600
.398251200
.377479600
.302189300
.383154800
.363971400
.352599800
.314850700
.421126901
.376057900
.389012100
.351780900
.347153200
.374424400
.428427399
.290551000
.354569401
.379156000
.293424700
.402921700
.346254700
.339916900
.430370900
.358108900
.361373199
.391868800
.376495100
.358307200
.358054601
.404460700
.313823000
.359894600
.394129899
.349107200
.396804200
.365396100
.316745801
.406543000
.425161800
.327849700
.323410599
.371096300
.379505700
.380813200
.299727898
.391179900
.390111600
.313786000
.401500100
.416755600
.407902600
.322559500
.300292001
.349827500
.314277200
.354368400
.392989800
.346460900
.371039500
.388046700
.339429100
.327917700
.449738700
.396951000
.348266700
.344718600
.391136200
.320660700
.370376900
.386311200
.343336800
.342805400
.375977400
.388339900
.431315300
.363964400
.331656600
.425585000
.312271000
.318360100
.361320600
.325366000
.325130800
.398476200
.338141900
.380843200
.393624900
.482937100
.315733100
.372660899
.378535600
.301194000
.335504200
.331818601
.353371100
.391360000
.378585200
.321917100
.406251500
.343459900
.336033500
.327745100
.385588600
.431020800
.372449600
.310619000
.372129799
.376435900
.346190300
.346522600
.356639800
.348338900
.379436900
.330506900
.354097500
.349434800
.387277800
.370945000
.425318800
.426560600
.383354000
.330135300
.408440200
.363287200
.350247200
.376071400
