.269933400
.282216400
.278377801
.277043500
.279238200
.269994400
.269545800
.240015800
.291940400
.268758400
.277953100
.273114700
.234678200
.309515600
.290080800
.293094900
.277172800
.308434500
.276981200
.334465700
.282941000
.293638600
.280581600
.281571100
.285055600
.265177400
.270052100
.271695800
.273830700
.269420000
.281388500
.276259000
.279203600
.271845200
.286568501
.273243100
.272898700
.291920000
.261294700
.309995099
.288639100
.270953300
.274919300
.280405601
.271266300
.291839300
.285717200
.273324300
.283456500
.243496699
.275783001
.427747400
.280318300
.283336300
.276847100
.292085800
.276627700
.273436800
.272976700
.266941700
.290392199
.268945200
.287661000
.263385400
.283359700
.272099301
.303569400
.299817700
.275387300
.274010000
.266302800
.283722400
.296613100
.275906700
.263370900
.271280901
.280967700
.281519400
.281193000
.267365400
.273366399
.279822598
.279797000
.272302700
.281010000
.289496100
.289128001
.289359300
.282844000
.295637599
.276666000
.264009101
.269392300
.288671400
.289575900
.274905200
.266173499
.273165701
.283554200
.289753600
.275359800
.269206900
.267544200
.300193500
.279162700
.278013200
.268109299
.267412901
.292469600
.282294500
.290944000
.282446300
.301578400
.272459900
.276168900
.272303300
.274263200
.271568900
.274666199
.273962200
.286093100
.301565500
.265225100
.302954100
.287427200
.308888100
.276018200
.259225800
.283560401
.272808200
.291973900
.270571200
.279519700
.239583000
.286175900
.288105000
.294226200
.258248300
.285267300
.297154699
.297146500
.290973600
.271392900
.284617400
.272124100
.275371100
.283969600
.282393200
.283379900
.279572801
.289464000
.271007000
.274155799
.283212500
.259940601
.296967600
.279053600
.275902500
.290321800
.269868100
.283859899
.276362800
.267917400
.275435400
.275469200
.268556501
.310034600
.271385600
.290640400
.283640800
.292097199
.275383200
.303680600
.265006601
.279411500
.240828300
.275623800
.305196500
.271017100
.287461100
.288895500
.308359200
.277806300
.276957100
.282927000
.273992900
.302727000
.268865400
.292078900
.278314800
.265249200
.267463399
.276024100
.331685100
.273708000
.273903900
.291556901
.271753400
.281463300
.265671300
.275633000
.320583500
.279053099
.290407300
.270311900
.276837000
.271081800
.303172001
.283496900
.270816700
.282147300
.293258100
.342256100
.291365400
.271247000
.317872800
.271182600
.279341100
.294063800
.272924000
.272729400
.268498800
.269966199
.287517200
.304406900
.332222800
.299868100
.248998301
.261011800
.282710600
.284734000
.285629700
.269164700
.304171999
.272915800
.279555800
.275066400
.277290400
.283725300
.269015300
.278468300
.268878800
.271038700
.261849201
.345486800
.276972700
.294771800
.275705000
.294364099
.305729900
.267989400
.288799700
.281816000
.268984501
.289432500
.276990800
.292891700
.274293100
.283185900
.278472199
.262303100
.278001500
.310383000
.277852100
.336096501
.288257900
.278906700
.263882900
.280646700
.265804499
.304099400
.281158100
.292299000
.279188300
.306666901
.285696200
.278688000
.294271700
.260899400
.269276500
.277094000
.318100800
.308792500
.280146900
.253963100
.286406100
.267606000
.296887300
.277137700
.269986000
.307350599
.304496100
.281610100
.289149400
.259295900
.277565200
.275797600
.287761500
.267407700
.291588800
.284948700
.271438700
.305660100
.285949300
.293217400
.271928901
.321387100
.286890400
.315757000
.265173900
.274684300
.277917000
.275449800
.234412100
.268913600
.269362300
.300151600
.335113300
.276048200
.271576500
.273082700
.291405299
.281188500
.279624100
.285692400
.265173200
.312033001
.277304600
.277678800
.271700800
.341336100
.271271899
.307658800
.276415400
.290851800
.288295700
.301058301
.309213500
.294659500
.362735600
.281672100
.282163399
.319238900
.276926800
.277032900
.275725300
.281775701
.273305100
.295782600
.276704400
.261044300
.269751800
.290995400
.284107300
.291486300
.280976599
.279549202
.286385099
.270467700
.305889399
.276138101
.269891599
.305294701
.280386600
.276369900
.265066299
.336759000
.277698200
.278690200
.277875800
.303249500
.288015900
.278335201
.287838900
.286094200
.273080500
.276917199
.296396200
.281221301
.301055400
.283591299
.277085300
.273627301
.275716000
.275593000
.268988200
.275314100
.271836500
.295433600
.326077200
.271912000
.273156400
.284988900
.295993500
.272988600
.289867300
.282242000
.268937800
.303597500
.284588600
.284155300
.285126900
.271007000
.263754500
.280150200
.279288800
.288277500
.267863800
.274164800
.307878700
.274879400
.282988000
.286704200
.278083600
.286558300
.294534700
.275383200
.273276300
.279955800
.291372899
.291658500
.274405000
.278299900
.267381100
.284023801
.324966600
.322872500
.288747800
.283466800
.296109800
.280824700
.289854400
.282428300
.275809300
.263627000
.269204301
.281234000
.277059000
.267981400
.265006300
.289029899
.277264900
.283380800
.271724900
.275657500
.310634101
.273635100
.296807800
.281830800
.282584600
.259425900
.292026100
.280667200
.289177400
.279385200
.275936800
.312184200
.292023800
.272967400
.286310000
.284658600
.286523300
.297582800
.276712600
.279675900
.284973000
.275972600
.281894900
.285864500
.270846500
.271595100
.301423499
.312282500
.281007400
.280981900
.270445300
.279810601
.311273500
.276359700
.286443400
.279703501
.265213298
.276299400
.280351400
.275524500
.283276701
.272075801
.289931399
.283804500
.280755900
.268723900
.345061600
.304087499
.279482000
.268927100
.281234100
.284595300
.294765101
.275550400
.274302500
.279730000
.275945500
.314440800
.272850200
.272528200
.273299800
.267735900
.281001699
.284063800
.263269800
.279943800
.280962100
.283714802
.283665299
.328129600
.276131500
.269487500
.268983400
.281485899
.276674800
.276973400
.267129700
.275351800
.291905401
.329463300
.290189300
.271868200
.277059700
.311236700
.286787600
.297063300
.289657800
.279931400
.298559200
.269051800
.286367600
.278247700
.275816600
.242722500
.353230100
.351140001
.407806899
.277820599
.359769300
.412314600
.328945601
.365179699
.447415800
.330412301
.286123100
.277030100
.255104000
.355242099
.295913100
.268705000
.270336200
.275733701
.302194199
.311785100
.293984200
.271632100
.274475900
.283693201
.258501900
.279615900
.279615200
.291822000
.298388700
.290092200
.278206400
.269258400
.275310000
.290228199
.287357401
.281468000
.290991200
.269398000
.283918799
.283750900
.293205400
.268652700
.314350300
.271455102
.296942900
.286617600
.272958400
.275841400
.268914799
.295760300
.306217500
.283821701
.263423200
.270232700
.277037801
.297060600
.301274600
.283420599
.285162701
.302403200
.295430499
.283589000
.298850600
.268795502
.298300298
.281430300
.285642600
.298580400
.298933701
.302421999
.271397200
.299855901
.276790300
.276781300
.264226400
.267150500
.292091000
.277613701
.278886299
.272182800
.308496800
.282924300
.285649099
.286327600
.273279899
.311537500
.302188900
.281666000
.455743901
.283910300
.276814100
.284963800
.272729400
.310553499
.282440201
.275841300
.346116200
.279798600
.288920500
.270274100
.295898299
.290855500
.273135200
.281606700
.273695300
.274219900
.274705100
.275729600
.281442100
.269617000
.328041900
.283900600
.277397300
.298754399
.270703701
.353021599
.290405100
.272685100
.287874100
.259962500
.292796100
.302014100
.275609200
.271681000
.278572000
.265977201
.303749500
.279925600
.300758400
.284013600
.292495499
.321742500
.278538100
.276788100
.268662500
.267949901
.295603400
.272832200
.282300800
.273857900
.280020300
.359214800
.297270200
.276846700
.268951100
.275680100
.283744699
.276867600
.278536800
.295681500
.258296000
.281170701
.294296300
.286264700
.271761700
.272565300
.289831100
.271954000
.302348700
.267063800
.272832900
.277503300
.288129700
.275609400
.273660700
.283693400
.282334801
.283784698
.286230700
.279476300
.277325800
.276083300
.300089401
.276768400
.270040100
.266188200
.281550000
.298621299
.277942900
.287774200
.268862700
.267673900
.268171601
.300649600
.282514600
.283522600
.278167200
.281484700
.302279899
.322980200
.286987100
.280016900
.273498000
.296850201
.292495300
.282763000
.278893700
.268093300
.288878600
.288174000
.292817600
.275271200
.307004800
.284427500
.289901000
.273341800
.276541400
.268143100
.299811699
.292770000
.297077900
.268256800
.279847400
.277995201
.304226200
.289485400
.280614800
.272926300
.271746700
.322667199
.287559700
.279641400
.267701200
.272363301
.300244100
.335415000
.273067100
.278158300
.278104900
.336122399
.271374300
.284112400
.285802500
.279651400
.286778900
.289072900
.307463500
.299363900
.276545200
.290597301
.271558900
.305315400
.272667100
.285530500
.294681300
.298105600
.277864900
.281330700
.271274100
.289858400
.286782400
.297331000
.279618500
.271522700
.268821700
.293764400
.291009000
.283005800
.277559700
.283845100
.299770399
.280358300
.281591000
.268553900
.283780802
.317872399
.283751400
.289834201
.280372900
.269061000
.308771100
.278077600
.321060900
.270203200
.266095900
.293543099
.282161300
.286530200
.280985001
.270499800
.278201200
.293014100
.314233500
.280317500
.280692100
.274964599
.295646400
.294098501
.268792800
.271298900
.281823801
.300338499
.291007500
.276529600
.283680100
.276127100
.288365299
.285080500
.280774700
.281872300
.280612900
.311002901
.293039500
.287741800
.269348800
.272133300
.294697800
.294010800
.285891600
.278339000
.272756700
.283988799
.280782800
.326940700
.272962200
.277396800
.270593401
.291338400
.272884500
.268848800
.264371800
.277042500
.294864500
.299610100
.273660000
.274164500
.274226900
.281053100
.289623300
.290914000
.315299200
.268647900
.297781200
.334686100
.277822500
.273720800
.273684000
.299639700
.303307000
.269662400
.273478300
.273022900
.293920399
.287166700
.290073300
.269112500
.284079200
.272487901
.311531500
.302047400
.272537400
.274428000
.268709100
.346950899
.277271400
.273087200
.275824800
.268918400
.342251300
.281645300
.302799200
.283460200
.278655300
.306759401
.286141800
.276573400
.271285000
.269026400
.303438400
.270733200
.297711100
.280625600
.293502100
.308422400
.293535900
.281001000
.274083900
.282877899
.303213301
.316686800
.280741400
.277810200
.296119000
.287830099
.280225300
.289391900
.274369700
.265564200
.267511200
.291772200
.284187900
.281618800
.278846900
.281648402
.298255598
.303548800
.270066400
.276971900
.288333601
.299251598
.285509200
.284593300
.296606000
.275455501
.307666799
.283092700
.281029000
.273149401
.271645801
.295181700
.284388700
.291678500
.269566600
.283457699
.325884601
.295348200
.278516700
.309405000
.282944900
.321065900
.294502800
.291909500
.265464800
.281439799
.309976901
.288784200
.275406800
.284966400
.271124300
.268420800
.307107700
.316986200
.277885000
.268833699
.298648801
.288608300
.272359300
.283085900
.271037700
.282898400
.299363699
.302625500
.304355000
.292003200
.272665400
.329978900
.281525800
.297848300
.279874100
.274244901
.294290900
.287961400
.290142100
.273075400
.303091200
.299051999
.283219900
.285901700
.276253002
.294142201
.312735999
