4.109506400
4.032522301
4.043767399
3.987740801
4.127955100
3.992086000
3.975806500
3.227238600
4.100800899
4.219582801
3.951934300
4.027692399
4.116458400
4.119707601
3.931020500
3.984156200
3.929801700
3.497733799
4.081879001
4.131519399
4.023923600
3.407126301
3.553449200
4.039360599
3.958855200
4.021568600
4.067413501
3.510899900
4.012063199
4.086961900
4.118701100
4.067276100
3.969941401
4.064885199
3.938461000
4.097102400
3.716641300
3.983855900
3.762026999
4.147125201
4.099282700
3.998208099
3.989606401
3.927831999
4.031499900
3.983970001
3.963819100
4.020307699
4.099293301
3.728198799
3.680601001
3.656381700
4.095996300
4.026757300
3.721717999
4.039317201
3.956017401
4.022077099
3.949511300
4.019842100
3.987618900
4.155962801
4.143738700
3.859336100
3.971949099
4.039655900
4.051068501
3.957018600
3.987624100
3.447520200
4.169057301
3.444926299
3.724311501
3.976518000
4.123488600
4.035743899
3.688059001
3.744340200
4.031793500
3.760972099
3.712142301
3.971830099
3.744500000
4.079698000
3.983641100
3.995788901
4.012481900
4.180523699
4.074207500
3.987739201
3.800530300
3.725428000
4.206813399
4.046955201
4.175345299
4.083514300
3.999814801
4.101357500
3.966599300
4.087536499
3.397041301
4.020336199
4.031305101
3.974858300
3.957065100
4.043664000
3.728699500
3.381017900
3.389415700
3.500865199
3.389375900
4.051917300
3.461040701
4.110674999
3.988987201
3.748258799
4.011962501
4.099909899
3.663932500
3.936117200
4.011703501
4.140267799
4.094787401
3.644203400
3.636456400
4.026374999
3.495258601
4.014629700
3.437110799
4.055673900
4.011436101
3.976241200
4.035899400
4.003768300
4.088955500
3.615258900
4.024301499
4.043726201
4.083066300
3.130090799
3.979845401
4.012001500
3.805407000
3.599538299
3.991810701
3.624663200
3.517113999
4.036029700
3.684458701
3.708396999
4.151708701
4.095995199
4.007782300
3.931924000
4.171720101
4.150932500
4.079989599
3.684966001
3.987989200
3.821438799
4.046848600
3.955704101
4.171493201
3.952463199
4.172488400
4.022697800
4.155478500
4.782266400
3.924181299
4.084409600
4.052994000
4.193447701
3.968649199
3.688992201
4.190020300
4.002273799
3.993780101
3.996471700
3.971671299
3.774264400
3.710342701
3.717073400
3.955921700
4.041612800
3.638340900
4.028466800
4.023791200
4.089154899
3.993652601
4.028427900
3.952016199
3.670434401
4.061580600
3.920788999
4.043670001
3.949698800
4.057644400
3.976633499
4.043760800
4.041351101
4.009710499
4.041250300
3.759380001
3.965592499
3.989216201
3.506453299
4.090907801
3.714523799
3.953492301
4.141256500
4.092911699
3.967696401
3.765876900
3.952646800
4.147449799
3.676543001
4.005693700
3.989347300
4.008838900
4.036473999
4.116447101
3.965509099
4.032994901
3.775276600
4.002354799
3.989213902
3.689653899
4.060485100
4.045090500
3.985702001
3.949717499
3.997186600
4.472681401
4.044176799
3.938861800
3.965722001
4.041012100
4.129468300
4.007075600
4.007996799
3.965985200
4.032941100
4.440944201
3.729159999
4.017442301
3.950553500
4.144698500
4.099145700
3.985959999
3.990784101
3.954373399
4.160743200
4.041225501
3.400891100
4.039912200
4.098515900
4.075253000
3.462571100
3.639543199
3.210398500
3.344498701
3.987392000
4.041350399
4.150907100
3.712980501
4.009285500
4.000911899
4.081646400
3.988946200
3.990283200
3.977660300
3.981459701
3.943069900
3.989331000
3.946451899
3.997558101
3.980767299
4.069740701
3.963707399
3.963930901
3.964104799
4.176369801
4.078730699
4.014809401
3.935954600
3.797148700
4.138228099
3.951921801
4.052528699
3.278099001
4.063668600
4.012760000
3.119132900
3.734775200
4.117705899
4.159384001
4.004799200
3.969128000
4.013982999
4.344913700
3.971812401
3.942577799
3.231488601
3.195286899
4.012435500
4.031782101
3.962623399
4.065520200
4.005669700
4.095608201
3.987825699
3.994640901
4.101169200
3.930018300
3.752725001
3.652361599
4.267850100
3.356347100
3.999732400
3.975648999
4.076317301
4.086899800
4.078188099
3.987713101
4.000106100
4.050046699
3.708961900
4.015525701
3.996093699
3.507228099
4.186092900
3.185317300
4.016278400
3.479085499
4.047739901
3.612291499
3.509253501
3.990157199
4.098325801
3.378297600
4.136186700
3.498862800
3.731537499
3.920139800
3.816205901
4.090879600
3.228826400
3.983622499
3.804038100
4.018883101
3.795613399
4.031574901
3.448849899
3.954526199
4.027736500
3.985218001
4.073697100
3.748985100
3.993652199
3.935884001
3.558784300
4.046948700
3.998969700
4.078232900
3.938863399
3.762363000
3.659003401
3.928117800
3.752399700
4.037966999
3.677452001
3.997081200
3.980908000
4.069213300
3.752772000
3.697565799
3.680206200
4.035187200
3.786142101
3.943582700
4.021544999
3.946334700
4.032108900
3.993241801
3.959945300
3.706403500
4.078374700
3.812296900
3.701794600
3.959739600
3.977816200
4.110378599
3.975747501
4.080956499
3.920106900
3.458565101
4.206206900
3.623129700
3.241162300
4.170869200
3.958677000
3.931751300
4.033146200
3.686087701
4.026753200
3.371209199
3.921738201
4.040880900
4.101318500
3.944929999
3.941867101
3.185400799
4.124878301
3.981470300
3.922949700
4.019802100
3.824426700
3.817442300
3.673949599
3.986704601
4.071624599
4.087579301
4.015195900
4.046882200
3.985110100
4.105293800
4.059489699
4.161954499
4.027740701
4.032883200
4.097545200
3.245018899
4.051224301
4.012041800
3.735243800
3.780290699
4.004213201
3.423520800
4.240302599
4.050068702
3.986675299
3.396283101
3.209250499
3.411249901
4.060612900
3.990210500
4.110459899
3.983348100
3.985969500
3.996802700
4.038006701
4.030590800
4.053104400
3.933809800
4.028713800
4.089991699
4.006661701
3.462487500
3.918133299
3.975577501
4.100678100
3.730296899
3.663313501
3.749766200
4.177390700
3.993682600
4.100783299
4.033478100
3.747088300
4.087415600
3.939799600
3.976140701
3.270268099
4.724333701
3.768292900
3.151269600
4.005442000
3.290131699
3.978166801
4.014286300
3.999449500
4.229454100
4.016443700
3.957943100
3.966627200
3.642026499
4.029953501
3.997887099
3.700486601
3.994697400
4.062228600
3.981297400
3.949988100
3.957676100
4.018500000
4.146143499
3.678137301
3.979598400
4.062057300
4.150233700
4.042108599
3.720240301
3.979744900
3.993469899
4.174182200
4.061913501
3.815915499
3.768511701
4.261012000
3.691346200
3.955888100
4.008425200
4.084097899
4.051018101
4.052209800
4.002295799
4.002283501
3.793536500
3.657091100
4.044139000
4.012300900
4.031755999
3.739330501
3.756700699
3.724301701
4.067566500
3.497239299
4.135611600
3.158133300
3.508591800
3.466967400
3.954425800
3.668569300
4.127936899
3.616606100
3.944037001
3.964078400
3.322566699
4.074121401
3.710298600
3.997814699
4.137567801
3.393459599
4.068023101
3.205461499
4.059767100
3.999705201
3.465231700
4.044586500
3.468173499
3.935858500
4.147472001
4.489055899
4.237503700
4.083688501
4.003975000
3.836456999
4.017801201
4.106925899
4.078833802
3.965817399
4.349981501
3.977056400
4.127646399
3.491912901
3.186833900
3.999354400
3.305593100
3.993411700
3.998284400
4.047708399
4.212491201
4.081770500
4.014464400
3.706848799
3.872403400
4.010475400
3.997321701
3.995715700
4.028283899
4.152014101
3.802037900
3.949659300
3.721043099
3.980131301
4.007716100
3.779528499
4.064453700
3.833943000
4.218018501
4.123158000
3.864901300
4.038423500
4.042351500
4.030048099
4.369069901
4.014341300
3.716430399
4.299561801
4.198547500
4.040737999
3.684570500
3.992051901
3.819495800
4.015850600
4.048938499
4.032336601
3.691205599
3.796049001
3.169366700
4.097629100
3.774848700
3.855316400
4.246819000
4.012553199
4.092662000
4.141422800
4.020668500
3.937261601
4.007145699
3.805143101
4.007812599
3.853439900
3.943186700
3.360367600
4.168488501
4.188501200
3.934685599
3.972892301
3.642664299
4.092438301
3.937868799
3.690604001
3.782998499
4.247755000
3.754545600
3.971929801
4.005394000
4.066927900
3.985075600
4.001011300
4.004658499
3.941737601
4.060736299
3.743537401
4.037448900
3.936389899
4.014329001
3.952400300
3.651370999
4.038138400
3.204135200
4.008333901
3.968616800
3.985784699
4.152720301
4.005427100
3.378255400
3.941855700
4.025839000
4.244635099
3.984845601
3.970913799
3.926859700
4.054049000
4.090455701
3.611885800
4.082128900
3.384058600
4.082696900
3.890435000
4.275371299
4.009804400
4.017445501
4.090092200
3.692566999
4.005467101
3.984549300
4.231675300
3.368006299
4.042578400
4.073399201
4.050097699
3.987005001
3.980910399
3.431573401
3.776424500
3.935812700
3.997751199
4.073394401
3.920115500
3.704051800
3.998851900
4.080497299
3.949319201
4.066698700
4.082524600
3.914468200
3.732437600
3.640619599
4.062013301
4.090243699
4.060402400
3.994379501
4.018274100
4.061234800
4.048583899
3.959331601
3.790687300
4.153128499
4.041363601
3.978579300
4.002189199
4.026403301
4.074659200
4.029241399
3.961152701
4.022257400
3.991733100
3.775417100
4.150162700
4.010292799
3.935884600
4.166729701
4.086169200
4.021206400
4.015754399
3.984890701
3.874699100
4.081121599
3.950722301
3.948943800
4.005617699
3.921720501
3.948497000
3.943932600
3.965859001
4.153544500
3.787151100
3.937486199
3.662330900
4.010342601
3.747713299
3.665095501
4.017482899
3.998422001
4.039215199
3.996311200
4.001556201
4.118215599
3.979762801
4.019184499
3.998116800
4.054561501
3.628457300
4.053998600
3.687835599
4.146271500
3.975717901
3.927883000
4.089429000
4.026524400
3.995698100
3.672493100
4.081353000
4.130523800
3.675940499
3.991981300
4.045349301
4.121737999
3.721031101
3.927915500
3.957545300
4.140336099
4.021554301
3.979959800
4.089241600
4.525228000
4.067697800
4.008409800
4.013069299
4.118499600
3.676763802
4.420228799
4.134761600
3.708160500
3.951895500
3.989067900
3.795138901
3.672152799
4.311258501
4.131649700
3.769874699
3.543766001
3.931798800
3.948089600
4.065166599
4.106688601
3.712704699
3.979915101
3.721863500
4.187589899
4.110442201
4.007845099
4.675772800
5.077799100
3.667025401
4.356576099
3.584600900
5.101049501
4.766608799
4.482310200
3.965405900
4.762914401
3.790947000
4.143013500
3.522063400
4.054962500
4.139106000
4.119578499
4.423412901
4.343797400
4.633137900
4.075484400
4.086619300
4.329333300
4.341165300
4.107574199
3.971941000
4.088709700
4.265968101
3.548723400
3.971964500
3.820166800
4.072867599
4.126927901
3.967179899
3.947755700
3.960977100
3.855294300
3.185261601
3.656992600
3.685471600
3.827299699
3.988308900
3.672482100
3.477968901
4.186489400
3.712878300
3.704629199
3.593824601
3.927164200
4.329838799
4.019961401
4.075442300
3.878543400
3.881505300
3.984145599
4.032087700
3.946996900
4.161311001
4.070792300
4.024148499
3.692663400
4.351036001
4.114555999
4.322664601
3.987554399
3.205515801
3.815280900
4.133150999
3.716710701
3.724134399
4.187038601
4.124632499
3.736613701
4.107213600
3.760375500
3.289326199
3.632691599
4.020004499
3.767856101
4.207216899
3.716810201
3.552404100
3.660388700
4.079955300
4.131902300
3.696263599
4.011823900
3.904189701
3.831264099
3.957087401
3.692392300
4.211663700
4.027240399
4.023930201
4.171332800
3.760348700
3.563514799
3.708803600
3.999168001
4.044725899
4.203812600
3.420518201
3.923894599
3.189920001
4.111674299
3.756291101
4.024305099
4.031258800
3.452084101
3.914465300
3.415703599
3.751012201
4.153972600
4.002585499
4.064619200
3.992752601
3.918803200
3.512193800
3.953194600
4.084548700
3.729608800
3.725422599
3.768546501
4.068146700
3.733278099
3.515319401
4.750558100
4.042087500
4.001599599
4.032867601
4.090110699
4.011494000
4.031585900
4.056624100
4.044661699
3.475172901
3.408802299
3.990992201
3.805313200
3.626359700
4.029305700
3.979739799
4.050684900
4.005660001
3.676519700
4.107970200
3.935882801
4.091887000
3.660414700
4.055592800
4.083182600
4.130283499
3.928904201
3.210184600
3.448986199
3.865404601
3.711787099
3.976626900
3.248299000
4.119732001
4.120103499
3.996030501
3.996421100
4.003908500
4.070359299
4.036126101
4.071602699
3.404898901
4.088249800
4.066916299
4.097505601
3.950515598
4.006688901
4.061239899
3.971350900
3.746225601
3.706073800
3.729544199
3.915429800
4.446996101
4.021870300
3.763827300
4.074893999
4.023375301
4.129675900
3.241133599
4.101182600
3.450229600
4.035539101
3.737329200
4.091167900
4.013035800
3.961752799
4.016802999
4.103313000
4.100655700
3.706973300
