.010345962
.013497829
.011372388
.008881668
.009464864
.007668258
.010373591
.013816349
.011272742
.009187641
.008636074
.007294028
.009237319
.014344589
.008627865
.009059644
.010563077
.015356303
.012949786
.008138114
.010473647
.013010395
.013782907
.009864824
.009446759
.013387369
.010018031
.009828719
.010835721
.013319855
.009791357
.010178842
.007791029
.010774725
.009271348
.009861775
.009188953
.014286851
.008478508
.009612608
.012017997
.010209288
.010563850
.010027168
.014490661
.012073734
.009086201
.008712161
.012719842
.013147425
.010584967
.011770692
.008705664
.010604326
.009426913
.008708581
.006491445
.009783339
.007539897
.013725216
.008258416
.010200827
.009937864
.014121869
.009538210
.012029463
.010011925
.009898756
.009653861
.008490863
.007910222
.010341371
.008448740
.010514005
.011260729
.008129258
.013772190
.010267304
.012471563
.012665159
.009937061
.010343056
.008805332
.008657355
.013140205
.010074157
.010854403
.009342087
.014248724
.010798760
.008034249
.009379755
.014163802
.010536113
.013203547
.009371037
.012403608
.008072913
.010679260
.006735148
.008749261
.009346279
.009140119
.008386448
.008193092
.009881715
.010600907
.010412393
.008293246
.009073616
.011428451
.010263381
.008398512
.010195948
.009259439
.010312934
.007082181
.012026739
.008992791
.010214520
.010049539
.011346321
.007264670
.010872942
.010456729
.006983413
.012231315
.007543188
.012742652
.007242424
.006632922
.012168318
.007851331
.008245398
.011894351
.008435890
.007453485
.010131618
.009188747
.007316247
.013519407
.012337778
.007958537
.010128994
.011908015
.007481019
.009476501
.007337153
.009455151
.010296902
.017889330
.010594421
.009114771
.008307573
.012786065
.013355564
.008305358
.009696974
.009702183
.007148397
.009947747
.006740680
.006946453
.012712209
.007382945
.007233442
.006422519
.011307015
.008574319
.008944730
.009255875
.006692489
.011415362
.011889889
.008880730
.010865290
.008380348
.012220188
.010917879
.010471577
.010487540
.010666827
.008449649
.008761742
.009374577
.008813075
.012599914
.007619913
.007947457
.010715806
.007770363
.013637302
.012086303
.009712362
.009661503
.010561215
.009879970
.012616251
.008608700
.009705751
.008998938
.010620781
.007952147
.009134619
.009853620
.008223587
.010696608
.010371622
.009892784
.007339888
.010707497
.012180275
.008044591
.011232391
.010608869
.007113038
.011906070
.007481483
.007447722
.006595705
.007683662
.010448458
.012531426
.011077553
.010354814
.006576281
.006922452
.012173950
.009725677
.006441327
.006251735
.007614094
.008070993
.007739933
.008942932
.007000362
.012200383
.013524716
.006741018
.007531531
.009738836
.008295013
.011137803
.007717839
.007432027
.010188331
.010830293
.013367146
.007562314
.013961929
.009834950
.006713726
.008332968
.007117993
.010584451
.013868444
.010555386
.009823083
.012794464
.008856706
.006448010
.008858643
.007197506
.010323647
.008589344
.009662841
.007478210
.007060397
.010369123
.011282612
.011060364
.009582719
.013591662
.014602752
.009331290
.009327803
.009944009
.010938181
.010370262
.009580740
.013158696
.012237966
.011056903
.007578501
.011470997
.008420150
.012044086
.014146089
.009758728
.010065005
.006788584
.008920783
.006397582
.010537391
.009691690
.010441300
.008994342
.007326451
.010850502
.010295411
.009329682
.007822460
.007294177
.008479077
.014454483
.011383864
.009647881
.008384606
.011764392
.007852149
.009314391
.013216679
.008776667
.006895411
.009508208
.006708141
.008065551
.007944674
.010354801
.009952720
.008028994
.009811436
.010371266
.009703746
.006598907
.010280499
.008354911
.009035310
.007450518
.010096695
.006734896
.008103843
.010316482
.008049703
.007192083
.008062876
.009142232
.010180670
.012524659
.009890980
.007602188
.008048193
.012588410
.010255741
.008189317
.007614280
.013165923
.007397531
.011777823
.007241425
.007570852
.009666500
.011222167
.007233880
.008570547
.011189294
.009324185
.010804949
.009713023
.007834987
.021636100
.013574711
.010659619
.011968194
.010488797
.008547157
.008637626
.013562314
.007150150
.008614770
.012064281
.013338305
.006208204
.007905796
.011591368
.011921826
.007745772
.007751006
.007409287
.011988369
.012046818
.010185306
.008446927
.008050354
.012291669
.010445111
.006508080
.007552983
.006534802
.008516369
.013536328
.008580115
.008291482
.007800333
.018820465
.012046888
.009996026
.006940010
.008603299
.007956227
.012389973
.011499620
.008922079
.013610375
.008827923
.011368713
.011207408
.008481402
.012753922
.006320854
.008857567
.008934879
.010125287
.012010596
.008895714
.006858338
.008900663
.008167872
.012211572
.006670357
.006603579
.009386581
.007898221
.011770648
.011051921
.008727110
.006527604
.011053306
.007476496
.010009052
.009583454
.006836479
.008766609
.006446807
.006616180
.007230046
.013690560
.009677323
.006733938
.007901906
.006426250
.007227242
.008026142
.010639193
.010888876
.006472436
.008032107
.006475241
.006920445
.008059356
.012675041
.008643181
.009824110
.007789074
.010069168
.010745026
.011465792
.012026200
.007616593
.007329928
.008374287
.011027500
.011568501
.013237844
.007718912
.007448501
.007618842
.010023269
.009532955
.007565466
.011918050
.010519550
.007958300
.010003186
.011048391
.007455300
.008791736
.011414917
.010065096
.009082005
.007809149
.009705034
.009473032
.007042877
.012820324
.010589119
.009532333
.009411549
.008436324
.008536076
.009615930
.010458068
.008655012
.007448179
.007714106
.010258583
.009366130
.009399912
.008826702
.008178652
.006789812
.009383393
.009510567
.007756572
.010669886
.008287191
.007635008
.010652231
.007705745
.009510873
.007569038
.007069547
.008999052
.008920881
.007966302
.011526195
.010278825
.008590054
.012896789
.007912198
.007377524
.009947090
.008414858
.011490679
.009297987
.010169086
.010433030
.014041559
.008938726
.006955512
.010333756
.008218904
.011942918
.007296676
.006961423
.010467479
.008813654
.007954243
.007705574
.008931215
.009713580
.008279880
.008886354
.007908799
.012362010
.010036232
.013259740
.010443254
.013493720
.013913598
.009224788
.011020531
.006871783
.009484393
.008778518
.010626257
.009034983
.010439628
.011188591
.007825413
.011058859
.008456805
.007798208
.010790303
.012237842
.011350776
.007000199
.008505061
.008301533
.010080793
.007271913
.010683213
.010664737
.012150361
.015605959
.010111857
.011313246
.010506545
.007554507
.008293721
.006698502
.008787120
.010622187
.011665562
.009637390
.006618493
.006578203
.006233206
.010276982
.007856385
.010951648
.010635428
.010703291
.006794883
.006303947
.009565592
.009458253
.007567024
.012056722
.008830971
.006544344
.006955856
.008887628
.010119263
.008290057
.009786927
.007638924
.006998748
.007598180
.012515133
.007940207
.013946331
.010200995
.008184496
.007532285
.013947143
.012637287
.006467441
.008582279
.007434581
.013268150
.011671416
.007418180
.008718923
.013205485
.009403752
.009117477
.007163852
.006821232
.011074828
.012294729
.010157747
.012075629
.013266452
.007587536
.007561299
.009968366
.009855222
.010725544
.014305732
.011005867
.009123256
.010645102
.008302221
.009320898
.008326542
.010533417
.010463989
.010873770
.010037191
.012970725
.007365091
.013439460
.010600713
.007062677
.009816659
.012520737
.007586542
.007744578
.008489147
.009386076
.008207329
.007061429
.008989890
.010876417
.008793527
.006581588
.007463496
.008765066
.011622883
.010257934
.006682679
.008911769
.006223901
.008606611
.010918937
.012166825
.007295565
.006723527
.007609027
.006264126
.009859977
.012091632
.007744589
.010001816
.006598076
.007231879
.007615360
.008216222
.009514418
.009278953
.008919083
.008819009
.006527632
.008222945
.014182532
.006934647
.008047757
.007164681
.009038001
.009213621
.009490392
.008867560
.011945009
.009174022
.007330878
.007931891
.009653417
.012264586
.010101713
.008625324
.012224575
.007944584
.012421205
.008678498
.007118911
.012690986
.007444189
.007256217
.012827382
.009121017
.011012209
.006666160
.006978652
.008420294
.008588981
.011231315
.010949614
.010551945
.012744501
.009439463
.008388607
.011040347
.009930094
.010535810
.008641081
.012727760
.009726024
.010672570
.011030520
.013254014
.012521522
.006718445
.009812931
.009934726
.010907353
.008123483
.009086876
.010408131
.011493118
.012826287
.010277322
.008809925
.012075832
.011748744
.011045411
.013896915
.011776781
.008539017
.008043227
.008288191
.011911478
.013781236
.006856567
.007296230
.008177982
.009596404
.009867792
.007540451
.008954979
.009054235
.011138127
.006884210
.008341410
.007752057
.010762665
.008441592
.010998747
.008037673
.007046931
.012113444
.008089094
.010451497
.007959899
.007919826
.009867276
.011063975
.010354421
.013370094
.007272009
.012212692
.007869696
.009211343
.011292560
.007884302
.008348285
.006484226
.006732072
.007318843
.009274775
.010361779
.011684781
.006798120
.008987257
.006688709
.009254421
.010825443
.009880896
.006403798
.006479785
.006372303
.007198324
.010214240
.007177852
.011976221
.009246248
.008133621
.019565203
.009540342
.012371161
.012978662
.011695593
.011814647
.010658421
.007587267
.011930143
.011484881
.012249257
.008034342
.010500563
.012546032
.007480057
.012696023
.007640661
.008177363
.008752384
.007550560
.010947625
.011125007
.007496339
.007267487
.007603644
.010489861
.011169607
.007514412
.008243027
.006376255
.007406402
.010393923
.011986410
.009596118
.011046462
.011515208
.013266068
.008865774
.012754659
.011736164
.010571159
.009968905
.009227850
.008374255
.007725236
.006878632
.007110101
.013264319
.010363744
.006449444
.010029823
.007119721
.010717106
.009533469
.006996707
.009542811
.011923037
.008306757
.008754839
.007447703
.006564125
.008043245
.012679723
.009435539
.008485375
.007560093
.009462229
.008255445
.012630906
.012978517
.009263915
.011008884
.007429956
.006348003
.009508496
.010388980
.006963029
.011860917
.006630209
.007317117
.014985563
.008799690
.008870568
.007290887
.007491254
.009670793
.009747317
.008071885
.009850097
.009250599
.008574422
.008171728
.014254759
.008744457
.013557465
.010713476
.011902085
.012983021
.008672179
.007134967
.010778263
.010885656
.012461479
.008459283
.010070047
.007878687
.008730969
.010284274
.009692092
.013579727
.013363775
.007638534
.009107937
.008341284
.008427073
.011226162
.012763774
.013090861
.007836148
.008659738
.007569313
.009564162
.008835395
.008083767
.017950296
.007873588
.011830611
.010007985
.010413799
.009964724
.011286330
.007253003
.008164117
.007247330
.010200826
.013736862
.011996640
.007892102
.008819181
.008026966
.010004182
.013143431
.009548605
.007735284
.006221974
.008851660
.007416647
.010860277
.007369508
.009963578
.009342508
.009659607
.008425878
.012939480
.009333675
.007945970
.006465571
.006384469
.009706880
.012340815
.006969260
.008271581
.006880067
.009112771
.007682230
.008410483
.009144311
.007547233
.009387197
.007847898
.008117233
.006780782
.007066268
.007853076
.007341404
.010372403
.006459489
.007759172
.009622640
.007705456
.009625768
.011438841
.008387918
