4.204420501
4.060455300
4.017278199
4.032564400
4.106977001
3.817563000
4.034973500
3.753904100
3.767195400
4.026238300
3.558006799
3.717292801
4.106024800
4.017288300
4.006561499
4.107189701
3.985632499
3.488449501
3.704747099
4.016417901
4.086836200
4.170397499
4.028376100
4.047748501
4.050392999
3.600844001
4.169866600
4.020705000
3.690691000
4.029444600
4.201775299
4.076650801
4.014415800
3.987774699
4.034346901
4.253147700
4.016325899
4.003380201
4.384679900
3.780248700
4.215005499
4.041880401
3.498573199
4.201704900
3.979766101
4.113568299
4.065568700
4.127822101
4.464738000
4.174465200
3.752081399
4.102145600
4.146902501
4.010431400
4.172915899
4.024473901
4.129575000
4.101812900
3.999642699
3.586955001
4.045531499
3.963788100
4.018302401
4.204927300
4.069014800
4.224452299
3.750470701
3.161721599
4.081850401
3.782376300
3.983920500
4.045932100
3.837672399
4.080144500
3.479307501
4.128371000
3.805551500
4.012663199
4.083633400
3.981795801
3.551140800
4.186666499
4.014865901
4.017940199
4.034027900
3.823617800
4.086148700
4.113802800
4.003792801
4.029887800
4.184309899
4.071329601
4.143402600
3.822447999
3.806118701
4.183508100
3.784714300
4.017433100
4.049864200
4.112286300
4.040946600
3.982539999
4.098109501
4.035735599
4.085694001
4.053921099
3.968042401
3.993851099
4.066533301
4.066682500
3.718691100
3.479597100
3.987750499
4.556623901
4.391419600
4.003560399
3.983343101
4.036807000
3.824137900
3.463946900
3.783144400
3.423235399
4.058923300
4.068008300
3.780292900
4.206754000
4.378062701
3.848217200
3.857405900
4.202226800
4.137948800
4.074932500
4.165636399
4.034321600
4.095203601
4.186311900
4.079661399
4.188847100
4.054556001
4.131668400
3.678100999
4.481694601
4.102798799
4.129563000
4.070779800
3.977907601
4.066701500
4.289485600
3.377700599
4.045300901
4.070529599
4.093628500
4.055191100
4.046850500
3.720342801
4.096986999
4.197837300
4.060483301
4.101112200
4.090789299
4.123538301
4.184806200
4.066841400
4.079460000
3.753674900
4.200004500
4.160263199
4.134384501
3.800698600
4.050292799
3.989249100
3.571181600
3.944488600
3.829469901
4.235854500
3.794058799
4.013554901
3.751613700
3.979787099
4.124803901
3.599898399
4.054496701
4.081877500
4.156124200
4.137054199
4.097680601
3.376400900
4.251376400
4.000432500
3.407631399
3.377783100
4.076790700
3.375654501
4.112537199
4.124389701
4.493496400
4.005874200
4.079483499
4.083056501
4.506945300
4.032462999
3.576301401
4.130631399
4.308835801
4.115059400
3.125654300
4.112302000
3.755725499
3.432292900
4.036989901
4.210090200
4.252398800
3.756704799
4.135121400
4.048990201
4.159013900
4.219313100
3.456637000
4.016481400
4.111213700
4.161089400
4.030690700
4.119118000
3.989001500
4.071224500
4.226055200
3.996356200
3.230088500
3.956843599
4.093175500
3.794201501
3.876801199
4.241211101
4.089391099
4.202493001
4.040381400
4.375524200
4.112467599
4.009569600
4.472351501
3.767762099
4.055079200
3.873690901
4.131539199
4.425194601
4.061690900
3.800228399
4.055622701
3.892499500
4.147368300
3.680599499
3.988171000
4.048225400
4.096333801
4.310590099
4.075733501
4.039663200
3.736807900
4.190321899
3.940413500
3.957019501
3.991904200
4.515700099
4.166827000
4.068074701
3.966256500
4.000852200
4.048538800
4.481179499
4.148500901
4.112610700
3.995980299
3.707692800
4.159135601
4.279075699
3.976915800
4.112783300
4.039626601
4.015150099
4.154848001
4.049210799
4.062970301
4.079439500
4.315434500
4.107802199
4.144792600
3.967142500
3.987927600
4.076522600
4.070255299
4.020523901
3.797658100
4.091273300
4.151306900
4.059443400
4.075627299
4.138846501
4.140239799
4.201449000
4.161577301
4.131714699
4.066937301
4.087454599
4.239812801
3.806496800
4.120899300
4.112813099
4.266985601
4.206747600
3.861500200
3.445048300
4.054524100
3.855452599
4.145800901
3.803789500
4.123547000
4.039719099
4.561865801
4.057155500
3.380923500
4.062959300
4.136151399
3.759505200
3.712889800
4.108993200
4.311017700
4.158732501
4.100302199
3.752260201
4.090646500
4.112832200
4.181980800
3.856600099
3.869323701
4.051768299
3.527883200
4.659988900
4.574686001
4.369874300
4.188595100
3.760015899
4.479075601
4.199713800
3.796208099
3.883383801
4.177030999
4.110544400
4.067792501
4.085009400
4.071708000
4.190530599
4.179743401
4.046643799
4.108761001
4.057399000
4.602646598
4.198188800
4.122884900
3.958547801
3.968663301
3.236148100
4.098431000
3.951828399
4.081662801
4.002912700
4.162648400
4.158523499
3.982038601
4.110574800
4.137128900
3.791165799
4.063415001
4.220790699
3.970998801
4.022666200
4.176005300
4.097983100
3.785572800
3.558441500
3.684066000
3.631760700
4.176870900
4.099506200
3.946853700
4.313796299
4.139918801
4.033041199
4.641418700
3.699177001
4.010526500
4.233662700
4.003119900
4.333947600
4.093373699
4.047472701
4.169897399
4.126949400
3.994307101
4.030567099
4.069319200
4.031827600
4.154163899
4.109415200
4.043690500
4.042294801
4.096171700
4.992230200
4.376265200
5.239019699
4.545983001
4.125747600
4.158141300
4.043487199
3.977767901
3.515197599
4.115421302
4.089344399
3.921032101
4.099610999
4.017222701
4.109803100
4.035650000
4.153856799
4.130709200
3.846726201
3.974653599
4.273246701
4.170484599
4.095167400
4.026094901
3.640686900
4.033614900
3.553657000
3.933311399
3.994609201
3.242972000
4.106086600
3.959377700
3.998337300
3.676457899
4.021884800
4.200338101
3.977246500
4.037768300
3.527600199
4.194886301
3.179674700
3.319280900
3.551331300
4.049684400
4.098083900
4.141394599
4.059782300
4.090087500
4.137496501
4.026123600
4.052159600
3.760175799
4.113881001
4.064057400
4.166567199
3.465517401
3.546946700
4.142995000
4.049772299
4.151257701
4.062364099
4.197471400
4.074058701
3.770440199
4.074080301
4.065633300
3.575195200
4.149488500
3.148060899
4.051789301
4.161342100
4.205766299
4.077758500
4.018045901
4.013996799
3.271649601
3.227622000
3.956048799
4.145609801
4.896088800
3.990850300
4.028952200
3.694683599
4.022596301
4.267750199
4.177445501
3.984990499
4.099687401
4.088242000
4.112280200
4.081951099
4.029847900
4.071045900
4.140604901
4.185814500
4.059205999
4.032388200
3.728245401
3.799506800
4.161927400
4.007004500
4.018952200
4.043743799
3.999876801
3.838132900
4.066285100
4.035784700
4.111630599
4.127495600
4.069518000
4.110686601
4.023112900
4.071061000
4.149690300
4.106341500
4.093047799
4.066427099
4.211673499
3.819574301
3.980314800
4.017867600
4.001473600
4.054400800
4.062804599
4.040066101
4.078546900
4.005784400
3.318879999
4.061965700
4.049565799
4.042763501
3.706323100
4.161379400
4.064440100
4.075755300
3.724267999
4.189648701
4.109519199
4.098609300
3.819074101
4.020877500
3.883248001
4.028103800
4.064473700
4.029925000
4.039531499
4.117745101
4.033559700
4.054858899
4.051676901
4.059200300
4.133667300
4.022130600
4.542196600
4.267974700
3.504671900
4.207216900
4.099371600
3.764197399
4.031509500
4.079433400
4.095514300
4.087556900
3.999588000
4.131561699
3.927901001
3.872572799
4.015802900
3.780015801
4.011690299
4.195355401
4.059087800
4.079677600
4.011560399
4.031616100
3.856005801
3.704251800
3.756080900
3.377740300
3.228191999
4.075546101
3.971835600
4.127744499
4.058613301
4.063438800
3.704336600
4.079365700
3.783852599
3.428871101
3.967842500
4.047331399
4.087537801
4.027514000
3.173371000
4.007725000
4.075633199
3.788055601
4.019589000
3.509359500
3.764222199
4.023566900
3.983875501
4.087408600
4.027772900
4.171109000
4.095545299
4.051429000
4.027706101
4.095207900
4.235397399
4.131285000
4.107575600
4.507531001
4.059794200
4.155961400
4.111485800
4.028019200
4.019832299
3.521195900
4.146685600
4.047420201
4.075651200
4.028288600
4.071688799
4.163153302
4.035754299
3.468657698
4.051811001
4.155174400
4.262745300
4.087246500
4.043640300
4.043454800
4.087945200
4.111288500
4.031959000
4.059355299
4.055878400
4.083137900
4.315293601
4.027425399
3.984026601
4.106898399
4.327353801
3.811809399
4.035802200
3.229008201
3.256332100
3.257621800
3.465022500
4.027329400
3.273643400
3.723654400
3.648613301
4.139075400
3.481161600
4.127151500
4.003966600
4.123060799
4.067910000
3.771824201
4.063981999
4.067198201
4.191565800
4.039188199
4.015939200
4.406454500
4.019913700
4.227479300
4.107835201
4.059255099
3.991985800
4.075115301
3.980105700
4.103013699
3.972104900
4.027338101
3.988008399
4.135868400
3.992022601
4.047308800
3.976103100
4.031137600
4.223675900
4.063020200
4.004062499
4.019097901
3.984179000
4.122851099
3.417298501
3.468279100
4.107861600
4.106883300
3.106058200
3.444502100
4.135842000
4.030796500
4.028127699
4.098975801
3.980155000
4.490732700
3.967354699
3.995317700
4.004181900
4.490140201
4.115888100
4.142687800
3.964170000
4.043088100
4.147815401
4.195581900
4.107978499
3.321391101
3.157920900
4.202628000
4.088156800
4.090858400
4.028244999
4.063055600
4.155991100
4.095739801
3.509138899
4.362043600
4.004829801
4.203437700
3.987083000
4.191545700
4.013022299
3.584516501
4.115019900
4.039669300
3.993091000
4.034909100
4.020865100
4.191314800
4.021235400
4.102784300
4.017036699
4.094846701
4.100114898
4.091588301
4.072912500
4.106836801
4.001181699
4.198773700
4.056266601
4.370329600
4.044958900
4.082755300
4.336405899
3.843237901
3.290707800
3.815314899
4.088260701
4.139354799
4.041143601
4.018715999
4.021211300
4.094711201
4.132190600
4.015611899
4.033087201
4.078744899
4.100852202
4.167123800
3.868457500
4.102773500
4.025252599
4.134295501
3.804829100
4.067492999
3.482454001
4.138658800
4.137070899
4.122731201
4.077285000
4.058742000
4.089120799
4.445953001
4.415668099
4.127400201
4.001404800
4.038668000
4.001435199
4.166297001
3.730134301
4.010752500
4.061085099
4.170469401
4.021170200
4.062549599
4.073233301
3.603500099
4.073261901
3.819276800
4.049344200
3.998789799
3.610250200
4.094606800
4.017367700
3.803128101
3.516154299
3.915179601
4.053367100
4.102290401
3.406642900
4.184264099
3.191149900
3.204611201
3.474537400
3.431838000
4.001480400
4.026685400
4.177048200
4.034546200
4.001452700
4.006740799
3.989425100
3.914968501
4.065398599
4.090574900
4.016665501
4.087100700
3.231035100
3.212442200
4.120396100
4.203043800
4.088616700
4.043369000
3.674323199
4.110503300
4.157117900
4.138495201
4.116674000
3.755892500
4.117234401
3.914748699
4.180413100
4.036666200
4.030200400
4.072532999
3.683886701
3.202590000
4.127082200
3.997483601
4.518530500
4.031991900
4.046547200
4.025010400
4.043067799
3.522007201
3.476401199
4.052709200
3.727802301
4.224415900
4.410179700
4.017682499
3.922686101
3.781443198
3.568686300
4.011861500
4.158929101
4.024736300
4.175002300
4.024884900
4.071044499
3.801196901
4.063019199
4.176592300
4.059018300
4.020891301
4.046989999
3.681696001
4.146830399
3.992905100
4.071084200
4.020846101
4.018887100
4.112021700
3.268690601
3.701533400
4.063138000
4.068920099
4.050864700
3.753349301
4.038807799
3.542004401
4.086877200
3.809592999
4.022799100
3.801222701
3.735880399
4.013763401
4.054355399
4.076827301
3.408484999
3.210743301
4.043193499
3.777478800
4.074888500
3.410357000
3.432216301
3.282582999
3.352346301
3.306492900
4.070868701
3.430218199
4.086502401
4.132847500
4.087048499
4.076890700
4.046805201
4.008949598
4.014961000
3.793396701
4.026864600
3.218643800
4.147058000
4.075938799
4.054571101
3.745627199
3.843204400
3.977187900
3.561338000
3.554369000
3.531659101
4.128727500
4.019061100
3.993900000
4.070225800
3.769522000
3.779406700
4.318073400
4.013861300
4.670738199
4.480246301
4.530398300
4.398120600
3.676527299
3.466377601
4.234804300
4.105842000
4.057907600
4.102671000
3.732137100
4.096892299
4.094987900
4.023013701
3.490947099
3.571786001
4.101088999
4.126602001
4.085029600
4.114503599
4.124934301
4.070677000
4.045059699
4.042936600
4.416268600
4.139172701
4.040096999
4.114354001
4.136873600
4.102471500
4.148865999
4.086452201
3.717922199
3.994147300
3.996305501
4.132861500
3.415569900
4.000451100
4.036927499
4.091309301
4.055106900
4.120920000
4.118340199
3.964013700
3.526175300
3.954460701
3.732740400
3.705820900
4.092553199
3.945728701
3.993256799
4.018269701
4.056097700
4.081029500
3.882540300
3.968470400
3.741787999
4.361590901
4.004186099
3.230823400
