.858504999
.836143301
.840416200
.819738500
.903423200
.837050000
.905881800
.808419900
.908069900
.846128400
.891374500
.872690500
.840045300
.856170399
.835810300
.824327200
.825737900
.829405400
.863250300
.836336601
.846410200
.836639900
.855470700
.869494000
.890764699
.867957600
.896956601
.858094700
.821282600
.824021600
.898821100
.848148899
.842084300
.880840100
.895240601
.861892400
.950262800
.880333900
.858230500
.874160100
.830007800
.838794000
.867088700
.806308899
.924791300
.826562300
.846387101
.942149100
.866557600
.840270500
.818353200
.860750600
.842176100
.832332700
.850607400
.848247300
.838312700
.832889500
.842830700
.881634700
.898511600
.856698000
.851027600
.847674200
.850637100
.834561600
.870337400
.808339599
.862375700
.834156201
.838222300
.880060199
.911775400
.848311000
.854080701
.857597000
.815086900
.882227400
.849864500
.848682800
.845695300
.853650201
.827300900
.901329800
.920211300
.818117100
.817269800
.867088900
.826813400
.866315800
.901309800
.844379700
.852493500
.842401500
.843342700
.834861300
.843619000
.889727700
.841589899
.859283700
.828888401
.854782400
.973006700
.840741400
.853544500
.873699199
.855320701
.850601499
.918776801
.853324300
.841175800
.873851400
.828698700
.828593900
.840824300
.833575500
.815277400
.843560800
.836635700
.893446500
.824289000
.949062200
.802063200
.842631400
.812338900
.835743500
.857146900
.841182000
.833590399
.807061400
.835368800
.868172000
.853583901
.813102800
.830327600
.826285200
.826662100
.829129800
.809439600
.833194800
.833419100
.847036300
.859237700
.888590700
.813358500
.849038600
.831615199
.806302200
.850662701
.871910500
.825669200
.852678400
.858317100
.907156900
.842639300
.935016200
.857674600
.856725300
.851562500
.822203200
.882613099
.807731501
.845875600
.852716899
.861737800
.852158901
.884072600
.862474700
.833454600
.813019700
.882272500
.819584800
.884817200
.848768700
.864853899
.837491901
.831662600
.806070400
.881731000
.901472800
.821712400
.860566099
.874296301
.815478800
.852920900
.849609600
.817791899
.836805100
.889827201
.864222200
.944895200
.865459000
.845692700
.853046600
.843560500
.810146500
.836203300
.885764900
.910130399
.840837501
.813597399
.855549399
.913160000
.861488801
.842538099
.840588501
.849558400
.844408400
.856254300
.837496200
.834428799
.840784100
.821458801
.840482100
.886751499
.870761001
.828883800
.857407000
.867702800
.831268299
.864472400
.873003101
.822946499
.847895900
.819765801
.834360900
.857600400
.872645100
.853929400
.808929400
.823798200
.822621500
.850767500
.922040599
.886452400
1.335306601
1.248776700
.903042899
.907830801
.849160900
.806041700
.894647000
.847245200
.834847300
.850894999
.847418500
.810451901
.843554400
.893686800
.828686900
.898842800
.832709099
.825415600
.843633100
.845407201
1.032318100
.810829500
.860691900
.870466200
.823953500
.961162000
.863243899
.815162200
.828409601
.886562200
.855646199
.884498701
.875812000
.883153300
.840620700
.859596200
.841159699
.854320500
.839470200
.939987100
.835903901
.813147500
.861227000
.857925900
.954185000
.835303999
.855240900
.828160401
.815629900
.854619400
.830763500
.844790100
.817190599
.826435300
.845000601
.859696100
.844549000
.879495200
1.034339900
.828428999
.834415600
.859780501
.830960100
.804819400
.821079200
.867578400
.850737100
.810913400
.827619700
.884824800
.903408499
.862797800
.810244900
.845838499
.852125200
.854684400
.859210701
.923762600
.832698900
.860444500
.823752300
.785252300
.812885100
.833284200
.927223999
.840695701
.827828600
.866543400
.849771900
.845442900
.860731800
.836093400
.860213799
.866643000
.831109801
.866552000
.858358500
.875769700
.892259300
.840644799
.859474100
.849299100
.874609301
.846743000
.811764199
.832700600
.927536801
.819982700
.820730900
.857860100
.859845000
.874282100
.866239700
.861094899
.907885000
.869299601
.855894400
.842139900
.842173100
.881283200
.891573500
.851237900
.800670899
.857154901
.811747100
.866822700
.845323100
.859755799
.844061400
.836732600
.859469901
.793447800
.864609800
.887848400
.825524300
1.039627500
.835290700
.813694300
.841358899
.870737701
.845122500
.857729000
.905250200
.817325500
.901215600
.844257999
.920994601
.853612500
.823829699
.869220900
.894667000
.920427600
.913023400
.900981998
.915177101
.825180800
.905769799
.944955501
.849052399
.880278801
.861274200
.858093500
.860024800
.953315699
.821460000
.861953101
.844031199
.806211800
.875208401
.837307200
.857313399
.881776401
.846509800
.816946399
.842941200
.873228701
.873568500
.851620500
.829500100
.869275700
.821198800
.861284500
.865165599
.831038301
.917322299
.820891901
.898747100
.841324400
.837206500
.840317900
.865825100
.871296700
.970533800
.841338200
.905014600
.815263901
.805594800
.823528000
.835819900
.817690900
.813183400
.814258299
.838395500
.837722900
.854002801
.865411399
.916784201
.826972000
.834989600
.857245100
.872836599
.901227401
.853221500
.863988900
.823279700
.808935300
.879656600
.853670600
.817007800
.924126700
.821823200
.890223400
.883412900
.833610600
.837441600
.871692000
.818086400
.890625100
.851020600
.858319300
.952503600
.875251200
.863190399
.876371900
.888758801
.821023799
.888339700
.836177801
.958825500
.806472800
.864320300
.860570200
.876778400
.826410400
.900683800
.884975700
.889937900
.840782900
.871070500
.913336499
.836746800
.854434000
.830089800
.844858000
.815971601
.854302100
.827964099
.909362100
.850081801
.817108000
.848051999
.807184501
.859114400
.861638499
.826152100
.860994200
.796333600
.826347701
.885578700
.864132499
.845762401
.841078100
.804015599
.816870900
.819083901
.891956900
.850061700
.845130100
.862740400
.847174900
.854826900
.866063699
.850638001
.888990399
.820169500
.828657900
.879356900
.850723900
.810559301
.832952800
.820049599
.884683301
.860426300
.870143399
.843576600
.817071801
.828483700
.871038100
.828308300
.861901900
.822836599
.837269700
.855534901
.852785499
.847358200
.882832501
.846977400
.852845800
.851105400
.856139600
.862283099
.857231300
.851031400
.825152500
.827533700
.848845600
.868848500
.855937000
.883682600
.826419100
.877011900
.889705100
.856038100
.849852199
.859308400
.813149400
.910941001
.857684900
.855856300
.881990200
.859144500
.810983700
.857819100
.857048599
.869473900
.851933201
.867516300
.860244200
.836522000
.887196100
.865697600
.864428800
.848857900
.817803800
.876670200
.826596500
.911967701
.993606800
1.220607400
.911437499
.858472500
.862894101
.865471400
.843398799
.845678700
.866637701
.845148400
.873592900
.875890499
.851653900
.820206300
.880161701
.819001300
.874135100
.877240099
.864476100
.827760900
.855845500
.873280100
.821046600
.872699800
.851474600
.889274100
.918562600
.873980800
.882163600
.879113700
.851013400
.866689900
.865899199
.819634500
.882486801
.825553500
.840394500
.840220800
.876738800
.873367100
.917485000
.872852400
.815721100
.857409600
.830885100
.839636300
.873232500
.897859101
.862241100
.842764600
.859367900
.815187500
.886403000
.864560200
.812704200
.865388000
.830587600
.844530100
.877918400
.848369000
.860217499
.865781001
.818554699
.823928701
.924864700
.872981699
.840382800
.874035401
.870829900
.853708199
.839803201
.861681200
.853934800
.849513100
.856432400
.873982900
.843531599
1.091177100
.991203500
.878982700
.958924400
.835713800
.904897499
.839222801
.898403900
.827180999
.851203201
.827919300
.882257699
.871978600
.838738501
.869932800
.823890800
.845788600
.852639699
.856089201
.862513400
.875462100
.814845800
.835422800
.906376900
.949941900
.852833000
.867677299
.838423600
.832321901
.853737900
.868336700
.895290600
.807084699
.871442101
.843594800
.861802000
.871763700
.859047700
.854132700
.823735200
.848103500
.829884999
.876037200
.818977601
.863341500
.846935200
.832945000
.863877000
.840750599
.847976101
.811099100
.837744500
.888483900
.833075900
.912147300
.856648000
.850697400
.847606800
.875805000
.871833100
.863773699
.827040500
.826431700
.871194700
.878767701
.855684299
.843826800
.871209601
.855065500
.858818600
.845816100
.859049799
.852186301
.855926800
.837569799
.831092100
.923374201
.850558400
.844421499
.848172800
.868148800
.804852100
.838702700
.838588700
.844061200
.835353700
.886092100
.862794200
.819928499
.810360300
.827962401
.839825500
.913103999
.796864601
.823896199
.853358401
.843846600
.835875600
.862080800
.850783499
.858386301
.814264200
.871678400
.842469000
.886816899
.890997400
.950723901
.935732999
.856244400
.847914901
.804436700
.956002999
.902377001
.818411300
.855820600
.842498400
.826410200
.839585700
.873113500
.854577200
.817291700
.807914400
.843628900
.818009600
.821436200
.822713200
.810777600
.822845200
.897499299
.855556400
.817223101
.865372400
.886383900
.827559199
.835861800
.826092801
.785220000
.818968899
.826559901
.839105499
.825350600
.831840900
.810610401
.799175900
.910559500
.919009500
.816233200
.848634300
.814613100
.826758500
.842832500
.808146100
.868080700
.847761600
.845584100
.841384299
.882179701
.855676399
.839764199
.797941500
.825486400
.827739000
.844641200
.855248201
.814783499
.867249401
.837068300
.855447399
.857515900
.809390600
.966159000
.834541701
.846887000
.828220300
.824564900
.839328400
.926553800
.831420700
.868123600
.828032000
.864619700
.870379999
.833704501
.874944100
.815054900
.843962400
.857023800
.851155900
.818918599
.881176000
.938331501
.927898500
.978068000
.860605700
1.032718100
.891713400
.988918200
.864527600
.885004299
.930544301
.899669200
.917834300
.903025600
.890503799
.893515801
.852846500
.947425599
1.112836201
1.047821500
.853587400
.870167900
.864106400
.842156599
.859313100
.873472301
.889551800
.906241799
.822922901
.918061700
.887558099
.861952800
.822777801
.838749400
.869454700
.857206700
1.003935500
.857878700
.837870400
.816884200
.808816300
.857163000
.871938199
.842130700
.842930400
.850923400
.853995600
.826545201
1.277387100
.934088999
.809851501
.800570500
1.012813000
.831997800
.860390300
.845712100
.848339200
.834511500
.865615600
.859228700
.849177500
.825869300
.824246400
.812260800
.853691800
.919929500
.806193199
.823046200
.823024500
.839280000
.863383601
.815911600
1.159013800
.896549100
.848017800
.815798899
.874466801
.816286900
1.117517399
2.110991701
.923803200
1.558952600
1.354553799
1.275456901
1.353756200
1.247271400
1.224690400
.930462900
.810052200
1.033111700
1.263202599
1.182161500
.859306200
1.106026800
1.034380401
1.119565100
1.265340699
1.226833400
1.232439800
.984476600
1.193836399
1.368561401
.969966600
1.209384199
.890655101
1.239467500
1.020712700
1.003147300
1.035932099
1.002104599
.877046501
.959135600
.988177899
.864487901
.848950200
.847819300
.879549400
.885389500
.828035200
.864800900
.814269500
.831446600
.830873500
.853432300
.852040300
.836482900
.822435300
.818416300
.831760400
.857791100
.858995000
.819313300
.839515300
.834902000
.794958700
1.268458700
.985946600
.849267100
.835040600
.840027800
.832388700
.949260500
.868982699
.874216200
.921224801
.867246300
1.095386700
.805369200
.834427000
.830782800
.850484200
.832076800
