.321648200
.355000700
.320350400
.299593600
.358951300
.309090700
.529510200
.322287600
.373688300
.371197100
.274579000
.323532800
.380991700
.310244500
.326881700
.320030200
.352603900
.376012800
.312389299
.353707400
.367300300
.353537400
.339448501
.332274400
.404172000
.321437000
.272224400
.319983400
.349312400
.384596800
.309527700
.333599700
.416212800
.318458300
.305463500
.268855000
.363064799
.353106100
.381740400
.312858800
.380032900
.341364600
.265660800
.269764800
.372939800
.357377600
.308922700
.321945400
.358480300
.344328700
.337739900
.320497700
.339597700
.368572999
.329288400
.311129900
.375625300
.305897201
.274384400
.316305400
.385898600
.344913700
.322893999
.316710700
.332432800
.324631200
.314213501
.320289400
.377222400
.354558200
.286873000
.316841299
.384391300
.375924500
.326598700
.380712201
.416012700
.346469800
.324142600
.356633800
.410953300
.349780500
.288427200
.334924000
.372466200
.319465800
.308919800
.249751900
.380911099
.309134900
.346747500
.328552100
.436374900
.335565500
.293592900
.277528700
.402174101
.354572100
.358828400
.290748200
.409790800
.332327200
.332347100
.342723900
.353708400
.373544199
.342388200
.356492900
.362486400
.379013601
.327204600
.264957600
.377477000
.396273600
.328169200
.318067000
.416853900
.352050300
.378406200
.344756600
.390368100
.372925300
.336795200
.279551300
.451315200
.412249100
.464384700
.571666700
.523057000
.546619500
.713538500
.454907500
.641979600
.569367399
.398220300
.657479100
.542602000
.386052200
.315506200
.374803800
.620247200
.586189400
.312048300
.386997500
.508179700
.473465900
.329275400
.440746600
.450953100
.411986800
.543708001
.384721900
.368309900
.355248499
.335694900
.307315100
.337833200
.346771400
.329260200
.367013600
.368736700
.398971500
.332243600
.340153700
.409216500
.384408600
.358864300
.340172600
.372024400
.367859300
.323975100
.317184400
.344840000
.336494400
.308371301
.310950800
.401067000
.324393000
.313878200
.316126299
.387333300
.344439400
.333077900
.412637501
.421519000
.326879899
.263965202
.310845800
.415148299
.359570901
.286192000
.280259400
.402072001
.322596600
.345554900
.290015299
.390403501
.393264200
.284901900
.332349200
.372958800
.394535799
.296588400
.278490200
.421631400
.385163800
.268441200
.315743000
.373732100
.412050400
.339453600
.269473300
.400593000
.418857099
.301107600
.287689001
.386635299
.342371401
.333207500
.294825900
.350339700
.303112600
.358329700
.363577200
.389405100
.321296600
.368531000
.314458800
.374101899
.276140500
.288142501
.578194501
.414628000
.345436200
.364360400
.370725400
.340808900
.307861900
.350469100
.344285700
.417625500
.286789000
.304402001
.362510600
.389285600
.287404000
.290900400
.433303800
.379335200
.296927900
.297208000
.348316200
.387807100
.313473800
.299056500
.344852200
.369281400
.279014100
.279442200
.284719900
.339135199
.300220700
.303566400
.295525100
.371487400
.332927700
.278630300
.315318100
.365936301
.295254100
.316798300
.367451800
.394001100
.302040700
.332583999
.343776900
.377863100
.320446100
.319804701
.485386300
.381568900
.313195500
.319287000
.344165000
.379233600
.298678200
.304926700
.332241000
.326325200
.368775500
.292022000
.364339100
.361492000
.310503900
.288543400
.316616500
.375820300
.330674900
.290759700
.331917200
.425091700
.289702200
.265538200
.280672200
.361444099
.325362901
.328755100
.356261999
.367233700
.300534501
.301136500
.324618600
.414888000
.365748099
.289155400
.281390300
.349787400
.323116700
.333142601
.304892600
.371585000
.306550700
.349563700
.310278200
.366704200
.300422100
.273204800
.294389099
.420598000
.326705400
.264674800
.331001100
.417209600
.335323100
.262996900
.290520500
.357734600
.396325900
.288251200
.282502800
.393299301
.326326800
.299741100
.286931400
.376039400
.352287400
.320406700
.281422900
.360849600
.342969500
.411921300
.283227500
.383395100
.274745999
.337661099
.374820500
.404587700
.313621500
.340769001
.307275100
.376008000
.306979700
.369341799
.356464400
.389928400
.295355300
.286506000
.378952100
.405356300
.276111500
.278770600
.300924899
.431249200
.312001201
.298896900
.309389400
.415241100
.307985000
.354383300
.272884800
.358789800
.295102700
.295702400
.292732600
.379287300
.311378600
.308404000
.267840400
.358547100
.348539099
.351064100
.320631300
.415313300
.351147700
.307690700
.262547400
.345407800
.302678600
.341109200
.324796900
.380011900
.290471700
.328217901
.312244100
.317125100
.350873500
.290153900
.317901300
.379947200
.325057600
.301204701
.335662800
.369640400
.317845200
.306322500
.267306200
.362345500
.336503700
.311742800
.294705200
.361298200
.362276500
.351102000
.302088900
.361185000
.328858099
.341939500
.348645800
.371813100
.329502201
.301983500
.330677400
.349827800
.274224299
.332750500
.288835400
.408423800
.313200500
.309090600
.345938900
.353290599
.341726100
.289877100
.383191800
.365227200
.308539500
.270001800
.332607401
.375706700
.295263700
.324855000
.366973399
.389937000
.281166900
.286099300
.276697400
.379651001
.295627500
.304628000
.288297300
.406309600
.331403900
.305393000
.266260600
.392244900
.351818499
.336669000
.358697600
.407673100
.340347601
.345738900
.297324600
.373463800
.366319000
.397870300
.284581200
.372450800
.310912400
.322566400
.321005500
.387512800
.295578700
.304141500
.347590500
.349549100
.287996700
.272077300
.313399700
.364922700
.316988000
.318261900
.345325299
.399720500
.350454800
.282967600
.278051400
.438774999
.337146300
.296158500
.294385700
.374565400
.356086900
.283324400
.275990700
.408682501
.316723400
.324462200
.280748700
.374302800
.332001799
.313313300
.321196400
.371276800
.369025801
.292729400
.333345800
.404906400
.288713500
.309429100
.311037000
.342271100
.302286600
.328226800
.367154400
.563290500
.331245500
.335567599
.415290900
.390741700
.276921500
.332656200
.363695200
.379140500
.297180700
.354293101
.363033400
.377270400
.278044500
.341948900
.342153900
.367135300
.327891500
.297052000
.387018700
.346952300
.314981200
.285480900
.305573800
.403748000
.315685300
.273732500
.296833000
.384381100
.347066100
.299379000
.285725500
.370631700
.351684600
.290903200
.288551900
.324422800
.366991699
.371782200
.282369500
.448063500
.372277900
.334531300
.384822000
.335431100
.350847101
.370522000
.359966800
.387466300
.356889000
.332329000
.316655900
.334086600
.300994500
.358368800
.352862500
.421361000
.249961999
.349438001
.272737600
.371441000
.299036900
.341544199
.340655301
.369115300
.275463000
.300101600
.366486400
.373399500
.369075700
.288709100
.377037800
.344963999
.328113100
.293581701
.283740900
.407321699
.353834600
.297115700
.276120600
.383130401
.346536300
.307661800
.265384599
.386476800
.401466800
.316569499
.276551701
.378011400
.344581299
.339661000
.313646200
.358260500
.348064100
.342854100
.319789500
.407914200
.327365400
.320322900
.358754200
.375146400
.296592601
.284037800
.329086300
.374421200
.318972400
.268026699
.419745301
.387231000
.318922200
.306751199
.368834901
.362925400
.383436900
.295240500
.326147599
.395230200
.314578801
.262422299
.355412101
.390825600
.363109200
.358371699
.296730100
.369445101
.324226800
.332379599
.283847501
.371713600
.324560500
.298375800
.299010000
.370655000
.321909600
.315656300
.312387900
.370845500
.367367500
.352210800
.284206300
.360030600
.268486400
.345730500
.290268000
.379192900
.301649400
.379944099
.305760800
.418279701
.348778700
.313773500
.356672900
.402360300
.290842300
.324319500
.330493200
.420364800
.324332600
.299676800
.328663900
.406918100
.282468500
.264095700
.329903800
.413798400
.337404900
.301354600
.316241399
.439240001
.345681300
.268967600
.284153000
.397797300
.375118100
.272789100
.308951500
.416854700
.447847500
.302431800
.339334300
.377140800
.335250900
.324515200
.293221100
.349969500
.324374000
.376510900
.294040800
.367804200
.387338099
.336112900
.340646200
.438904301
.308943300
.335908600
.375918900
.416338800
.371558700
.392062400
.293525900
.342604400
.386144399
.305338400
.310156400
.439524200
.269684001
.334091800
.290467100
.335292800
.306141100
.322357099
.372207000
.354592200
.297735100
.318599900
.354983401
.367037700
.332011100
.320678200
.395820500
.414320000
.309016700
.274622700
.359352200
.386412500
.320373100
.280897100
.320499800
.405830500
.301519400
.270216400
.367344100
.356058300
.337924500
.309726500
.293396900
.351816299
.310671600
.290893500
.313263000
.360842500
.362879099
.358347300
.300639100
.355759300
.384006401
.338788800
.323928500
.370749300
.286652100
.359275100
.333039200
.385825300
.285784300
.347097800
.354259200
.450356500
.288549900
.329391600
.340163600
.394711500
.310595300
.382366900
.329004300
.346365900
.293533900
.266051500
.315998700
.404295100
.304251000
.277703300
.333387100
.396349700
.279484300
.274223500
.306221800
.366065300
.333243700
.282425600
.357796400
.404536400
.318606800
.322489600
.296051400
.365981100
.374887800
.338223300
.309009200
.383389200
.360096000
.370435400
.305923100
.435482100
.350964599
.319766900
.286780200
.350390400
.321283900
.315179500
.342935300
.428406600
.327537700
.342559101
.328907400
.367073500
.283825600
.273860500
.388147300
.372510200
.327483300
.304106200
.334749300
.351961000
.304092900
.284359700
.277901199
.506887500
.332388000
.326867200
.288786100
.370539201
.348052800
.296948900
.272727000
.457692099
.303105900
.289966100
.266389700
.349477800
.350123001
.284858800
.271486000
.358807500
.345127900
.298923300
.309912100
.373213000
.292474400
.322192200
.294614300
.354805000
.308203700
.349897500
.307235500
.361728200
.346390900
.325691700
.394022000
.385160500
.271750200
.314508200
.337811299
.385739200
.320092900
.284404500
.280472400
.417164501
.276716300
.258761600
.284836200
.393707699
.303200300
.317938800
.307730400
.350434800
.364611701
.345835500
.312765100
.331341100
.336220500
.314713800
.292204900
.375976400
.320714600
.337175700
.396036400
.451457500
.320556100
.346387999
.310757900
.385720200
.295576100
.340409801
.347830600
.474857700
.296019800
.319813000
.332306000
.369511800
.338643100
.347842300
.364417900
.376197700
.300727000
.299027000
.334490899
.422259000
.311516100
.289886800
.363741801
.377112000
.291149100
.267961499
.308926200
.391281601
.308001700
.323568100
.278163199
.403010001
.326597200
.339213700
.302589900
.352257301
.342632000
.309818400
.292857300
.349655800
.341189099
.365822600
.310383300
.365936500
.368973401
.333034800
.322338100
.372756600
.301793300
.341077500
.336420300
.378312200
.266601600
.346260500
.333989200
.548621800
.298966600
.352406799
.317102500
.353617501
.319313300
.312407500
.391623600
.370292300
.314615600
.316299900
.336386100
.348708000
.298883200
.282545800
.287496099
.384541200
.319893900
.274236600
.363166000
.410240500
.271055400
.293900900
.283641700
.379995201
.339051200
.358642000
.292424800
.395640900
.321950000
.285824800
.266932500
.375159800
.367045500
.380037800
.286840000
.385162000
.347403499
.531743900
.854289800
.599089101
.437603200
.356504500
.461904999
