.019134800
.017735800
.017902400
.016866500
.018106700
.018939200
.017208800
.017834000
.017165100
.017384300
.016954500
.018906500
.018253900
.018442600
.017597200
.017315400
.016647700
.017058400
.016926300
.016674600
.016503500
.018251800
.017533000
.017003499
.016880202
.016952200
.016795800
.018084700
.017434800
.016419300
.017149900
.017010500
.016327100
.016520500
.017254800
.016878200
.016264100
.016874400
.016587400
.016468700
.018437500
.015906800
.016181700
.017269300
.017747300
.017392900
.016999300
.016790700
.016283700
.018579400
.017591700
.016487300
.016632300
.017504400
.017452700
.017148000
.018581600
.017257600
.017276800
.017923700
.017203300
.016581100
.017198600
.017277100
.016297300
.016848100
.017135400
.018228400
.017732300
.017660500
.016443000
.018028200
.017663600
.016730100
.016506800
.016650100
.017938600
.017474500
.016446900
.016323100
.016170400
.017166000
.017108800
.016940700
.016329400
.017992900
.017570200
.017599400
.016364600
.020264100
.016715000
.018741000
.018438400
.017405200
.016699300
.017286900
.017382200
.017141699
.018945601
.016576900
.016940300
.017208800
.018535600
.017381300
.016416000
.018211400
.017548800
.016653400
.017633000
.017817000
.016522000
.016851300
.016448700
.016172700
.016654600
.016512300
.017522000
.016903300
.016630000
.016046700
.016442300
.016205500
.015898300
.016674000
.016639000
.016601400
.017171300
.017334200
.017642500
.016391200
.016639500
.017697500
.017273800
.017718100
.016290400
.017955800
.016090900
.017043200
.018490700
.017478200
.016057200
.016459200
.016180600
.017580200
.017234300
.018242900
.017086200
.017031700
.017965700
.016326600
.016235300
.015952600
.016141800
.017407300
.016767500
.016787200
.016781800
.016504900
.016719600
.016793000
.017333700
.017365800
.017861200
.017552100
.016855900
.016525900
.016171900
.016332500
.016671200
.016677300
.016733700
.016678200
.016989700
.016843600
.016629200
.016398300
.016588800
.017818400
.016747700
.016253300
.016543500
.016946600
.016969000
.016751700
.018306600
.018147200
.017441500
.017728000
.017360200
.017316300
.017269300
.017136500
.016637800
.016934000
.017928100
.016618500
.017634500
.016907900
.019098200
.017173300
.017292200
.017181700
.017131100
.016444900
.016562500
.016162300
.017875400
.016629300
.016323500
.016765200
.016943000
.017967800
.016606300
.016935200
.016488000
.016753600
.018809400
.016772100
.016676400
.016837900
.016358200
.016650900
.016544500
.016805600
.016623800
.016174000
.016660400
.016383700
.016846700
.017141800
.016318000
.017236500
.017450800
.017030000
.016916500
.016602000
.017152900
.016828600
.016230700
.016616800
.016748000
.016898800
.017246700
.016632300
.016762099
.016714001
.016663500
.016876900
.018051200
.016873200
.016595400
.017407700
.016295200
.016611300
.017008100
.017022000
.017331000
.016603800
.017331400
.016501600
.016773800
.016646500
.018403800
.016712900
.016712700
.016650000
.016870000
.016519300
.016921300
.017093300
.016569900
.016910200
.016563800
.016447900
.016687900
.016588300
.017424200
.017200900
.016458200
.018931400
.016129200
.016726100
.016989600
.017147800
.016123900
.017432000
.017229800
.017401500
.017208900
.017194500
.016177500
.016664800
.016950200
.018029500
.017883300
.017901800
.017788300
.017799800
.019223700
.018992500
.017859200
.017340400
.017245900
.018552000
.016700500
.018156200
.017419600
.016939500
.017005900
.017653900
.017229600
.017586500
.017361500
.017297700
.017084000
.017317300
.016306000
.016166900
.016449800
.016793100
.018067200
.017343700
.016892900
.017436800
.017098100
.016718100
.016266500
.016183900
.016958400
.016138000
.016540000
.016511400
.016750900
.016920700
.016450900
.016824600
.016913900
.016169800
.016223200
.017619600
.017865100
.016945400
.017628600
.016858800
.016884500
.017328500
.017235400
.018023400
.017134100
.016575100
.016569700
.016938900
.017019900
.016539800
.017086600
.016811000
.016695700
.016619000
.016998300
.016792800
.016908800
.016874900
.016048200
.017116300
.017750400
.016677100
.017015000
.017122700
.016825900
.017145500
.017442000
.017038300
.016648000
.016475100
.016890300
.016072000
.018035200
.017707900
.016722700
.017517300
.016434000
.016612200
.016748500
.017273500
.016244000
.017389800
.016265300
.018037900
.017080800
.016553100
.016777501
.016582500
.016689900
.017742500
.016678700
.016545400
.017191900
.019232700
.016825500
.017102900
.016461200
.016300900
.016981700
.016630500
.016413000
.017558000
.017217500
.018298400
.016679000
.016766900
.017188600
.016991600
.017153400
.016857400
.017126600
.015916700
.016543800
.016979700
.017990600
.016401300
.016974600
.017217800
.017113300
.017771000
.017368300
.017595600
.017207500
.017135700
.016195700
.017278200
.016898400
.016869700
.016575100
.016262700
.016892700
.017256300
.016280700
.017468200
.016458400
.016714500
.016713800
.017368700
.016398500
.016205200
.016666600
.017724100
.016210600
.018304000
.016258500
.016869800
.016562900
.016600500
.017096900
.016387900
.016472200
.017334800
.016041800
.016727800
.016601600
.016744300
.017980600
.016607200
.016761500
.016033600
.017216700
.017192500
.016822100
.016887300
.017294600
.016680400
.018251700
.017263700
.017784800
.017498700
.017362100
.017049100
.018197900
.018651300
.018128300
.016836100
.017356500
.017134500
.019490599
.017733300
.018636800
.017009100
.017764800
.017614200
.016905600
.016728400
.016927100
.016815000
.016092900
.016465800
.016852800
.017481100
.019032100
.016609500
.017342300
.016313100
.017611500
.017034200
.016836000
.016977400
.016629800
.017199200
.017088300
.016619500
.016942200
.016782000
.017332500
.017264100
.017497300
.017504600
.016742500
.017000800
.016856600
.016707200
.016987400
.016189000
.017471400
.017180100
.016545700
.016853200
.018580600
.017059300
.016289600
.016593000
.016747700
.017281300
.016269300
.016359000
.016706700
.016602600
.017040600
.016892100
.016590400
.016873301
.017633700
.017277700
.016625200
.016888000
.017768300
.016417100
.016320800
.016967100
.017320200
.017396800
.017068400
.016815600
.016036800
.017010300
.016352200
.016916200
.016620800
.016992600
.016310700
.016862300
.017208100
.016724200
.016799600
.016574200
.017819400
.016996100
.016901400
.017191000
.016274000
.016312100
.016225400
.016563100
.016732100
.016362000
.017001300
.017214900
.017097000
.015996700
.016948600
.016534300
.016683000
.017012100
.016866200
.017566300
.016797300
.016524700
.016471100
.016232300
.016893200
.017162600
.017290600
.016737400
.016217200
.016378100
.017185500
.016619900
.016407700
.018184500
.018937099
.016663001
.016360401
.019188399
.017444300
.016821200
.017727102
.017497100
.016092400
.018142899
.017338201
.016585200
.016876099
.017796501
.016951997
.016685700
.017039600
.017111600
.016597500
.016574200
.017172500
.017016900
.017173300
.016924600
.016538700
.016865000
.016129100
.016451300
.016794700
.017121900
.016790800
.017750200
.017512800
.017577100
.017461900
.017046500
.017377800
.017526300
.017354400
.017513900
.017943700
.017646800
.017603200
.017421900
.017211600
.019280900
.016761000
.017225100
.016789600
.019110500
.016625000
.016654400
.018235200
.017602800
.016772500
.016755500
.016753900
.016784800
.016060600
.016135400
.016520600
.016454600
.016625600
.016999500
.025347500
.019584400
.016442100
.016328100
.017443400
.016767700
.017372000
.018159800
.017328400
.017492900
.016904800
.017730100
.018688100
.016980000
.017323900
.017493800
.017328200
.019088200
.017398800
.016880100
.017139100
.016549200
.017114400
.017825700
.017343600
.016366100
.016291700
.016841100
.016197200
.016762600
.016513800
.016485200
.016737200
.016744500
.018349600
.016618300
.017141600
.016687400
.018126100
.016667000
.016448900
.016606200
.017227400
.016822700
.016262200
.016495200
.016519200
.016471100
.016859100
.016738700
.017896100
.016988600
.017226400
.016294300
.016407000
.016839600
.016829100
.015811600
.016412000
.016922600
.016530200
.016580900
.016856800
.017016500
.016487900
.016548800
.017003300
.016764600
.016711300
.016707900
.016595600
.016442200
.018019800
.016612300
.016559300
.016274400
.017153900
.016302300
.016895900
.016866000
.016921500
.016060700
.016601200
.016403800
.018497700
.016992300
.016728300
.017265900
.015863500
.016546300
.016596000
.017223300
.016636000
.017020600
.016504200
.016597400
.016850399
.017824601
.017676300
.016997500
.017643000
.017471800
.017824700
.016913600
.017590100
.017432800
.017292900
.017863900
.016570800
.017296000
.017549500
.017424500
.017615100
.017080200
.017651300
.017581600
.018014300
.017147300
.016813000
.017011300
.016965100
.017008300
.017396600
.017367500
.017728100
.017189200
.017675900
.017285900
.016945400
.018028900
.016969900
.017293900
.016640000
.018073100
.016670600
.017082400
.017071700
.017091800
.016631000
.016416500
.016169500
.016624200
.016660300
.016625400
.016759100
.017420300
.017293700
.016507700
.017427100
.016196400
.017028600
.017251600
.016444500
.018114600
.017108900
.017380400
.017323400
.018036300
.017024100
.017663700
.017352600
.017598000
.017366900
.017067000
.017348100
.017754600
.016553400
.016227500
.016939700
.016721499
.017053001
.016868400
.016939800
.016301600
.016226000
.016418500
.016684000
.017384000
.016067900
.016681700
.016590700
.017105000
.017553400
.017706000
.016618700
.017700300
.017220000
.016522100
.017374300
.016285100
.017073000
.016045300
.016587200
.016915600
.016165900
.016413900
.016462300
.016441200
.016691200
.017160600
.016964800
.016802200
.016718600
.016355200
.016951100
.016343500
.017002400
.016853200
.016542200
.016911100
.016662000
.016772200
.017089000
.017038700
.015927800
.017004500
.016906800
.017217800
.016010000
.016588000
.016283700
.016585700
.016375500
.016927100
.016324900
.017983500
.017026700
.016230700
.016607300
.016913700
.016959000
.018465000
.016061100
.018123600
.018047000
.016861000
.016570100
.017230800
.016742500
.018145800
.016450200
.017120000
.016769300
.018337199
.016750000
.016801600
.017611700
.016187100
.016279000
.016950000
.016241200
.016747800
.016846900
.016773800
.017362100
.017080500
.016418800
.016504400
.016633000
.016662500
.017213200
.017104900
.018079500
.016511800
.016902700
.016750900
.015873400
.016400200
.016605800
.016943800
.018076200
.016497900
.016903100
.016921700
.016726200
.016974400
.017068700
.017503700
.016190000
.017198900
.017054400
.016951700
.017142000
.018515500
.018047200
.016608600
.016941000
.016470700
.016676000
.017106700
.018026300
.016498100
.016573800
.016511300
.016537300
.016678200
.017093400
.017304400
.017346300
.016335300
.016490000
.016227400
.017124200
.016786800
.017388400
.016362800
.016265400
.016610400
.017498700
.016490300
.016517700
.016793600
.016132000
.016961300
.016414000
.018004000
.016293600
.016384100
.018212400
.016521000
.016889000
.016772000
.016873000
.017687900
.018433200
.016939700
.016544900
.016171600
.017988000
.015835400
.016369400
.016941700
.016854600
.018343400
.016049800
.017526900
.017373100
.015732700
.017072100
.016337500
