1.424584878
1.466562254
1.406245044
1.408437268
1.351742481
1.106498408
1.404370748
1.427163053
1.389415089
1.401144526
1.407254821
1.400564943
1.100838466
1.401071655
1.411372837
1.400451577
1.510478204
1.480019259
1.409579301
1.102063545
1.398007774
1.404261854
1.502990557
1.411980980
1.397320105
1.554813029
1.086940620
1.399727267
1.406262850
1.404705157
1.405162533
1.405252041
1.439456921
1.091241320
1.398255250
1.399414046
1.404069779
1.414891226
1.393065065
1.414073416
1.093073699
1.393320737
1.407059930
1.435676304
1.424612475
1.418934391
1.623360135
1.118017398
1.412963529
1.424584798
1.424089951
1.417121739
1.439114426
1.558266298
1.111784921
1.414605918
1.418276343
1.423921880
1.411346457
1.426771982
1.572388246
1.108662310
1.410974778
1.429132735
1.427948195
1.422402664
1.430322383
1.478294596
1.106049615
1.438968373
1.420145006
1.429329914
1.430064417
1.419859030
1.554523145
1.115664914
1.413099024
1.421877906
1.424197437
1.427136448
1.435349030
1.565814529
1.124397486
1.418464345
1.425351778
1.416834202
1.427685473
1.432572078
1.530364507
1.093665796
1.411526573
1.408618846
1.436821801
1.437299048
1.459027519
1.579888233
1.119135984
1.440528267
1.446215053
1.576081834
1.509602040
1.425385082
1.578985620
1.113005836
1.440627926
1.439978361
1.123537111
1.454358906
1.522277009
1.503642228
1.456707661
1.424822607
1.567159877
1.121867941
1.438187066
1.447366268
1.474724912
1.438600177
1.446736506
1.592441964
1.119744065
1.444896208
1.477458312
1.614955695
1.444988401
1.427555603
1.699958911
1.363086401
1.446574451
1.453576696
1.453956996
1.449342579
1.510956460
1.555694714
1.124568123
1.442531064
1.443015462
1.557815030
1.447119882
1.462667929
1.576461263
1.103448659
1.446014176
1.436053896
1.457898386
1.437431067
1.461813415
1.598049766
1.127343210
1.432198236
1.425579708
1.465474636
1.433095029
1.440489460
1.733514774
1.377288502
1.440322485
1.418038256
1.454191983
1.457297534
1.437401509
1.589682876
1.118903817
1.447292351
1.427916813
1.468580413
1.447415490
1.437655987
1.601268232
1.119898085
1.449164608
1.429703321
1.562638285
1.444500166
1.438564305
1.586076629
1.142557605
1.437963384
1.445771240
1.443106950
1.448408517
1.477605258
1.614208802
1.129442016
1.481380226
1.454291101
1.132067479
1.456223926
1.460172666
1.455118951
1.471336150
1.448942843
1.611444935
1.142571464
1.463242918
1.440010238
1.119784392
1.470370937
1.448849172
1.460610642
1.450350450
1.467925166
1.622295042
1.145848337
1.468807674
1.454897121
1.131117761
1.474527795
1.444328265
1.478533308
1.444185489
1.477788949
1.622044810
1.133517241
1.453393735
1.473655337
1.153716091
1.452321573
1.460859745
1.470781598
1.300220301
1.403103452
1.476568435
1.134625234
1.460054678
1.452180250
1.610325704
1.457564049
1.478109780
1.592171176
1.134661134
1.443221459
1.467158281
1.136500847
1.449674391
1.451217165
1.485449151
1.466156919
1.487499668
1.622078313
1.133587260
1.463476010
1.477707750
1.150666079
1.455317434
1.482215926
1.467364453
1.469049414
1.474920034
1.629497078
1.129782832
1.455104592
1.468080808
1.134866541
1.464886937
1.459246607
1.525059470
1.466635073
1.464673341
1.606260509
1.136496861
1.468091600
1.470517617
1.138378869
1.464060671
1.456510729
1.483815202
1.473455437
1.487271072
1.603429946
1.525584065
1.466174080
1.471612952
1.148875092
1.459853608
1.473427474
1.477571916
1.483255643
1.473374307
1.619084852
1.136578640
1.464649763
1.459106363
1.125910828
1.471184642
1.456648722
1.487861674
1.449710190
1.472962732
1.613923864
1.139218235
1.468719597
1.491069503
1.147568773
1.493909138
1.484709570
1.494710263
1.513931756
1.512745412
1.651483639
1.137394803
1.502072708
1.848968125
1.328382547
1.505109579
1.538680427
1.505644223
1.476827822
1.514259621
1.663469063
1.165999509
1.497079642
1.646944644
1.148726017
1.500760692
1.503920628
1.180973352
1.500041006
1.497715084
1.525699783
1.487732702
1.514220429
1.629036455
1.153399053
1.498506051
1.502620929
1.165101146
1.490340089
1.503421067
1.513504812
1.508353265
1.511919465
1.657126641
1.147474660
1.502201374
1.631959268
1.151326172
1.505187536
2.024827466
1.142041787
1.503360651
1.478476395
1.508535468
1.496192503
1.523605740
1.522457483
1.146515623
1.510035460
1.491816945
1.157981757
1.495233910
1.500357551
1.141401223
1.506933478
1.489943668
1.494394729
1.498788973
1.514187251
1.527039317
1.730322253
1.507777918
1.625163347
1.158018355
1.500656729
1.502777886
1.153096366
1.495011715
1.514132070
1.507098176
1.492816392
1.514203238
1.661928884
1.163379491
1.496408184
1.626642944
1.142148408
1.494699420
1.502698250
1.157757660
1.496304984
1.513255293
1.499483254
1.507271931
1.493502773
1.671174945
1.177392195
1.510688853
1.683329816
1.182536331
1.503788704
1.971207989
1.266717761
1.531446765
1.533333268
1.546821005
1.537855283
1.538940358
1.688400845
1.171262502
1.530024675
1.664278176
1.178246421
1.526554668
1.666713655
1.184450374
1.527732699
2.067007173
1.187983839
1.527041035
1.510209196
1.530796811
1.539752013
1.525933930
1.684967506
1.164811792
1.508876260
1.665734019
1.164026940
1.535090156
1.681101981
1.171769915
1.511088770
1.538459713
1.173928820
1.518955988
1.542318174
1.526649368
1.537383452
1.530208242
1.670575592
1.172074414
1.515445365
1.661133755
1.180510700
1.523280368
1.606165300
1.174160735
1.528868596
1.532682402
1.179941841
1.522795584
1.547668452
1.614779575
1.547437949
1.535124676
1.655030418
1.165424250
1.527818913
1.670034092
1.184383340
1.528384998
1.617103251
1.190944935
1.523526729
1.534383276
1.184121301
1.529681335
1.560813996
1.532174087
1.531805096
1.556228518
1.660233513
1.177802330
1.540722971
1.656804603
1.187125645
1.531245257
1.662214207
1.191842466
1.525577443
1.538762388
1.191615669
1.533687311
1.537036563
1.539795984
1.542022662
1.545299360
1.689541833
1.173587587
1.561839240
1.643176352
1.185071093
1.547837994
1.534545605
1.185350075
1.537390446
1.529714827
1.190336419
1.539907632
1.515899100
1.550499692
1.545917967
1.535713614
1.693364954
1.191359049
1.545240927
1.682025855
1.181080636
1.558474588
1.653936277
1.193201359
1.527658018
1.549720654
1.184133813
1.528367449
1.543529318
1.659366159
1.561063121
1.554204259
1.708635773
1.216165586
1.545534773
1.692557494
1.201783065
1.562559840
1.696949896
1.194426224
1.592932981
1.660196600
1.193661462
1.567385297
1.690655951
1.189649026
1.558201354
1.639059254
1.191759728
1.556866525
1.561656053
1.204124056
1.558201015
1.577743217
1.193031383
1.554835461
1.564464959
1.557545683
1.557894035
1.570794246
1.633803063
1.194267879
1.557216677
1.714061037
1.178603152
1.575107319
1.678920725
1.180634894
1.580960327
1.692662259
1.197578813
1.563345527
1.565590335
1.211251973
1.557763068
1.648730318
1.204181596
1.561694393
1.472995706
1.213567844
1.574794682
1.581407114
1.558198890
1.579671112
1.583491404
1.591626267
1.571905815
1.577852901
1.684528368
1.195921359
1.571864793
1.692085267
1.200149698
1.572525428
1.709165625
1.218643019
1.552662396
1.637338683
1.214466954
1.573358053
1.578976650
1.207648599
1.565362955
1.566117574
1.210955744
1.587307150
1.555989653
1.574812992
1.575930156
1.569195159
1.602773658
1.555826590
1.586575306
1.724019187
1.208569276
1.569667597
1.683866619
1.197229029
1.575834885
2.005054455
1.300617874
1.559707172
1.565917536
1.591957017
1.575602207
1.587345783
1.592064767
1.590692290
1.580502181
1.720500459
1.220041911
1.560825240
1.690016119
1.202822376
1.560009463
1.702726654
1.198359107
1.570223832
1.694755745
1.200495263
1.613840529
1.748944430
1.246989294
1.628709205
1.789592242
1.230745786
1.641007867
1.761077478
1.227763911
1.626224093
1.782119448
1.243919648
1.637416161
1.764731635
1.232600403
1.666139217
1.602481526
1.633920549
1.659479891
1.789194624
1.228916414
1.627942047
1.662768607
1.650435574
1.631699423
1.709219460
1.637882484
1.645928591
1.672746270
1.649565331
1.658602478
1.654277542
1.662768398
1.630702464
1.705551281
1.603610496
1.657498110
1.788567342
1.239265493
1.636619299
1.674463808
1.623662433
1.668313629
1.643576824
1.645600334
1.656242423
1.653345653
1.662915226
1.651471944
1.660222148
1.662822441
1.643900439
1.679020927
1.649900845
1.650433795
1.697471273
1.611638078
1.657558755
1.771384112
1.238195108
1.620637273
1.663229500
1.639083609
1.641602950
1.674450323
1.666139991
1.640218002
1.670228851
1.648660858
1.652228887
1.664087199
1.629908230
1.670382223
1.657022204
1.665108297
1.652808080
1.722623757
1.613943410
1.642076133
1.820895147
1.248628013
1.627735579
1.682734787
1.624480155
1.665635526
1.659057868
1.653339656
1.647086942
1.649081993
1.656383070
1.632205054
1.653246239
1.663059299
1.645143063
1.702771704
1.652189444
1.665964082
1.651628590
1.646942977
1.666125793
1.792266142
1.246215187
1.621785577
1.656373795
1.651456584
1.631894609
1.676858426
1.655955770
1.653096555
1.677098645
1.645234405
1.658589854
1.649474384
1.639426331
1.670317193
1.662283199
1.650162399
1.658461734
1.658186605
1.671557962
1.637720614
1.678599124
1.662262958
1.645986271
1.674584610
1.648532121
1.669727706
1.659656832
1.650359195
1.668059000
1.702090110
1.615247822
1.648328592
1.725279756
1.611320512
1.655913004
1.781139854
1.240147022
1.644377158
1.640413317
1.632658695
1.666301178
1.644408400
1.656301546
1.645921390
1.653582213
1.662798940
1.645979212
1.669422557
1.659216907
1.654469974
1.677217766
1.645157049
1.660899319
1.651297707
1.642256885
1.666759046
1.708196502
1.208146496
1.646337721
1.668437745
1.671666470
1.645122308
1.689423832
1.679356185
1.667099402
1.701125784
1.684034682
1.683554876
1.697334408
1.686614237
1.688107000
1.683970102
1.675736724
1.692262734
1.683498224
1.685159205
1.686184705
1.683815848
1.696600452
1.687662449
1.687656117
1.694178214
1.679020482
1.694977929
1.679962032
1.676026222
1.695329954
1.693483904
1.683794552
1.721976667
1.682138725
1.682805550
1.708375525
1.692535416
1.682018148
1.709158264
1.673508462
1.699956664
1.600664457
1.683183601
1.680545976
1.698471278
1.678905165
1.709890949
1.697620165
1.685291952
1.676299522
1.693940506
1.689470991
1.687411298
1.730129171
1.683175851
1.715754360
1.713932229
1.698845255
1.704060592
1.737484552
1.719983652
1.696261963
1.738639483
1.706582532
1.761895083
1.673262129
1.726013585
1.699401694
1.713743674
1.706279152
1.715998029
1.708550173
1.699820986
1.713703474
1.722215460
1.717296748
1.710937379
1.715677165
1.730546556
1.685939281
1.734394022
1.702740709
1.771655718
1.648759276
1.698701470
1.716387441
1.710223831
1.691344826
1.749419808
1.707101501
1.691555067
1.715367845
1.728933218
1.720627784
1.695154175
1.733544447
1.719456849
1.695425377
1.723481042
1.718104385
1.791720749
1.650891558
1.706708655
1.700544339
1.722440479
1.708634302
1.713320216
1.717230075
1.708855778
1.715960432
1.753339486
1.738725194
1.721446508
1.806048843
1.727917145
1.705170034
1.746177486
1.724935519
1.797166972
1.680367873
1.723794916
1.741561653
1.740272250
1.736495288
1.756133762
1.739338557
1.747838585
1.713492758
1.758465716
1.728222732
1.746027015
1.741758329
1.712263498
1.748220789
1.731093279
1.720184944
1.708359526
1.695376482
1.729102868
1.742806773
1.729377714
1.735080139
1.769998636
1.741073643
1.735082833
1.732481708
1.751110003
1.745707377
1.747005619
1.756526491
1.738933591
1.745003060
1.746054059
1.746070508
1.603608203
1.707277212
1.746307404
1.717280996
1.759757850
1.746181695
1.750617291
1.766207937
1.730476216
1.738976193
1.748123975
1.753272272
1.730228336
1.813679204
1.716046769
1.722021253
1.744793429
1.726147723
1.617796596
1.701942515
1.747097944
1.791441360
1.796455695
1.771419895
1.810357462
1.867436973
1.772254276
1.780603544
1.789111295
1.789306642
1.781364869
1.804683470
1.798803510
1.789724555
1.944064982
1.809789208
1.729322994
1.771329431
1.790619900
1.788028742
1.857206725
1.768317297
1.779835967
1.770023672
1.792851950
1.774551425
1.788363438
1.796953249
1.792256169
1.960864866
1.771488758
1.769117309
1.851398272
1.708478783
1.785425550
1.866160071
1.773644880
1.784553728
1.768393215
1.778096286
1.781730688
1.793573492
1.780115103
1.781621977
1.953583045
1.768031986
1.781690554
1.766665359
1.785661295
1.857636993
1.783708720
