.017363900
.015642000
.015558500
.015506500
.016065700
.015695100
.015531500
.015093700
.014534100
.015555900
.015311800
.016112700
.014943800
.015494100
.014408700
.014922400
.015627300
.014685100
.015126400
.015004400
.014323800
.015173200
.015299100
.014907800
.014684300
.015205000
.014802100
.014420600
.015239100
.014791400
.014720800
.015058000
.014966800
.015874600
.015130600
.014505900
.015358600
.014601400
.015531600
.014922700
.015057700
.015619800
.014525900
.015174500
.015113600
.014898900
.013889500
.014290700
.014348300
.015235400
.013437100
.012958900
.013101800
.013215100
.012910400
.013570999
.015596500
.013127501
.013321300
.012681100
.013548700
.013178500
.013153000
.013176300
.013831600
.013048600
.012873200
.014311400
.013113700
.013697300
.013662700
.013711500
.013022900
.013567000
.012912600
.013585300
.013348000
.013473400
.013078300
.013112300
.013472900
.013746300
.013470500
.013544300
.012921500
.013001200
.012900100
.013659500
.013579400
.013344400
.013511100
.012876800
.013406400
.013096100
.013849500
.013920400
.014873600
.014988100
.015707700
.014073500
.014509800
.014839700
.014616500
.014363600
.014590900
.014911600
.014403400
.014414400
.014680400
.014468900
.014882500
.014430900
.014896600
.014499500
.016683400
.016369400
.014632700
.014590300
.014847200
.014506900
.014816200
.014823200
.014616600
.015531000
.014694400
.014730500
.014828100
.014780800
.014685600
.014930000
.014222000
.015260200
.014185400
.015902300
.014282200
.015365600
.014632900
.014904600
.014848700
.014191000
.014900400
.014362499
.014819602
.014633000
.014615500
.014543800
.012997300
.013267400
.012780800
.014613100
.012822100
.012854000
.012989000
.013004700
.013056600
.012924600
.013011700
.012662600
.013721000
.012870600
.013605900
.013156300
.014286900
.013142400
.013743900
.013190500
.013120000
.013900500
.013796500
.013042900
.013441400
.013327000
.013098700
.014713700
.013206200
.013044100
.013431800
.012852500
.012934400
.012838000
.012858200
.012635900
.013196100
.013047600
.013029000
.012914800
.013542400
.013001300
.013633800
.013091100
.012928000
.012867400
.013048800
.013303700
.012798100
.013386300
.014426100
.014754500
.015490800
.013518600
.014478800
.015038700
.015066400
.014634000
.014650000
.014312100
.015364200
.014661800
.014702000
.014358600
.015761300
.015022900
.014780700
.014583900
.014879900
.014996400
.016457600
.015036600
.015178600
.014503800
.014138100
.014905400
.014994500
.014247600
.015043100
.014500600
.015023900
.014754000
.014776200
.014568601
.014811300
.016564800
.014640800
.015495100
.014191300
.014539800
.014918900
.014798900
.016238800
.015241500
.015826000
.016421899
.017414900
.015972400
.015726100
.015757100
.013144400
.013085900
.013054200
.014564000
.013289800
.013232100
.012988000
.012571100
.013260000
.013191300
.012848600
.012954200
.013518600
.013203700
.013480300
.013333800
.013202100
.012827100
.012787000
.012808400
.012857100
.012791600
.013300100
.013268600
.013038500
.013372100
.013010100
.012747800
.012980400
.012859400
.013339900
.013637700
.012635400
.012666300
.014408100
.013251000
.013210800
.013118400
.016241300
.013233100
.013142200
.012619300
.013105800
.012752300
.015162500
.013268200
.012882700
.013047100
.014511401
.012995100
.014995700
.014475000
.014548400
.013329900
.014846200
.014914800
.014991800
.014567300
.015032700
.015047500
.015786900
.014627000
.014433500
.014726300
.014562100
.014679900
.014876100
.014591400
.014840300
.014784400
.014706800
.015206201
.014426200
.014490100
.014638000
.014513800
.014674800
.016493100
.014806800
.014753000
.014831300
.014738300
.015733900
.014736400
.014646900
.014736500
.014188900
.014783400
.014717300
.014485800
.014851800
.014131600
.014842600
.015212200
.014747200
.014742300
.014590700
.014802300
.014954100
.014786300
.014542600
.013260700
.013561200
.014782600
.013144700
.013737100
.012983500
.013315300
.012830300
.013003200
.014050200
.013089500
.014028900
.013238000
.013027100
.013375300
.013020500
.012790800
.013101700
.013420800
.014299400
.012655600
.013258300
.012825700
.013187700
.013213100
.012887400
.012701900
.013168300
.013440000
.012941600
.013026600
.013275000
.013154700
.013076700
.013048700
.012911000
.012623400
.013318500
.013201400
.013197000
.013445800
.013191300
.013189200
.013001200
.012854500
.012936000
.012847700
.012920200
.013144100
.015064700
.015914100
.014980700
.013001800
.014963000
.014516900
.014690899
.015020701
.014953300
.015728200
.016291200
.014460400
.014630400
.015414600
.015014500
.014476200
.014615200
.014430700
.015193300
.015220000
.014388600
.015835900
.014623700
.014606000
.014612000
.014574700
.015591000
.015060400
.019333099
.014781700
.014840600
.015048000
.014899900
.014305500
.014530500
.014674000
.014977200
.014684300
.014543600
.014619600
.014994000
.014361600
.014750300
.014470200
.015129200
.014549100
.015070600
.014438200
.014921900
.014487200
.014319600
.012700300
.013111100
.014290000
.014480300
.012972100
.012853300
.012949100
.013247900
.013162500
.013737800
.012526500
.013216800
.012983700
.013029700
.013090700
.012801100
.014975600
.013182400
.013098400
.012672800
.013208700
.013172300
.013447100
.012867400
.014147900
.013016300
.012801100
.013136200
.013018100
.013500400
.013040400
.013185400
.013111300
.013042900
.013559000
.013162100
.012894800
.013077200
.012750800
.013177901
.012917598
.013138500
.013501500
.012888700
.012962200
.013280900
.013185900
.012831400
.012838200
.014942400
.014645300
.014324800
.012760300
.014825700
.014353200
.015303900
.014629700
.014665300
.014338300
.015333300
.015071500
.014466800
.014525400
.014475200
.014601600
.014677500
.015439700
.014546800
.014668300
.015054300
.014351800
.014989300
.014469400
.015277500
.014779900
.016562800
.014504800
.014854800
.014704000
.015928900
.014990100
.014696300
.014745700
.014688000
.014579600
.014458700
.014705000
.015639500
.015109500
.014475300
.014725500
.014766800
.014531100
.014478300
.013985600
.015414300
.014377600
.014628800
.014626800
.013287500
.012639000
.012885200
.014807800
.013203800
.012849400
.013031300
.012770800
.013116200
.013231900
.012826500
.013109900
.013109700
.012927600
.012730000
.013479100
.013402500
.012719500
.012827900
.012651900
.012590700
.013357700
.014091800
.012825000
.013434400
.013148900
.012672100
.012960200
.013462601
.013854300
.014673100
.014023400
.013323800
.013580600
.013927300
.015115600
.013330600
.013331100
.013511100
.014282300
.013090600
.014037700
.013409800
.013192800
.013408700
.013342500
.013437900
.013295700
.013115800
.012785000
.014589600
.014987900
.014691800
.013664100
.014644300
.017221600
.014716100
.014454500
.014665400
.016031200
.014530000
.014619800
.014898800
.016272700
.014573900
.014476600
.015339400
.014565900
.015364700
.014478200
.014751000
.014116600
.014949500
.014344900
.014461200
.014859800
.014938200
.014254100
.014560700
.014395300
.014897700
.014514000
.016194700
.014985900
.014417400
.014474300
.014826500
.014827900
.015250800
.014501300
.014643400
.015127200
.016674200
.015737800
.014349600
.014583600
.014652200
.015894300
.014872400
.015164700
.014195400
.014485301
.013465000
.014945300
.013006700
.012761599
.012901498
.013847201
.013880500
.013521900
.013376301
.013373100
.012695598
.012978898
.012907400
.013000000
.012764900
.014227800
.013160500
.013191600
.012918800
.013101300
.013191000
.013149700
.013232700
.012702700
.013580700
.013159400
.012897400
.013115400
.012846700
.012774500
.013823300
.013593300
.013705400
.012934300
.012876200
.013227600
.012554700
.013034700
.012793100
.013195700
.012816700
.012803400
.013254400
.012990800
.012910600
.013372000
.013662800
.013921400
.014625300
.015299400
.016097200
.012520700
.014579500
.014158700
.014308600
.014766500
.014121300
.013855400
.014064000
.014113000
.014852700
.017512400
.014753300
.014314200
.014706800
.014378900
.020221700
.014461500
.014662600
.015041000
.014603400
.013947600
.014043300
.013757300
.013943300
.014504900
.014186100
.015194500
.014427400
.014276600
.014210500
.014249200
.015408600
.014310100
.014595600
.014177100
.014698200
.014510800
.013956200
.014009700
.014723700
.014429700
.014387700
.014119100
.014211900
.013981000
.014567801
.014289800
.012678600
.012826900
.013065300
.014479200
.012813400
.013207600
.016674100
.013398600
.013085900
.014314800
.012937000
.012647400
.012763500
.014006700
.012635900
.012596200
.013156400
.012508000
.012351700
.013441000
.013301500
.012768000
.012498000
.013031300
.012924900
.013155400
.012395700
.012401500
.013019600
.012709900
.012780700
.012697200
.012910000
.013913700
.012965900
.012653900
.013199200
.013032900
.013088400
.013967000
.013082400
.013210200
.013545900
.013114600
.012946200
.013273400
.012945000
.012928300
.012982100
.013309200
.014814900
.014625800
.014715100
.013018900
.015301200
.014908900
.014541900
.014542300
.014956100
.014683000
.015416100
.014699700
.015092600
.014690500
.014580400
.014904700
.014818300
.014811800
.014788500
.016362300
.015887600
.014842300
.014970400
.014807000
.015348400
.014967800
.015193600
.014535900
.014875000
.014809300
.014602000
.014679900
.016232100
.014863500
.014918399
.014647300
.014492001
.015067200
.014798100
.014687200
.014894300
.014804500
.015242500
.014945200
.014606300
.014531300
.015011800
.015250800
.015382500
.014755200
.013569400
.013201400
.013103400
.014684200
.013439400
.013265300
.012794900
.012964600
.013124200
.012991200
.013382200
.013269300
.014172400
.013116000
.013137500
.013602400
.013410700
.012927200
.013241800
.013489200
.013054700
.013092200
.013157300
.013347800
.013372500
.013564900
.013330200
.014297200
.013135100
.013517500
.013188400
.012966500
.013119000
.013262100
.012923800
.013238700
.013098100
.014487400
.013381700
.013148400
.013264500
.013785400
.013190900
.013178700
.013705600
.013244500
.012509700
.013609400
.012153400
.011923900
.013743900
.013979600
.014179900
.012118200
.014064200
.013578400
.014157600
.014437100
.014356700
.014379200
.014512500
.014546100
.014229400
.014583200
.013799400
.013755100
.013930200
.014291100
.014866200
.014335400
.014865500
.015087000
.014993399
.016371400
.014889900
.014977800
.014676000
.014567000
.014684500
.014926000
.014669000
.014747500
.015056800
.014724900
.014993800
.015004400
.017156500
.014546800
.014919400
.014707300
.014334800
.014672400
.014961700
.014821000
.014990000
.014504900
.014737300
.014662900
.014698700
.014794100
.013239300
.013191400
.013540400
.014867600
.013256500
.012887300
.013234600
.013121400
.014102300
.013069800
.013148300
.013253400
.012874800
.013063100
.013063300
.013215500
.013483200
.012939000
.012969100
.013030400
.013413000
.012857400
.013042800
.013281500
.013580900
.012937000
.013231800
.013231900
.013204100
.013118900
.013317600
.013168400
.013041300
.012823600
.013227900
.013452800
.013360600
.014290100
.013111600
.013060700
.013198700
.013119900
.012891000
.012831000
.012519500
.013125500
.014395000
.013100100
.013961800
.013121400
.014869400
.014402800
.015061400
.013275900
