.891105388
.891169228
.891860589
.886175077
.913901933
.919500457
.990137287
.884782527
.911757029
.934152307
.948719792
.915514946
.454260413
.921010829
.920608255
.904651658
.920885413
.928441382
.913416942
.910980551
.934125505
.919364535
.925187248
.453908820
.917452910
.925547228
.907924712
.911096113
1.080649672
.919573768
.920302655
.923155260
.919343249
.915805580
.465629463
.924910011
.913389210
.916440434
.781677325
1.014551116
.925710810
.913278710
.931270566
.917343698
.925061741
.464724095
.912937592
.920124447
.920295175
.931553927
.990164473
.932440047
.919103725
.918683108
.912144904
.906534932
.465852440
.926182012
.914346007
.908931980
.931033677
.920431379
.919020954
.923320456
.922571483
.917854191
.936728893
.455778244
.905293394
.919499048
.800202840
.917050969
.945811420
.913109470
.925118229
.932203590
.915985551
.926548926
.450460632
.927673975
.922360937
.910146795
.913046312
1.021846462
.937385175
.904104531
.926903464
.910253268
.905965019
.464116664
.918672071
.900473003
.912807286
.913649940
.931057252
.928354206
.919088130
.920890628
.926239975
.928676760
.460946238
.910568542
.925429656
.911345971
.914974502
.941099081
.934813754
1.086437295
.929168021
.896081902
.920413057
.461719151
.919976140
.926467036
.941684969
.944287849
.955582846
.942647475
.961674772
.953652463
.949944321
.953260803
.474949277
.947959602
.932706709
1.106865917
.941516599
.454850268
.949926275
.937185572
.942542836
.946874475
1.038540152
.967894243
.945221651
.942080645
.936544991
.950507481
.471193760
.946274204
.930439840
.934355416
.952182375
.460856463
.940549377
.939974289
.941942649
.949381700
.953522022
.946283237
.947040674
.950199202
.948388493
.963634158
.467080548
.943805119
.942312199
.940773343
.946103747
.469096389
.932228830
.973806970
.956307760
.942730825
.956904085
.943264765
.953194606
.945338537
.957744415
.957644744
.470017788
.944974471
.933502296
.934431875
.950989700
.474651852
.944525746
.943201033
1.129005943
.917600689
.459629424
.940459531
.948481813
.937136610
.937776007
1.040038754
.961753058
.935047661
.954651334
.936596449
.944873978
.473975386
.939116992
.944363258
.943937561
.949503840
.414206075
1.048274784
.988666110
.990489577
1.663089110
.484726169
.985312218
.991568190
.845849460
1.089413031
.490976099
.986692139
.997970992
.994238469
1.023201443
.481986606
.985254871
.988180835
.975877998
.991560601
.997646178
1.019662751
.996245864
1.003476305
1.004384582
1.008032436
.993906206
1.005187291
.979413899
1.002421733
1.004441826
1.004742061
1.008886270
.982902023
1.004724515
1.009002017
.995094911
1.036514951
1.148804288
.999089002
.984055559
.989864399
1.001209864
.997063693
1.003143437
1.014253728
.998196698
.993637145
1.005397498
1.020559681
1.006921084
.997144969
.999652223
.990147042
1.016457086
.995939232
1.019052396
1.169071571
.998194747
1.005303455
.991275787
.980365381
.993201580
.986387154
1.023200648
.995592229
1.007592040
1.005050858
1.000704844
1.013502181
1.009399646
.997919158
1.008233014
.999410933
1.021395915
1.005638616
1.006375015
1.005948799
1.000402996
1.008432669
1.008622064
1.000173049
.994290178
.926666798
1.013286754
1.006363633
.997130108
.996571092
.988156411
1.016486953
1.004704709
1.010275234
1.008937050
.995617912
1.023670345
1.002830737
1.002670019
1.004154241
1.003856301
1.008880416
1.003921311
.998954273
1.051860997
.954616907
1.007878304
1.006857659
.998675302
.999777254
.996292588
1.011520912
.994993020
1.002014578
.984663075
1.022418198
1.014469815
1.002540582
.994462306
1.004957216
.998214435
1.011774329
1.006502807
1.000040826
1.009698587
1.002277279
1.015190904
1.006296875
.991139635
1.002310640
1.009724289
1.019642926
1.011050945
1.005039796
1.049351024
.947027231
1.026805773
1.001891139
.991520532
.999053962
.996301057
.999180367
.997981410
1.022088848
1.054012670
1.037971141
1.067867894
1.049324518
1.048769825
1.066585763
1.051034022
1.044913580
1.046725995
1.218869594
1.037824202
1.040697160
1.190366381
1.043860653
1.031569200
1.028379721
1.037765203
1.047804095
1.049618377
1.038861696
1.049989189
1.050532135
1.058649317
1.048955729
1.054177081
1.052201858
1.213332538
1.074555864
1.036508662
1.038350712
1.034940424
1.036929728
1.126284558
1.053806589
1.036112535
1.029549231
1.050954579
1.039123817
1.044545280
1.059391741
1.046805039
1.045800190
1.147298201
1.050755759
1.040424415
1.026287224
1.059761577
1.042578874
1.031597226
1.051693360
1.050011913
1.043508669
1.051594506
1.054282281
1.056652503
1.043859380
1.054623690
1.075995084
1.043546285
1.054279611
1.039876610
1.050217661
1.066380158
1.053725408
1.038250272
1.051085512
1.046631728
1.146039238
1.060696635
1.034027177
1.033372062
1.041103825
.806116686
.739924254
.717673835
.725570933
.702541303
.702806388
.707566638
.739998314
.703905128
.708416123
.707673859
.702504140
.715136499
.712305039
.721275071
.701751872
.711880704
.703723827
.719768638
.706758313
.716079006
.736710869
.721690926
.722386880
.708176929
.718454340
.693679401
.716216644
.716341172
.714680064
.707193838
.704555641
.712108473
.716287796
.703412217
.720770443
.711077138
.708727110
.708103489
.709349302
.710262449
.715198337
.699264112
.710940615
.710122328
.713104249
.696905521
.713572469
.700717820
.721624784
.705996455
.714435475
.698524409
.707663234
.712135482
.707129955
.740039076
.718263515
.710993177
.700028462
.725885672
.705174410
.709789580
.736556853
.711755151
.701928537
.709923692
.718004359
.702464591
.700718072
.714109937
.731298408
.712004571
.703690612
.711348482
.699765124
.714163928
.706876546
.715802079
.708543263
.704124084
.706126723
.718954981
.709765851
.704206532
.709635581
.712629843
.711793422
.708956826
.710522990
.704555953
.715499525
.705824555
.702913109
.716845977
.708519151
.708266915
.695385095
.724165716
.714195363
.708421938
.721924798
.869185029
.623067028
.786307063
.740292571
.714564665
.700720934
.703907148
.708360023
.699275830
.706927063
.738504428
.710273541
.712789551
.703091519
.705126649
.720370658
.692711717
.729150586
.705227543
.706865017
.708122794
.708578127
.714082138
.710314959
.722331630
.715404257
.718430070
.697441259
.704239311
.712249394
.702670848
.717094843
.708902955
.710334556
.706013293
.707906965
.704718656
.704228771
.718178039
.710317002
.705731425
.719676716
.711501564
.700160598
.710014040
.710141103
.711382872
.702749259
.699738344
.714444973
.705933818
.720562435
.720690065
.724218195
.709952166
.720425485
.714488627
.713969451
.711798383
.716446578
.713388774
.712020585
.728176572
.716492362
.723788780
.744541718
.710069912
.714266581
.713522688
.715401735
.712085903
.723827379
.718107576
.728330184
.715141063
.724393035
.732831239
.711776974
.721514570
.711199193
.716645466
.711362282
.722135887
.708503666
.716380353
.714479185
.712348746
.735826756
.727376703
.721740963
.713853354
.715946689
.720324175
.714862185
.742425744
.719833083
.717934901
.712738081
.721523953
.713792994
.712015867
.752085534
.706556426
.738713852
.791929237
.714859978
.787471927
.704859466
.720373919
.714298790
.713761121
.715990868
.716370633
.713142175
.720516538
.720117993
.722286283
.710164582
.704745816
.729853984
.718137606
.719256675
.713271620
.720248319
.706115376
.731732942
.734776416
.726230785
.715959459
.723535014
.718605553
.717148994
.725533091
.719144724
.711012977
.722131096
.730320093
.710358910
.718385581
.722923115
.716365320
.727135588
.712504507
.743503414
.743146663
.859400451
.716197349
.712299176
.705068734
.715184410
.720994077
.720023562
.724813366
.728977792
.727273267
.723730173
.727619831
.813328611
.729175526
.731310230
.732677290
.711228549
.725486501
.699498110
.767429793
.722129815
.714371395
.736185674
.720094524
.728220879
.695055008
.735242003
.724923607
.722406809
.729171228
.734624104
.719647841
.740192279
.740390906
.734068535
.731267410
.734251617
.733265463
.725848477
.780549441
.695046151
.734561637
.726271893
.733674004
.717980948
.724203401
.730910062
.731547288
.728618285
.738101977
.726872962
.732026981
.731340302
.728196069
.751385465
.725181046
.732245550
.731467547
.728393142
.736920401
.730943502
.806800851
.759553304
.721244952
.731277126
.735522803
.719704641
.724375175
.726737774
.725616083
.725221563
.727311701
.734740840
.729204533
.717247828
.751315582
.717896099
.729589506
.731175287
.735283358
.736657590
.724309655
.731021550
.737810359
.737976814
.720898536
.730416381
.724560688
.723572972
.742374695
.732145099
.730321395
.717141986
.720847496
.735509196
.723432500
.737026657
.724864124
.731232855
.720129967
.747185560
.739773512
.714205878
.736250478
.730642627
.733846655
.723924995
.725860716
.729013036
.733093589
.741489371
.727262343
.736618896
.738453825
.733198524
.720214255
.733029119
.747440571
.728475040
.733250441
.731617769
.742891524
.720555242
.728234442
.736483203
.739794949
.725722309
.720817265
.743534703
.718503933
.731259900
.739122379
.739318900
.724573701
.726165099
.730914650
.720219972
.723267465
.739574870
.741378646
.726026068
.741136923
.728443215
.726561585
.729649128
.738864236
.736021117
.743720091
.701704320
.734035610
.716192307
.724561670
.737578886
.739453281
.729191136
.725610197
.743667616
.713584580
.732315589
.753542310
.729846328
.740307644
.730945927
.720094335
.731801720
.727990536
.745898562
.721804425
.720508884
.731491121
.730242009
.725527292
.725466141
.739588060
.733995875
.725538371
.730989437
.715221459
.729851605
.732764291
.733684489
.741357337
.734361434
.731495236
.735043609
.741138458
.746166051
.742390917
.735184922
.728035022
.754096268
.734601147
.735571119
.740695370
.751074880
.739368522
.736753191
.736676391
.749586559
.729660160
.744640793
.760380307
.730485967
.750204499
.735175420
.738042766
.742597687
.736214254
.741394671
.744110229
.738974247
.741509478
.742789090
.731698867
.743409090
.747071558
.742330052
.730023799
.741101887
.745863263
.726301964
.746839009
.733680289
.753012063
.735838904
.740629527
.739535390
.735714292
.738795672
.740720321
.748416084
.736875128
.736296116
.745613684
.731268669
.734639918
.771564627
.732849938
.732461724
.738104298
.742061602
.729592924
.763996580
.760464453
.747393129
.727591466
.751542194
.742228933
.735616641
.729991505
.749232657
.747393552
.734269098
.732315819
.748700080
.727205624
.745527084
.750238652
.743264453
.731185778
.740986849
.739962408
.744394165
.734864567
.742320741
.742751130
.736609012
.732174573
.733838494
.737324326
.738033030
.826094248
.746515048
.733990068
.734676247
.725336979
.738877306
.736709570
.729356413
.734608048
.731897571
.743508901
.733820950
.735575552
.748091539
.746141920
.734753848
.736888404
.733629986
.737555306
.738690485
.731878388
.743884169
.751254917
.730060034
.735553447
.746884066
.754600403
.737421497
.759416505
.750028298
.737094916
.735182010
.747602355
.736785398
.732851012
.831740401
.737138893
.731536517
.738710202
.722053794
.732806000
.739980854
.728229732
.742386870
.736819238
.766297169
.722849447
.740831628
.734580433
.762540633
.750810308
.737914141
.737678241
.748601030
.734351816
.736615367
.754701129
.746781025
.734465155
.739937722
.747821134
.744179532
.738608048
.759062746
.749117293
.733629835
.745816635
.747804736
.733040708
.751756282
.747276937
.746942337
