.014494334
.010642590
.012273548
.010860608
.012231430
.010449703
.011311644
.009765986
.011301910
.010746027
.014029523
.012619463
.010710142
.012713988
.010195609
.009609755
.012504808
.013047841
.011338860
.010321910
.012992534
.014939766
.011097123
.012708281
.009995710
.012497541
.010761511
.011863095
.012234982
.010237015
.011986342
.009943351
.010807900
.011064037
.012437800
.011276591
.011299256
.010344793
.015642679
.013491227
.010290073
.010182625
.013128764
.010399735
.013275786
.012955234
.011603689
.012387090
.010298558
.011123940
.010875255
.010500357
.010978957
.013639725
.008917864
.012767057
.011271030
.011961018
.012757842
.008573171
.010467353
.009082957
.010742006
.009407591
.010040666
.013447379
.012468397
.011217508
.008135937
.013592111
.011398683
.009052657
.008341065
.009950848
.013487891
.010522916
.010680259
.010931787
.010368108
.011950794
.012433876
.011212490
.009995448
.008198801
.010253652
.011076310
.010943980
.012873460
.008429250
.012986153
.008726876
.014236807
.009043325
.012213148
.012982300
.008958590
.009888162
.011800302
.011262681
.012261369
.008094414
.007866529
.007010550
.007510709
.011671813
.007190290
.007591494
.007036030
.007771855
.012199157
.010777685
.006988987
.007582481
.010817290
.008473969
.011421096
.009378022
.006649350
.007643229
.007437345
.010903770
.012669152
.008051206
.010272771
.008784093
.008254501
.009199353
.012708457
.009906730
.010421912
.008037017
.009214628
.011471469
.012461634
.009082826
.013003069
.008862577
.008113141
.015313644
.011337501
.009918800
.008715477
.012345694
.008365160
.010981904
.009599292
.009706855
.008013967
.008155154
.012659640
.009310873
.012408726
.009506573
.014441325
.008472017
.012978356
.012427156
.010200529
.012447217
.009329924
.012068178
.010283294
.009765097
.012401727
.015502107
.011272803
.009395220
.010376727
.010086596
.011032890
.008213383
.011906101
.011570255
.008959924
.008585330
.012019235
.008747419
.011719867
.008523408
.007429199
.008875361
.010988993
.007448558
.010404301
.009104881
.008288842
.007582518
.009137554
.008319981
.010669286
.007746517
.010503637
.007363575
.010413178
.009168720
.009690217
.008578718
.008929857
.008281576
.007971835
.007379215
.009225646
.006880952
.006430515
.009429167
.008490765
.007625150
.009857590
.006878990
.008287267
.006306533
.007199207
.008570367
.011712832
.008869323
.009518258
.011093912
.008933268
.012642026
.007784803
.011702339
.009017531
.009685409
.011349684
.008883497
.008971840
.009164721
.012715546
.010698013
.012604552
.008739009
.008143650
.013131298
.012500734
.008952963
.009670541
.011837421
.008936535
.012413845
.009021751
.012509392
.009965374
.013986796
.008794205
.014839766
.019537473
.007898336
.008525573
.009247663
.009545729
.009859626
.013873231
.010866048
.010230506
.009271794
.011308333
.011131956
.010059983
.011924723
.012107321
.010114802
.010779724
.010307755
.011180106
.009010992
.008240730
.012377210
.008739468
.009641405
.009633471
.007740611
.008480321
.007131261
.009781150
.012784269
.009692997
.010293188
.007521048
.007138290
.010475030
.008350328
.010370819
.007737708
.011160250
.009995371
.007449605
.011319618
.008332468
.008818988
.009866462
.008650862
.009873874
.007664851
.009196201
.008437132
.009239972
.008832948
.011455052
.011180976
.009954979
.007757493
.008590890
.008947426
.008128334
.013029230
.008431626
.011058383
.009037908
.009372063
.010475483
.010837158
.009363484
.007828567
.014054454
.008331906
.009337196
.010875762
.008918703
.010157806
.008338428
.010585427
.009462141
.011050422
.012685049
.008757869
.007812080
.008988584
.012561479
.010636305
.009610095
.008768232
.011105550
.010139404
.010443889
.008826208
.012516289
.008405320
.011145064
.010085920
.011133045
.010980609
.012241481
.013478482
.007980526
.008559493
.013978724
.009481409
.006508727
.007528719
.011970102
.008948141
.011603118
.009263557
.008880200
.007796625
.008982017
.010831043
.009185255
.011902481
.007609907
.011583470
.008815523
.008816940
.010466831
.010416131
.008754206
.009055367
.011309499
.007244686
.011192239
.007623600
.006789880
.010531912
.008129468
.011102869
.008911112
.010869275
.006477800
.007421629
.008549716
.009189070
.007898220
.006970972
.008037186
.013089553
.009224867
.012285799
.009905395
.012440384
.009358977
.010027279
.010809337
.011642971
.012616783
.009488277
.007917855
.012180994
.009859057
.009932134
.008321439
.012525201
.008950753
.009088156
.008655935
.012701403
.009073786
.008000059
.009233583
.008681254
.013414580
.010154204
.007783929
.009370345
.012034093
.009400290
.008373900
.010626193
.009388918
.013654996
.011167671
.010521085
.012944742
.010606652
.010638330
.011341047
.009173997
.011261060
.010027621
.012895808
.014467287
.009283087
.008926199
.011543034
.011063974
.014397071
.010603004
.008853538
.008450829
.013396258
.007159344
.009496269
.007933766
.011374473
.008640105
.006826576
.011728500
.008379137
.010027444
.007278197
.008196047
.011619416
.011246326
.008614022
.011352830
.007507014
.010280073
.009290647
.012208925
.008761571
.008433741
.010998941
.009796965
.007901011
.009844874
.009055837
.011695382
.011471982
.009016724
.008277448
.009642500
.008299971
.008309000
.010132532
.008702968
.012840884
.009932354
.011878006
.008902610
.012103768
.012109122
.009994717
.010795588
.009325848
.009529156
.009527111
.008661816
.012232657
.010692057
.007868035
.010826367
.009080846
.010931462
.010209697
.010222948
.011746773
.008502054
.009662688
.010274885
.010532322
.010642205
.009098897
.007805026
.010816606
.008490529
.012568170
.011856601
.009059790
.009864886
.008584607
.010116266
.007671553
.008650146
.010167060
.009862196
.008414787
.011373162
.009494778
.013244880
.009160970
.011632247
.011938528
.009691723
.010819341
.009178599
.009090780
.007163149
.007291021
.009241709
.009309495
.010093924
.007262900
.008227768
.008243415
.012088883
.007103604
.011954135
.007299281
.006198017
.010056408
.010889603
.010604951
.006315514
.009900880
.009097813
.007366217
.010740638
.006902097
.007449945
.007120680
.008959162
.009531851
.007793057
.009080342
.010497088
.008484095
.011264355
.008655402
.008043946
.012673359
.008281366
.009491807
.011096188
.013527716
.008863333
.010606815
.009266042
.014412587
.012488503
.008539251
.010409620
.010422600
.008917817
.008472591
.010878175
.012602139
.011108016
.009521773
.009876685
.009348062
.009599215
.013007754
.010612018
.010770271
.009168503
.013929627
.009588874
.011066637
.010995552
.009253068
.011619460
.009061186
.012634650
.009111537
.011534517
.010966602
.011330740
.012998903
.010445235
.012221396
.007605786
.008670970
.007959861
.009338820
.009348336
.010730121
.009478131
.011165814
.009021497
.012884428
.012671023
.009162814
.010910172
.007862896
.011239577
.007385277
.007253515
.009584343
.007674125
.009394429
.006000153
.010314824
.010932419
.007899386
.007748091
.006541256
.008784602
.008336102
.008388007
.012274290
.007960590
.006440144
.006908424
.009699360
.010400792
.007456499
.010505428
.006558202
.006619039
.009036107
.008107478
.011514413
.007136800
.012243756
.007509656
.006837970
.008798077
.007480940
.007599769
.007876136
.009044760
.012400369
.013868161
.010856800
.010774706
.008221347
.012555288
.010940613
.010465168
.010116284
.011523650
.012458818
.009439707
.009966946
.010883023
.009757956
.010127637
.009535647
.014010211
.008890203
.012129726
.009138105
.010915390
.009015363
.011308616
.010126018
.012564387
.010913624
.010442102
.008317299
.009464827
.010365448
.014088362
.008599560
.010907428
.010291371
.009115320
.012419662
.009780568
.009204978
.013462443
.008573337
.009397171
.010436961
.012917712
.012213895
.008483664
.010697880
.013729118
.009975978
.007399590
.006743828
.007423682
.007659575
.006896644
.008243245
.007724055
.011369289
.007693132
.006917958
.009370971
.008151856
.011492050
.008324941
.017069070
.008308919
.009839546
.007585818
.007776578
.010315323
.007646027
.011571127
.009888288
.012717890
.010145269
.010573663
.007750010
.006980938
.010138147
.009810537
.009052847
.007801747
.008206625
.008914654
.010914810
.009349522
.010398252
.011576810
.011043541
.010696014
.008638501
.013144318
.009765513
.010313943
.008384733
.010903773
.010956593
.010551430
.008658378
.007540827
.011597563
.014029451
.009297569
.010707331
.010186291
.012986421
.013854385
.009654438
.010405770
.011412536
.009039290
.011334121
.010686185
.013549418
.007937350
.012721532
.011028485
.014677828
.010182065
.010667316
.011903240
.008882831
.008297073
.008381903
.009471823
.014369732
.009107813
.010277959
.007513176
.009879527
.008620849
.011402799
.011419774
.010307737
.008366759
.008960815
.010267058
.012788801
.013547867
.011075394
.010153236
.008937438
.008086749
.006636697
.009188210
.013274157
.007087556
.008279031
.010411947
.007949359
.007567696
.010013361
.008099287
.009681563
.006836216
.008053747
.006668184
.007290681
.009442797
.008050559
.010970492
.007377505
.007031583
.011560169
.010136282
.008297808
.010437449
.006707787
.007940327
.009679743
.006786008
.009817432
.012072663
.010321674
.013511116
.011185237
.008319021
.008458593
.013660020
.012375261
.010920089
.010713002
.009112043
.013032137
.010563479
.010214147
.010291754
.011759256
.008425596
.009559566
.008265644
.011204030
.010178556
.010667915
.012161353
.009477781
.011060026
.008756730
.012923303
.010224106
.010152201
.009971283
.011952336
.013592170
.009816703
.008065424
.013489779
.012902913
.009956919
.010057631
.011178100
.014222379
.010316380
.010075603
.011148750
.012834421
.011286088
.013046382
.011210299
.011609548
.010937026
.008569125
.007143377
.009250659
.007451758
.008750742
.009726029
.008890215
.009890902
.008749185
.007590397
.011535089
.011324328
.008147640
.026412183
.011853279
.006861658
.008519676
.009675388
.009316629
.011998480
.006918480
.009040491
.011810083
.011474815
.007971813
.007971712
.010642470
.008793559
.011192445
.007490437
.007528507
.009436743
.008480431
.010798987
.010404664
.009886467
.007841763
.011014090
.009044218
.009739524
.010436387
.008952958
.009784986
.010327755
.011068706
.008848857
.011341018
.008925719
.009002401
.008108856
.013580864
.010115320
.009084746
.009801716
.013525013
.011514831
.010261899
.010608120
.010170864
.012620866
.009932564
.007910667
.009454279
.013238658
.008414140
.013318649
.011323846
.008124404
.010905208
.008661440
.012923272
.008159316
.009741402
.011499426
.009690970
.009138518
.009193051
.010277600
.009331220
.009388021
.014060349
.016677978
.013580125
.009495920
.007867746
.008421384
.013260894
.009812434
.008727676
.009969321
.013024939
.009423575
.009015690
.008614922
.009969589
.010241356
.011525304
.010886265
.007771359
.012756229
.008084651
.007957768
.010093615
.008006102
.011577293
.008956272
.012302664
.008175810
.011357177
.007627671
.008298625
.012543316
.010546167
.008038274
.008863510
.008883547
.009632036
.013206432
.008913881
.012659754
.008923366
.014249544
.008605399
.012215557
.010517394
.011400919
.010287191
.009953810
.011067829
.011993594
