.012357429
.023545707
.019928359
.019117732
.014527006
.014709045
.014104367
.015537533
.017585796
.017455327
.018670016
.018595558
.018646673
.018940616
.018704946
.017458178
.014651240
.014770321
.016308509
.017710856
.016277672
.018216167
.015396666
.013394099
.016316862
.018122454
.018915186
.013534622
.016206439
.017054819
.016563705
.017210063
.019513490
.020918354
.016133229
.014080639
.017226615
.016017921
.013158857
.014482261
.014544043
.014531108
.016524424
.014256034
.014139999
.013276850
.016447796
.013868578
.013392913
.014338916
.009040492
.010963284
.010447099
.010527607
.010660634
.010421926
.013052092
.010473394
.010467221
.012525067
.008900444
.010570875
.010510264
.010550108
.011548976
.009947688
.010545483
.010507613
.010615791
.010770270
.010571402
.010589426
.014519315
.010517468
.010069859
.010458578
.011167137
.010586222
.011210922
.010581953
.010887356
.010572512
.011214431
.010595783
.010817921
.010735617
.010912762
.011044113
.010417522
.011034858
.010672846
.010763234
.010989288
.011806636
.009919959
.010629141
.011313897
.011131981
.010851196
.010741700
.010499053
.010855718
.009763862
.010822740
.011113704
.010844052
.011731525
.010251399
.010696378
.010943654
.010831651
.012072920
.009853636
.011003223
.011163086
.015803122
.009816100
.010706593
.011046848
.010701115
.018716808
.010687659
.011012868
.010643494
.010677562
.010626913
.011066545
.010754365
.010180007
.010714381
.012139322
.010677377
.011005811
.012630212
.012781396
.010634656
.011112145
.010694528
.010700672
.010612186
.011057226
.010649044
.011619698
.010025430
.011503171
.009964980
.010600171
.010922064
.010884776
.010639929
.015754532
.010302555
.010844815
.010832320
.011211818
.010816520
.010886665
.010746050
.011103796
.010791408
.010861122
.011780740
.010222057
.010810955
.010838508
.011103500
.010829806
.010807931
.011277646
.014282947
.010909089
.010612838
.011039150
.011570523
.009951024
.010609330
.010999913
.010689958
.010802913
.010668181
.011622490
.010088709
.010651423
.011044980
.010673093
.011272619
.010138416
.011544213
.010135884
.014590360
.010206681
.010817160
.010594742
.010477724
.010626963
.010432428
.010848209
.010727768
.010352305
.011322602
.009159664
.010886784
.010435536
.011129420
.010402979
.010581321
.010640439
.012874982
.007956151
.010539117
.012923838
.010752220
.010420030
.010516132
.010856133
.010935382
.010150081
.010462813
.011427660
.010008434
.010519777
.010548005
.010532759
.010856950
.010601280
.011226012
.009750946
.009573070
.010764693
.010572369
.011116724
.011314456
.011300932
.009740307
.010740552
.010724118
.010961308
.010674977
.010698530
.010710015
.011050378
.011111788
.010478710
.010581473
.011016991
.010745884
.010840799
.010930704
.010774080
.010590599
.011846965
.011291080
.010924506
.010611055
.010892887
.011074366
.011873289
.009894708
.011023853
.010795327
.010855796
.012154360
.009836198
.010814247
.010828525
.011132891
.010763020
.011541751
.010438512
.014754412
.010840020
.010510276
.011192139
.010500692
.011585375
.009741505
.011062323
.010635453
.011655949
.009924982
.010970716
.010612686
.012902026
.009301588
.011299326
.009686864
.010655179
.011098727
.010639175
.012111752
.010708974
.011017067
.010741141
.011449629
.009939958
.011727725
.009985701
.010651070
.010620037
.011100119
.010147844
.011679311
.009723030
.011071636
.010727422
.010732318
.011072590
.010669895
.011593389
.010252222
.010393844
.015430249
.010275611
.010437732
.011133775
.010939929
.010746793
.011481963
.011346476
.009831991
.010777429
.011400054
.010636111
.010878949
.011529554
.011265441
.009815562
.010956343
.011124424
.011659597
.010259272
.010980416
.010624353
.014424987
.010640746
.011989077
.010505374
.009962421
.011733420
.010335845
.010386377
.010587161
.012103924
.009670430
.010675906
.010773506
.010980199
.010649751
.016467164
.021008409
.012413674
.008624407
.010513276
.010657901
.010699308
.012767875
.012525128
.010453625
.010472555
.010805463
.010501163
.010539294
.010472950
.010543272
.010847641
.010406020
.010532784
.010533156
.011017789
.010348908
.010654723
.010539510
.011340906
.010042916
.010578587
.010422570
.011406391
.009886276
.010566880
.012455821
.016902701
.011612755
.010055754
.010740493
.011180795
.011701370
.009856799
.011245713
.010652248
.010821678
.011163680
.009872876
.011810572
.009968973
.011034705
.010836229
.010859238
.011742920
.014143842
.010599219
.010111132
.011508097
.010364511
.010736943
.010525982
.011018724
.010671995
.010674540
.010742587
.011016482
.010697973
.010738150
.011544395
.010080704
.010779011
.010606537
.010981715
.010687429
.013112899
.009827946
.011027583
.010650809
.010690463
.010660980
.011185191
.010613791
.009701522
.010717869
.011111849
.012678181
.008687827
.010633404
.010984960
.009735754
.010639391
.011206430
.010602483
.010757385
.010652807
.010931254
.014433374
.010812660
.010800163
.011341375
.009757003
.010768443
.011143392
.010774180
.010855219
.010792410
.011712728
.010919034
.010779538
.011134835
.010886941
.010733342
.010966821
.011127325
.010729104
.010795461
.011145625
.010886922
.014336017
.011667735
.010100521
.010647201
.010696673
.010928848
.010750972
.010622525
.010732908
.010964621
.010660303
.010750914
.010662915
.010981284
.010446257
.010498031
.010917079
.010456567
.010517858
.011396359
.009925176
.010471777
.010675287
.010507371
.011368137
.010099243
.010453931
.011396192
.010518257
.009639684
.010970298
.010548021
.010480358
.009514372
.011635525
.010712131
.010567860
.009729947
.010570696
.018925912
.010402306
.012793184
.008877017
.010660220
.010645236
.010656144
.011068033
.010615474
.010697841
.011071469
.010651308
.010713068
.010699172
.011528477
.010790190
.010780899
.010782899
.011136466
.010785682
.011765697
.010128597
.010833173
.010830756
.010732396
.011194873
.010818803
.010908457
.011092313
.010818358
.010824813
.011191525
.010816349
.010796212
.014734699
.011046051
.010703581
.010708016
.010674173
.011193538
.011463307
.009769816
.010664829
.011026544
.010698410
.010736151
.010962180
.010720850
.010631803
.011303583
.011940642
.009949596
.010554908
.010662641
.012428008
.010672255
.010694611
.010644871
.011073069
.010603819
.010675165
.010696654
.010900625
.009787786
.010588516
.010646563
.010994816
.010838108
.010572317
.011230458
.010656043
.010659076
.010731853
.014851189
.010695615
.011657218
.011985775
.009094614
.010735318
.010866705
.011072815
.010820245
.010849628
.009719409
.011105148
.010781065
.010841556
.011064860
.010767483
.010830002
.012047880
.009877716
.010755922
.014424763
.010948347
.010786141
.010629413
.010677359
.010995965
.010293148
.010824821
.010587198
.011100167
.008650255
.008354242
.011891604
.008655932
.008244807
.012627235
.013584578
.013965475
.010707083
.011142830
.010881117
.010786778
.010692903
.011181601
.010884778
.010742021
.011194160
.010763263
.010832691
.010797047
.014719510
.010767426
.010630009
.010738100
.010914346
.010710766
.010840386
.010900134
.010680761
.010630258
.010779002
.011192718
.010583124
.010813175
.010633649
.010971788
.010661759
.010748870
.010654778
.011159732
.010590931
.011541060
.013453342
.009781632
.010518152
.010455248
.011102119
.012902604
.008511884
.010524289
.010549788
.010453983
.011018199
.010444273
.010478821
.010498418
.010526781
.009923572
.010506850
.011455635
.009662363
.009836918
.010463007
.010564988
.010571011
.012444071
.010860083
.010492684
.010567201
.014483065
.010823008
.010470965
.010629264
.010418758
.010534083
.010842356
.009513064
.010484988
.010484735
.010916834
.010441191
.010495541
.010481745
.010505123
.010834905
.011073023
.010633894
.011624540
.010131184
.010716856
.010669588
.010613973
.011155056
.010632351
.010586563
.010680687
.010616734
.010645458
.010720378
.011035030
.010674102
.010787823
.010677693
.010974435
.010608525
.011302163
.010757814
.012201051
.009855064
.010848346
.011131598
.015920155
.021651344
.011021127
.008377508
.011836898
.008762189
.008279937
.011554886
.013791300
.014042489
.011538730
.009112638
.010857293
.010764012
.011214230
.010501955
.011124489
.010657788
.011255202
.008971070
.010793303
.010922688
.011052274
.009827962
.010755590
.010888325
.011056587
.009553152
.010715485
.010799543
.011266810
.010630084
.011030140
.010970906
.010737316
.011195115
.010905043
.014601394
.010692567
.010575746
.010713616
.010989806
.010640789
.009521517
.010605966
.011071081
.010604380
.010666046
.010706906
.010971910
.010684332
.010657037
.010954638
.010744644
.010721735
.010636374
.011042343
.009638135
.011289859
.011080338
.011017874
.010597355
.010711243
.010650283
.010972031
.010734522
.010653963
.010668146
.010992414
.010645863
.010636553
.011551703
.010116913
.010663508
.010632366
.014283633
.011738738
.009793654
.010439521
.010560241
.010756523
.010731411
.010419254
.010498586
.010464615
.012354377
.008530489
.010571659
.009506515
.010402029
.010880710
.010368922
.010725348
.010434727
.011735492
.009673256
.010710242
.010344249
.012489655
.010986890
.010467488
.010414308
.010474441
.010842906
.010543699
.010407632
.010566884
.010478138
.010873729
.010536998
.010452578
.010488614
.010841767
.010502922
.010536951
.010498386
.011410733
.009978409
.011050980
.010708613
.011453317
.011100367
.010700550
.007181460
.009825044
.015139343
.010662371
.010834246
.009672181
.010921667
.010789144
.010840025
.010583173
.011115269
.010629099
.011255888
.010798655
.010914953
.010743574
.026646687
.018943391
.010818879
.010625691
.009683745
.010915343
.012241821
.011581554
.009914877
.011026776
.010588497
.010669818
.010694940
.010961772
.010739217
.010576579
.011493883
.010182502
.010698844
.012705015
.008594968
.011052130
.010604482
.010758028
.010941869
.010681443
.014421854
.010757031
.011128515
.010788454
.010803168
.011040967
.010838703
.010820923
.010760192
.011097719
.010770224
.010854689
.011327966
.010823755
.010770820
.010782026
.011235885
.010780660
.010614493
.014865260
.010230442
.010812401
.010569502
.011054850
.010752593
.010736641
.010752893
.010953486
.010664797
.010675165
.010743149
.011066713
.010635492
.010718191
.011029751
.010747318
.010598901
.010713739
.011163983
.014185827
.010686844
.010441283
.010503248
.011629730
.009850645
.010242516
.010484480
.011008765
.010408477
.010552201
.011397484
.009515909
.010933996
.010478413
.010604849
.010494306
.010872793
.010543559
.010436484
.010511230
.012531185
.010884270
.010647846
.010474952
.010496111
.010895526
.010561357
.013372137
.007715136
.010361459
.011259408
.011615295
.009507070
.010591289
.009655515
.010708307
.010583196
.010557868
.010438448
.010854728
.011088975
.010725371
.010705013
.010984125
.010743211
.010586279
.010678728
.011025514
.010869631
.010610198
.010781388
.011044172
.010655848
.011595897
.009946803
.010906630
.010709066
.010651958
.011016858
.011607207
.010264183
.010901913
.011183778
.010712707
.010762443
.011164909
.010808403
.010762037
.010800113
.011062535
.010847719
.010725521
.011208871
.010790601
.010700441
.010927693
.011101558
.010811903
.010755400
.015077712
