.281720338
.515649839
.521728768
.555975083
.575503269
.495439233
.533217212
.538849041
.525236174
.522418164
.527671039
.534147573
.522892853
.519114605
.532204569
.504644484
.502764908
.498670998
.540977638
.494343508
.531789679
.533069022
.521557943
.497780358
.522620149
.533178406
.502435140
.485175280
.572099178
.497186308
.491136604
.487175196
.540312437
.498240982
.521022307
.504073437
.495434459
.497868222
.493084445
.485226312
.494157326
.494082564
.531107133
.489193650
.496054180
.496124608
.529343165
.523008908
.492156204
.498125454
.301343949
.301578516
.307985142
.315244068
.305552134
.304643169
.313365259
.313075036
.300436518
.307930447
.316678972
.313406561
.298250248
.305872296
.307838708
.264935594
.299875188
.308786298
.316604760
.306557924
.301929501
.316302321
.313902745
.304176048
.423279494
.232091913
.320982420
.303708275
.309806641
.312018153
.314808447
.308086153
.313330545
.313794260
.313198801
.299152945
.309275581
.308147734
.311993185
.303911720
.347533325
.320078382
.303799877
.307749487
.311855627
.313720186
.303713469
.308579583
.309863205
.308226249
.299889642
.302211991
.315849756
.302610305
.299913109
.310831636
.308184371
.303550755
.303931915
.310293115
.301492727
.296903376
.306262860
.311774483
.301057745
.305288656
.305966562
.307299639
.310021361
.300360160
.307649477
.305027509
.296303134
.340936982
.386092199
.302051044
.304030797
.304048125
.315364436
.301444620
.303323233
.302758813
.311965408
.301438948
.315088385
.310074206
.308535522
.295963707
.306487659
.323543647
.307156730
.309771179
.293838189
.304989255
.306708363
.311541168
.301984534
.306806326
.312775296
.305618260
.299963512
.308102039
.310645315
.300970564
.302310922
.311538943
.334440686
.295086781
.309857913
.307762264
.313777632
.294145553
.310909183
.311357835
.304085807
.308109564
.308604293
.315259448
.299829445
.302991188
.311899573
.481342797
.284120769
.312177570
.308161031
.310635733
.301622307
.311941485
.309809194
.305731442
.303251693
.311590373
.316092943
.301903518
.305363359
.306159055
.312707014
.305570084
.306187702
.307065106
.298034558
.298729268
.303465101
.309459149
.306721099
.300747738
.312380528
.314014426
.306108551
.303842559
.310302086
.312354832
.301183504
.334234583
.314665378
.300702302
.302593346
.308913535
.317586299
.303346079
.308869479
.311847892
.315815807
.296377585
.309059276
.308457258
.311881045
.298160582
.309052338
.337478118
.299036467
.303073516
.309815796
.302168051
.299939494
.308087730
.312751195
.301957047
.305508479
.309765206
.316103568
.306701595
.298160860
.306055014
.309625136
.301546397
.315195784
.302581949
.305821766
.302546142
.298155964
.304782256
.308424582
.298314611
.300864462
.298684097
.329913631
.303862020
.303933321
.312742659
.312385768
.301469256
.455803965
.297142978
.312541741
.302619353
.303640615
.308871967
.311694195
.297985215
.304987892
.304849060
.308517080
.301517916
.308469905
.310845496
.304823922
.300856508
.315979241
.308208451
.299545319
.303863639
.317861927
.303721870
.306215093
.308482912
.312647566
.302564051
.307830763
.312673129
.313049689
.298053546
.304711295
.314815148
.340214235
.310109895
.311684932
.312336133
.300260838
.307774373
.309303676
.307549111
.302827494
.310347090
.316563806
.305833846
.301890475
.306015055
.314252100
.304772474
.336903661
.310941537
.303284172
.304886036
.310160168
.308978477
.307725242
.305388344
.305200734
.312268726
.307811004
.302467876
.302784867
.311729790
.300973274
.306256653
.341214854
.303461680
.301926324
.309328400
.310454208
.302000364
.303541226
.313720886
.308827301
.301121866
.308469595
.311144014
.310388879
.298947268
.309004432
.315456767
.335215460
.302928658
.314944211
.310698719
.295817910
.306072619
.307667538
.302268435
.298295978
.301146909
.312770970
.299201687
.307320632
.302929439
.308072744
.295588199
.306544017
.089919139
.308471115
.304677639
.306984265
.313846947
.303938665
.300200765
.305780469
.319687961
.316553146
.300973075
.310311171
.319799839
.309421280
.302302874
.324462221
.314704525
.300950501
.312287097
.313638094
.303433118
.305052034
.311473550
.318131741
.298134653
.313288818
.315462192
.314819441
.303433556
.313158096
.321316639
.319611171
.307736375
.313024539
.309057568
.302830490
.316025476
.316316976
.304682413
.304693867
.304217253
.323423345
.300701832
.307752787
.310543637
.310692176
.315690372
.315754355
.313777324
.299879015
.313898673
.312131957
.314914461
.304544473
.311996900
.314892753
.304602556
.311128227
.310488690
.315917140
.304476982
.311749302
.318642568
.314743170
.315664202
.314029897
.317189755
.300523744
.315714604
.319359324
.312985676
.305780701
.315649050
.323529799
.303508221
.312077198
.313948464
.316764589
.299468484
.324974292
.308967975
.319173811
.296271850
.307942141
.315356316
.310155569
.298309521
.317395532
.313319492
.308793804
.303381707
.304007685
.318884153
.300061543
.312818605
.320590220
.312634888
.312753775
.321446267
.315634332
.302683466
.317464506
.313351551
.314837448
.305004179
.317883524
.316266038
.305044977
.310499439
.314359413
.315120804
.315484277
.308492278
.316812036
.303507359
.311494237
.308421968
.312579773
.302921341
.316281285
.314609938
.309727511
.303564355
.310980925
.337131991
.310554636
.301100417
.323836185
.319770329
.306591576
.327580478
.308241034
.306970727
.307937642
.312355994
.318337309
.309486960
.316731605
.317890273
.315279923
.303718876
.317507029
.317568243
.322617098
.317824665
.316276257
.311273949
.308345469
.311674793
.319980914
.309347812
.309031197
.310246005
.320530138
.303536313
.312328674
.305150218
.312274064
.301917252
.319614059
.325863384
.301175487
.309684296
.318862106
.311845846
.306156533
.314794957
.318336140
.306451453
.312490679
.309346019
.315140809
.301549112
.317551048
.311534322
.318340466
.310260017
.313602993
.318893756
.303383319
.311109643
.313860532
.304618218
.301817693
.315907475
.329383184
.313270881
.305710359
.316608970
.320352168
.306470418
.327324556
.316206233
.320059390
.307739503
.320138848
.312447198
.316765063
.299271949
.310672864
.311569005
.314083955
.301303381
.310311341
.314510828
.319226102
.309547494
.330092623
.318702492
.303343934
.309264131
.311106674
.314801126
.299594660
.313526189
.314344565
.311782844
.306636357
.314343010
.318538010
.306635702
.309905940
.310801986
.340064134
.306557800
.314249790
.314690291
.301551276
.310355530
.310722532
.314637470
.301417962
.315829704
.313077407
.306318921
.312841052
.314407676
.308128089
.302809982
.320902842
.310984574
.317498250
.304815874
.302923203
.310488094
.315790485
.304452742
.310801610
.318589880
.310910838
.312573138
.313061490
.317162537
.305580371
.305541096
.338900150
.313540512
.304181930
.318379664
.319118524
.304606853
.306445729
.311395562
.320953462
.302643068
.317408090
.309704972
.313084597
.304566430
.310125895
.316765191
.330104571
.313284775
.330362507
.309216609
.302097140
.313318949
.316577829
.304210627
.305938779
.315957332
.314465917
.308558138
.313922412
.316262611
.313551281
.307345274
.319204611
.310910897
.304896754
.313427076
.311081646
.313714901
.300849897
.309045788
.310319028
.312035763
.304559517
.315380977
.319802463
.304862329
.310097610
.309274107
.331086810
.308429741
.312282006
.316679700
.301387357
.311555062
.310575761
.314344896
.318983918
.315586560
.313104917
.310562221
.316941136
.311147509
.317076549
.304222154
.316091089
.319053194
.305303540
.304509039
.309711419
.315551023
.302904743
.312406839
.309258064
.314077834
.301624566
.313396809
.320609658
.308262845
.309175877
.315440679
.320796894
.301894860
.314168463
.316706213
.302818873
.303771160
.311607306
.318560669
.297987316
.316108504
.311692460
.313477252
.304933427
.326907573
.314347658
.318032085
.311085890
.311905567
.320664070
.306959535
.312504726
.315445621
.317422913
.306506947
.314965514
.323035045
.308311031
.307587508
.311463977
.318468575
.310278488
.315191285
.328408649
.307402313
.318826526
.312588614
.313639812
.301830258
.328609472
.322053367
.305251187
.308993684
.312276581
.318123200
.304901122
.313454899
.312568457
.312901570
.315418395
.312746410
.320438708
.302868465
.313034394
.318260587
.317310545
.309117904
.317363046
.323587019
.311139511
.313909922
.317669337
.318572120
.307491052
.318771079
.321324455
.304949362
.314040586
.314463111
.312570895
.303113539
.319819257
.318633403
.305771931
.308407293
.318278620
.315341334
.308739251
.305327444
.318743723
.317572927
.316248396
.315384616
.323864650
.307837489
.310575797
.310234701
.326139722
.310394221
.321092837
.316085734
.316123721
.304582723
.313256751
.316667752
.311202411
.308251980
.311059705
.314041454
.306115834
.314373024
.315040481
.304793044
.314640656
.308688083
.314704856
.300720185
.315117975
.325316315
.310099248
.309558948
.310480661
.318076824
.301633124
.307326993
.317632796
.303639883
.305696444
.313861663
.336713234
.303473731
.316492226
.312369449
.312514225
.306261074
.314172754
.329938651
.306374039
.311082178
.326630927
.310717115
.310974418
.314484423
.315473643
.304656446
.318780662
.321804151
.321765771
.305458905
.314726865
.322107509
.310634116
.312369338
.316975119
.322386286
.340899319
.320092145
.315548319
.319207876
.306898890
.312910600
.321976975
.305691430
.308657566
.318345806
.321263937
.310600266
.317259996
.315300239
.316794503
.308718732
.343624964
.322080143
.312181704
.316581989
.313772171
.319958620
.310183807
.317150425
.315088823
.315464593
.313643903
.315372187
.320062175
.309657824
.311584953
.311577985
.333692020
.308278018
.307609107
.312857352
.316381047
.305056512
.313748313
.326409427
.317949864
.308350770
.318364398
.311763305
.317089645
.306735407
.320288961
.321190351
.320879934
.315205712
.314187890
.311756685
.303203391
.314347357
.317313761
.308011425
.311852107
.309900239
.316616992
.303100231
.313200329
.312070125
.313289472
.305658787
.325272032
.315449582
.304401996
.312305100
.316532555
.310380289
.310675916
.314039249
.315197976
.306676937
.318620928
.313635191
.311697170
.307205573
.315285028
.318024782
.328057024
.330142575
.319233956
.313759920
.316055887
.320724984
.311352489
.314065062
.317249087
.317395691
.308347622
.314715215
.317638541
.312851881
.306565367
.320511957
.332346445
.318044724
.317575168
.308202079
.319616220
.319145302
.311129309
.321674886
.317745819
.318919754
.306111768
.316023509
.312946200
.315497340
.306225836
.314383031
.331681161
.311750555
.319732129
.319343825
.309439807
.309793523
.325243395
.321775726
.308465895
.316409967
.317856486
.316225243
.306561815
.317536766
.322058583
.305025600
.316558343
.315942035
.312938212
.306382431
.317179735
.319173590
.309038059
.311153999
.317555716
.318364727
.307222514
.313520451
.317379969
.308625952
.307477711
.315063469
.335211673
.305762976
.316780222
.316083375
.305298391
.307209523
.316183003
.322981835
.304947199
.316627760
.320298664
.312819792
.305070049
.312274658
.318909357
.315217111
.319321198
.309035659
.324895005
.303673940
.313655961
.312501755
.315915668
.305053259
.314560185
.315614712
.306056948
.311182099
