.462261300
.417423400
.443962000
.419623800
.482517201
.442305500
.434335200
.415945900
.404739500
.418680100
.425233300
.413266700
.455937300
.442531200
.421050900
.420656700
.455057300
.429652400
.468181100
.501758700
.433624700
.429599700
.458276500
.438407900
.441209000
.417308600
.431345200
.418361300
.422079000
.439694200
.421898300
.401552800
.405619900
.412321800
.409420000
.416743800
.419985401
.417149300
.421346700
.410541100
.412518700
.424909400
.418992900
.428633799
.405416800
.405542500
.410273901
.422872499
.423068600
.400708300
.406777300
.409841000
.458923101
.478109800
.421926900
.417865800
.414975900
.417173200
.413330900
.427550800
.415860801
.420786900
.420227800
.417357400
.431239199
.420291600
.410748400
.404450201
.431807900
.432787000
.416606000
.440945400
.423151500
.408389600
.421917500
.417586900
.418156200
.427835500
.419022399
.415569100
.422288800
.420937101
.448738800
.472201000
.419743700
.420778399
.423049900
.436776100
.422259801
.412064400
.421301600
.414290200
.411635000
.402080800
.407434900
.409878200
.426669600
.412397200
.412711500
.418567800
.413902800
.423553900
.409990299
.420159400
.404482300
.409444800
.414238501
.433551400
.461097500
.478104700
.416886400
.422763700
.420509900
.435352700
.420184900
.414066300
.429007900
.409279300
.418269200
.422954800
.415458299
.415158500
.407590800
.406656700
.427980200
.414669900
.426847800
.432289901
.458443100
.469755500
.415129000
.407788300
.413052700
.298305800
.302749200
.300025300
.308599000
.320717300
.299273100
.308930300
.292831400
.294864300
.303459000
.297865900
.300356800
.312972900
.296481800
.303336700
.300779400
.331998200
.379709300
.304060700
.294637700
.301766800
.303228001
.290243600
.294488300
.300101200
.297946099
.295619300
.310402400
.313427200
.310391300
.296662100
.443016100
.306940300
.294722900
.302668600
.422423601
.423734300
.431465100
.408302700
.475938100
.518441700
.424374199
.441314900
.418567400
.411797401
.422472099
.419089200
.427067000
.408284101
.416003800
.426078100
.412067700
.420235800
.416572800
.419916300
.441513600
.407390000
.414799499
.412693800
.413112201
.420588000
.446942800
.414350900
.412315599
.405353800
.410780801
.419009900
.292649199
.296889000
.290574700
.294833500
.294622001
.300972000
.302761399
.304313500
.300116299
.288022501
.304352900
.289194600
.297614800
.306413900
.348358999
.362621100
.303098700
.298858000
.309022800
.301331100
.290031300
.326505901
.301455600
.293882099
.304834100
.319297800
.295021200
.293913199
.291173301
.313089500
.300420699
.292069500
.303837301
.426620500
.439320500
.424985800
.429069300
.434408600
.463202200
.438672501
.487892599
.408030300
.411496700
.417794000
.402526400
.412135700
.413794700
.408860399
.410722900
.411575800
.404033401
.410957400
.409682100
.406002700
.401910799
.416995500
.422393100
.414244901
.409710200
.298363800
.285968200
.301030900
.306778899
.293975900
.306403200
.298137600
.327013800
.322301301
.353467300
.296233500
.309130400
.317182099
.308598100
.311667300
.291648300
.316149800
.296535501
.292837400
.313539400
.291702300
.304632000
.289439200
.290655900
.293047800
.294547800
.292488500
.302342599
.289762900
.293282300
.302866000
.319545600
.326548200
.471818300
.407241000
.412320700
.436702900
.418114400
.411240800
.419941100
.405352600
.418243700
.413273000
.411332399
.402857400
.292284700
.293944200
.287991201
.289163200
.298219300
.291291000
.300545501
.287229799
.293940900
.290898300
.296547800
.295908300
.296304199
.295893400
.293685900
.290344200
.355400700
.331855900
.363903500
.314475700
.316017800
.319435701
.319380600
.298454800
.322771500
.294348200
.312345799
.310464700
.314560100
.304497700
.301579900
.295101300
.299486200
.309572200
.293240700
.302759900
.329069601
.303792200
.295662200
.275861600
.325526500
.294257900
.292866100
.305483400
.457393300
.441817900
.428643000
.483796600
.304435701
.316913800
.433464300
.420129300
.423660100
.436172500
.428296400
.416396700
.418994600
.428917700
.421819400
.421286700
.411528800
.414466500
.412322600
.413826800
.434478200
.411240000
.399003900
.402463900
.410167400
.421067700
.449174700
.424753800
.415478000
.412145599
.479258100
.295092300
.297503000
.289346600
.297446301
.287570200
.294031700
.291232400
.296964800
.289167600
.315344000
.321534700
.296690200
.327402500
.303877400
.312389900
.296989400
.301345000
.295658100
.299329200
.304628400
.291765500
.293411300
.291465100
.331428900
.314596000
.298293600
.453665400
.775309700
.293903300
.278984899
.299220700
.438349601
.420681000
.419864900
.408648500
.407704900
.411241300
.411848101
.426242600
.414281000
.433694200
.418795599
.422206700
.437656500
.422096601
.439194500
.420485700
.408732800
.411349900
.425169400
.290987800
.308263300
.295948299
.293715100
.296764300
.298609100
.308581402
.340291899
.321469301
.301419200
.356575699
.297230301
.298175300
.300067800
.305988800
.301103300
.299542999
.305826100
.315706900
.301154101
.301597701
.313622098
.320833400
.306047800
.300736700
.305618801
.307362299
.308225800
.301552500
.305579301
.297321500
.322975100
.297200500
.296280299
.308468601
.349792900
.318029400
.294493300
.353412700
.314889700
.296359200
.293259800
.410752100
.419527500
.421061500
.431863900
.433447300
.410439200
.421232600
.415769500
.408923100
.436472500
.409423200
.414155200
.415195399
.416021000
.407779100
.420059600
.407570301
.417723100
.419804700
.415131800
.412889299
.403538200
.447356300
.412556301
.425999300
.417695500
.407771600
.424704899
.412642600
.401581300
.410996201
.407984900
.404468400
.409179300
.410010700
.408547700
.417416200
.411333100
.407491700
.401414300
.407067300
.412921400
.413549300
.412899500
.291436500
.294287600
.338595300
.310732200
.377983500
.293387000
.292568300
.301291000
.305129900
.299862200
.298573200
.302947900
.302229600
.292499300
.284750400
.300375400
.305153800
.411855500
.412089100
.420522600
.416351800
.413457500
.418681300
.413733599
.421445300
.409893900
.408676800
.436369501
.470190200
.421485899
.478199900
.443554500
.409092500
.412965301
.408872200
.406458000
.409628800
.410492300
.410602000
.420403200
.408855899
.299321600
.288835900
.300688200
.292763800
.295506801
.303581000
.296948600
.290368000
.291002400
.306791000
.320934900
.305640600
.297284399
.294081601
.357898200
.358511500
.292977400
.302736700
.308551700
.292630299
.295171300
.297745800
.305681300
.295413900
.292312601
.303438400
.311175800
.413786399
.412704401
.407889300
.407673200
.410742700
.418776400
.415351500
.436821600
.406638800
.421397399
.408591300
.422002600
.405404300
.429270900
.466388200
.412247001
.412559300
.409000600
.419777700
.436128000
.413258600
.295605000
.295893700
.304033400
.297899900
.309780700
.292423600
.296865800
.297978100
.300817100
.304144100
.289866700
.292234100
.294140500
.299635000
.302711000
.305539300
.299996100
.293654301
.343399600
.365110500
.293813200
.293193599
.299046300
.290961200
.306262700
.288684600
.294817700
.298967800
.302083100
.301866201
.294277500
.292339900
.303805800
.302977200
.294908400
.294843800
.414035399
.410896700
.426758300
.419317702
.426949700
.410868100
.407012700
.404271899
.420014600
.458276400
.475475501
.404143900
.413177400
.419743600
.293442499
.298999400
.294628800
.299127500
.307421700
.304601400
.293897000
.293292300
.293088400
.296968700
.294894600
.304925100
.293022700
.311368100
.307563500
.295133300
.307338000
.303163400
.292106500
.303922800
.298826001
.304660400
.340838200
.355852900
.293933600
.290457000
.299059800
.299347200
.302532500
.300143900
.292970300
.301270400
.303310700
.293749900
.288371100
.286109700
.292742300
.294681700
.299173700
.310450900
.296314600
.300646600
.291331100
.409993200
.408955200
.406512300
.294495500
.299607200
.289720999
.297632600
.480452000
.488864901
.414202899
.412156601
.430635200
.432203000
.411170400
.401615800
.405844000
.410932599
.408414000
.422778200
.406637501
.412192299
.408374300
.404776300
.405748301
.449130700
.414448000
.403568900
.409373499
.401538300
.421966100
.425855300
.427046900
.428187600
.428475700
.482366301
.461495300
.448593100
.423498800
.435190100
.432598200
.429696300
.310993900
.302344700
.305861600
.291117100
.294515700
.307191900
.305643000
.295021100
.297193600
.321866900
.292226800
.295128900
.299656300
.275214400
.294595300
.304636500
.308867800
.303947400
.295291300
.301515099
.311813000
.347614400
.418209500
.411675001
.420682200
.411166300
.422984400
.416253900
.415265200
.409051500
.417999700
.412754300
.415831700
.416449600
.418679700
.414399100
.403798600
.414198000
.412265200
.403620800
.402536100
.412519399
.402445400
.407783600
.397901400
.424557901
.300619600
.297437000
.298357800
.288305000
.299398000
.304244800
.346771100
.301766200
.369537699
.305144800
.292191900
.308096900
.307941001
.303806999
.290776000
.291237700
.307516000
.291432400
.296442000
.290696100
.297386600
.296485800
.290109800
.289753801
.302222300
.290696400
.292738200
.306254100
.293546600
.304949900
.294055300
.291701000
.295534300
.440343200
.430347400
.493563200
.436721200
.412254900
.406935500
.422751800
.427655800
.424864800
.411743900
.416812899
.413834500
.411027000
.410917600
.405694900
.409524200
.403724400
.419320101
.409362100
.404201200
.410407100
.404057100
.406260700
.406439000
.413285700
.413552000
.436826000
.428421600
.453911500
.412016700
.404279200
.407126000
.432576700
.416132000
.406427800
.405832599
.408029100
.409195500
.430969401
.417753100
.413328700
.414569700
.406962600
.421708300
.307491100
.309671400
.292711300
.297511500
.301620300
.299818800
.288836100
.295164100
.313795100
.322019600
.310087700
.353448200
.311259299
.296261000
.297517500
.348004200
.304460101
.299713200
.422361900
.438172900
.438384599
.418372500
.418539000
.435846700
.416882301
.417975200
.414549400
.432358900
.406224000
.423112300
.405140500
.430649199
.422913500
.414461900
.411635101
.421115400
.460092000
.486388600
.415555000
.433377100
.305923000
.299433700
.295063400
.302172800
.299508100
.293986100
.306610302
.314078400
.291501100
.300482300
.295323100
.289419800
.303635800
.343346800
.292761000
.306115300
.312191100
.312539200
.313310300
.290765000
.304647800
.291720600
.318182600
.332958600
.353853900
.282169600
.294965500
.294030600
.299865400
.300051500
.288764200
.410777100
.410044900
.421738600
.423793600
.418924600
.415800500
.425875600
.427534100
.412746400
.421207900
.419191500
.415515100
.407061200
.422414500
.408227199
.414884900
.309811800
.295674200
.297831300
.310407500
.295016300
.294231900
.292962700
.302738500
.322733600
.347887700
.359487100
.293483201
.301964000
.307207900
.287132200
.298984900
.288760699
.294834001
.293335800
.304250000
.294132700
.290890700
.305428700
.301017100
.291112500
.293728700
.297771399
.293866500
.292139400
.306880900
.294936000
.300579700
.291668900
.305725900
.322889300
.307722000
.380422301
.299991400
.302568400
.303190300
.417796999
.414382200
.404978400
.416029800
.421771501
.418951500
.424041700
.419325100
.440810500
.333427500
.315340300
.302941400
