.232710500
.222147800
.228652500
.233435200
.232726000
.234712300
.232732400
.230011200
.230607000
.230761100
.239637800
.232109300
.232815200
.235133500
.233262100
.234781800
.231696700
.232300300
.236072700
.233686900
.234254500
.234732400
.230513700
.227577000
.235347700
.233315200
.232370400
.227929000
.231726000
.229167700
.229004700
.228107700
.222996700
.226716000
.232071000
.229738700
.233067000
.231110000
.232982900
.233913300
.234125100
.233656500
.233574600
.229242100
.238586800
.234685200
.225775300
.226833900
.231455400
.229081900
.229211900
.225133100
.223363800
.219794100
.223420400
.227001700
.227435700
.221766300
.227303300
.222873500
.224545000
.227959000
.225422000
.221036700
.227800900
.227110700
.225676600
.221790000
.221409700
.226359400
.225228800
.228437300
.227343100
.224946800
.222661600
.221078001
.223622500
.224870300
.214973300
.212544700
.229801900
.219924299
.225553600
.226805800
.222110000
.225796400
.230634500
.226633301
.224455199
.222973700
.230988000
.223477100
.223611500
.226128600
.228461799
.227031900
.226349400
.227013000
.222919400
.226967700
.230874100
.225640701
.218373500
.213731000
.230382100
.224396800
.222829400
.230853100
.224878800
.224508100
.218926300
.220339100
.225632000
.229645900
.228073600
.229319100
.225072100
.214731200
.228790300
.224426000
.220982299
.213545000
.221979900
.224029000
.223744500
.228196900
.226717100
.224003101
.220083000
.228404800
.224747500
.224606000
.220881700
.231110100
.224243100
.222748400
.226618400
.227863300
.220722800
.215091600
.216383200
.217647700
.223700100
.219329900
.221864900
.230090700
.225070300
.220490300
.228388200
.225036100
.229350700
.227424500
.223547800
.226635600
.230123000
.226644100
.219499800
.220106100
.224855700
.226490800
.223238700
.223162500
.227701500
.223833100
.223699900
.231555500
.225997300
.226302100
.220291600
.226649300
.226840900
.224750300
.227531100
.225960800
.223878700
.224323400
.226635300
.218033800
.225104900
.227408799
.231269900
.225215400
.222527100
.212337800
.216437700
.226878600
.223477200
.221053600
.225352400
.222311000
.223976500
.229808100
.224117501
.222946800
.225930800
.227801600
.226767600
.228682200
.230612800
.225436700
.223407600
.220815500
.227132700
.227340800
.226859600
.223240200
.222788700
.227588300
.227337900
.226002500
.230124100
.222042700
.224364300
.223888800
.223589600
.229729400
.220047700
.224062600
.228526899
.225933000
.221963400
.226594700
.224812600
.222334400
.221637500
.229554500
.230203700
.224283400
.221544300
.224631800
.226876800
.223700799
.227157600
.225560000
.223290700
.223799700
.227640900
.225644900
.227455799
.234335000
.230994100
.229697300
.234650900
.231614100
.224643701
.234903700
.222830300
.225922900
.233918100
.227878400
.224576200
.223352000
.227402200
.224401700
.229601499
.230438500
.223257600
.223480901
.228145700
.224917900
.225341200
.214845800
.220572000
.223691700
.222789800
.223512300
.228253500
.225362299
.221189500
.228420100
.228229901
.226754100
.224045500
.237859400
.276040099
.237844300
.312697800
.227486200
.218105400
.226638800
.223573400
.226598600
.233485001
.235343500
.235096900
.236498100
.226335500
.228470000
.238721800
.236555600
.233696200
.228553400
.234038500
.231539600
.226667900
.230884500
.225753800
.226683500
.228236400
.226823500
.228693800
.220653000
.223156700
.232741600
.222347400
.232601200
.226786800
.227442300
.228135300
.232621900
.235435100
.237387700
.231628200
.227412800
.229389599
.222482501
.226919400
.230210800
.231825300
.234574800
.232616100
.232516200
.224646900
.228766000
.223836100
.223408000
.220157400
.231342800
.223213101
.224640600
.234596500
.234398000
.238048300
.232180500
.226068999
.223520700
.222591700
.232896500
.222198000
.235051900
.231762201
.226130700
.220646400
.223667500
.231042200
.217940400
.232329200
.231472899
.218440300
.232038800
.227276300
.227267900
.225064200
.230107201
.229638100
.239087800
.231804700
.224849800
.227435200
.224765200
.230925699
.232125400
.226713600
.217499900
.227690700
.230849900
.223267401
.228412700
.227204500
.223931600
.223231900
.223600200
.226477100
.222861100
.222790600
.229574400
.227047900
.224064600
.223558900
.222538400
.226131200
.218436500
.227471900
.226784900
.225950000
.229720700
.227792800
.225271700
.221432900
.230913500
.223721000
.217469300
.222169400
.230416700
.225098200
.224410900
.228971400
.223502300
.224429900
.224453500
.226573700
.231066700
.229320600
.229350500
.224526000
.225358500
.228340900
.235536400
.226229600
.227457100
.226748700
.225711500
.227500500
.226831000
.228853700
.219453700
.228514800
.225795000
.228155600
.228437500
.229226200
.225051600
.222070600
.224339800
.225327100
.223893999
.221012600
.219033200
.229354100
.223735000
.230440200
.225564201
.226293500
.232227500
.227732900
.229814300
.228419000
.227037000
.227017699
.232185800
.227431900
.225907400
.214828000
.226650100
.224061401
.228137500
.220814200
.211691900
.226363500
.227722800
.223175500
.221404000
.223981700
.224873700
.227664600
.224438800
.221409400
.223366300
.229693600
.227073800
.228685300
.227907500
.223103000
.225997400
.219602500
.221480900
.238589500
.224256200
.213247600
.225887700
.224531200
.222600300
.228109800
.222785400
.224440200
.230839800
.227194300
.219873201
.225169700
.224255800
.227262500
.219598800
.229519500
.225683799
.225054300
.222350100
.230746600
.224316300
.222874400
.227904700
.229792001
.224820600
.230388900
.230621600
.226321000
.224064900
.218088201
.223335800
.227764500
.214558900
.223850000
.224803300
.224468000
.227758299
.227115800
.225883300
.226306800
.220919400
.226771900
.225870402
.230393600
.227450800
.219477700
.219628000
.227068700
.228550400
.224719700
.227971000
.231296500
.223743700
.219170400
.229448200
.229009199
.230213399
.225631200
.234176600
.228500300
.236679200
.225986800
.232392799
.232947100
.230015300
.227852800
.230420000
.229607700
.238027401
.231163200
.229365600
.224832900
.228508500
.231712800
.232292500
.239862700
.230576600
.230894900
.235721600
.228061200
.231203100
.231757600
.224680400
.237001300
.230500300
.233273300
.234392600
.227165600
.233405500
.229414600
.231694700
.227819300
.233794600
.230971600
.232491099
.230100200
.229700400
.222532400
.225716100
.225955500
.228805601
.231573500
.227913300
.229886800
.237045700
.226761600
.227800500
.230008500
.227376900
.228364900
.237109900
.229794700
.223204700
.240420001
.230975500
.234916200
.233142600
.225404700
.244885500
.230528500
.232246300
.240450700
.228523300
.220820700
.235523100
.228965399
.228590301
.232763300
.229441200
.231147000
.231990700
.231426500
.235312799
.234533800
.228117300
.235142700
.229125400
.224603200
.223712201
.238898000
.229421600
.226688400
.219083300
.229037100
.224139000
.229978700
.232305700
.234248700
.234545100
.229698000
.229301900
.217498600
.230981200
.232810500
.236368200
.225630400
.227398500
.227995200
.228675499
.227943000
.215909300
.245209900
.227384800
.235268800
.226100700
.231579700
.233603400
.225893700
.229564800
.224911000
.225144701
.223733300
.229806800
.232656500
.228674100
.226850400
.232697100
.229023500
.229901100
.226798700
.227844600
.228734100
.232890600
.249675999
.220200100
.220953600
.223587800
.221964400
.229829200
.229604700
.225355100
.226418400
.227651800
.229219700
.240323100
.231394700
.229774400
.216490300
.222111100
.231017700
.230066300
.232393400
.228344000
.229423401
.232971500
.226145000
.223288400
.224485000
.238935600
.226183299
.230903000
.230984200
.225320300
.230272400
.226236200
.227621701
.231737100
.231024700
.233029400
.227170200
.228434600
.223924800
.224489499
.228561100
.231080200
.226039700
.233827200
.231151500
.227321001
.231891700
.232385600
.226175900
.224665300
.241590200
.226705500
.226505000
.230443500
.232389400
.234772400
.233444700
.226566500
.232931300
.231113200
.235590100
.232071500
.231757000
.227418600
.228936900
.231260100
.226452800
.224876300
.229440500
.227700400
.236140700
.226169799
.229274700
.235036100
.230842000
.227818000
.235298500
.234886300
.235138400
.231432500
.229478800
.232750500
.238044300
.234419101
.232359800
.233497400
.225719300
.236050500
.233943400
.233544900
.237311899
.230018000
.234783100
.230388000
.235380200
.232382100
.231533700
.226970000
.226454300
.233507300
.229319400
.233202700
.229496601
.228534000
.231063400
.231198000
.227165300
.226526000
.231334600
.227045899
.235923300
.224252200
.230501300
.230751300
.228090700
.236381801
.238327700
.232581700
.233691100
.229279200
.229510700
.233757900
.229723399
.232644300
.231640000
.238608600
.227769700
.228506700
.229802900
.227273900
.220984200
.231002800
.230037500
.235465600
.230296401
.231610900
.236511500
.232865900
.236457600
.231807800
.234151600
.235468500
.229161900
.228551400
.235088200
.231326300
.232974100
.236033100
.232473300
.230606400
.234343300
.233510700
.234868900
.231841400
.228876900
.230461900
.232257300
.235278500
.230800200
.237978900
.233857300
.232729400
.232528400
.228928600
.232628300
.235286500
.234972399
.232525700
.229594300
.232032100
.232662900
.228383500
.234646401
.235614500
.226999000
.229648400
.227625400
.239379800
.226163400
.225315699
.229939100
.233848200
.230505500
.216720400
.236199000
.242451601
.217535700
.228135300
.222750700
.223885600
.223723500
.225437300
.218929800
.225515300
.228398100
.227280300
.219206800
.222250100
.219941300
.226062900
.227129400
.227398100
.225614000
.224547600
.222970300
.232219800
.226660300
.228849700
.235359400
.224945000
.229427000
.241788400
.231611600
.221835200
.223156400
.228106300
.226305500
.230775100
.223284800
.222460500
.223691600
.221215400
.223801700
.227314300
.225334999
.234913400
.223452400
.226846300
.228132600
.230412800
.236050001
.233307200
.229664000
.227047200
.225778800
.235031300
.218303300
.215004699
.230053600
.222774100
.230790000
.230215600
.229487500
.233612101
.231558400
.235718600
.227118900
.223796400
.223180700
.220587200
.226456300
.224432400
.229793900
.237917500
.227136000
.233588400
.236036899
.231258700
.228349300
.217707000
.228462400
.228586500
.220795700
.230279100
.230134800
.228418200
.235381300
.232426900
.236691400
.229841500
.224590100
.228687200
.226197900
.234618000
.230569400
.226132101
.225649100
.220087800
.227912900
.232054500
.235287200
.231732800
.233926399
.221797600
.236025500
.231767500
.219155000
.225001900
.231219801
.232735100
.231219100
.230821400
.222314700
.219592700
.233655000
.235469599
.233721200
.231568300
.235613800
.234765500
.232249300
.226219901
.229726800
.226736400
.227728000
.227950100
.232114600
.228006600
.218547100
.233757700
.224493900
.222647800
.233608600
.228107099
.220724500
.228850800
.224776700
.234333200
.233969300
.224592400
.230284301
.227840200
.222703200
.217887499
.228560400
.226816301
.226092499
.219916601
.228854800
.225062900
.226340000
.226076800
.230927000
.235365399
.232922500
.233654700
.234990100
.228365400
.231823400
.227571800
.228360999
.233791500
.228136400
.231698400
.225944600
.220869000
.227944000
.233444100
.233224600
.231813500
