.242356300
.232497600
.244047400
.236688301
.242425700
.237229400
.237584100
.241589300
.239316700
.239059300
.238490700
.239913500
.239971900
.237463400
.238402400
.238511200
.231605800
.239888800
.235663600
.237780600
.241862300
.240755999
.238471700
.232411900
.236703400
.236357800
.241831900
.239070602
.239191299
.237483300
.239537100
.244730700
.236554800
.226740400
.231070700
.236592500
.232778900
.241178500
.243070600
.240817701
.239423800
.242346000
.245183900
.245975600
.235482200
.242960000
.241943600
.245586500
.237815700
.237702500
.236681900
.234694200
.235767500
.239351800
.237149400
.236276300
.230422800
.234100500
.235015200
.236821999
.236934800
.232562900
.233528300
.232712100
.234551100
.235914600
.231410500
.230596100
.233646100
.235187800
.238236000
.232970500
.234885000
.235999300
.232455100
.231503700
.236427800
.231480200
.236449200
.232182400
.234202900
.236737000
.235462300
.229726401
.235806899
.232609500
.233793400
.235662000
.237519100
.234286300
.239263600
.223794400
.234286900
.234809200
.235881200
.238069500
.234086400
.237633700
.230966200
.235412000
.240962300
.239302000
.239076100
.234417600
.236831500
.234431700
.228007800
.230124000
.234451600
.226647200
.238827500
.229484800
.232965800
.235504800
.229463200
.240879699
.234940500
.239988100
.238689100
.232533000
.237304100
.237868700
.236514600
.237647900
.234502000
.230832200
.232792500
.231611201
.239456100
.242148500
.238487000
.238378300
.235792800
.241501900
.237042100
.235652800
.234601200
.234542200
.239030900
.231735500
.231663299
.236364300
.232096600
.237300300
.231770600
.234161500
.226377600
.232440300
.231215400
.235739100
.235988200
.236099400
.235505700
.233287000
.225673500
.240479000
.232226200
.240218300
.233856001
.234640999
.238387000
.235321300
.236148400
.233283400
.232919200
.240416001
.239529600
.242831300
.234993600
.226257400
.239061900
.230420000
.234760000
.234778400
.234262300
.236428300
.228161200
.236652699
.234384800
.233135900
.229024700
.233141700
.232063200
.234515600
.233407000
.237981800
.235876400
.234148000
.228764900
.227919300
.233300001
.220444200
.236759900
.230620600
.235862700
.237234800
.234481900
.234257100
.234015300
.236648600
.233406400
.230455500
.237523200
.232527000
.236152900
.237189700
.238916300
.247160300
.243872799
.243193900
.235647000
.237399100
.241166900
.241427501
.244591800
.243868600
.244074900
.233487600
.235259700
.233041800
.238222300
.236416200
.233038500
.228691700
.234095300
.233288100
.233733300
.234160800
.235223200
.235499300
.231837800
.223726600
.227793700
.231795500
.226259000
.239294800
.232412600
.235139100
.235680600
.232162400
.232362799
.232543800
.231656900
.223061300
.237169500
.234265000
.230089601
.231496900
.235057500
.234423500
.235927400
.229183400
.235925401
.233144300
.237152300
.234162600
.237083000
.236083300
.235547100
.221776199
.236958200
.229124800
.237819000
.234466700
.234384000
.238809701
.234561100
.230011300
.236099700
.229999500
.235182100
.231933400
.233259200
.234667200
.236664100
.224981900
.235261000
.232534800
.236602100
.233006700
.231464800
.229512600
.232345800
.231621100
.221800599
.231407400
.235624100
.221270600
.228996600
.233294100
.235370401
.236789600
.237509400
.239010800
.233897300
.239139700
.237387100
.233148199
.229083700
.244050800
.231674600
.234863800
.239588300
.244493701
.230164300
.225442700
.232835200
.233074800
.234422900
.214165200
.233655000
.231958000
.233769600
.232259700
.226954800
.233461499
.244541300
.234749500
.233902700
.233790200
.237391000
.229803000
.232460400
.235224400
.237054000
.240999000
.227516100
.231123000
.241600201
.237586700
.229242100
.242118600
.231196300
.235662900
.234575800
.233240100
.235012500
.238671100
.230277900
.230051900
.233251701
.238298999
.232791000
.229012700
.232825200
.235115000
.227584800
.235067301
.232692300
.228970700
.233257500
.231738500
.234726300
.232610700
.234287700
.235323600
.232065900
.227114500
.235364500
.231556500
.238817799
.233366900
.232573700
.235588800
.231137600
.233271600
.234225500
.235328200
.238756100
.234592800
.227424600
.240079600
.233558100
.233576800
.234540300
.234184900
.229723100
.229220100
.231331101
.226744399
.228343500
.234681200
.245691200
.235933100
.236415400
.238652300
.231091500
.233234600
.233274000
.234312100
.236494300
.231745800
.229327200
.237234900
.230926000
.234619500
.232947100
.232546800
.235582400
.227381200
.231838800
.238016600
.233536100
.230420000
.237094100
.233908600
.238295500
.239347900
.224352400
.232542100
.231985500
.223196700
.231775100
.233113700
.232234900
.236403000
.229635899
.233633000
.234351200
.227207700
.235777300
.233720800
.228074100
.236696500
.232729500
.235840800
.232720600
.232558600
.228223300
.228428700
.235292900
.224299300
.233035700
.233851100
.228125100
.229023600
.229360300
.223194600
.238755800
.230692500
.233491400
.229440100
.232774801
.228568500
.229290500
.232221200
.228593900
.237939900
.234704900
.234596900
.233334800
.229802600
.234888100
.233357500
.228819700
.229506800
.231022300
.235338200
.233903200
.232278700
.236010600
.229338899
.228227400
.227472000
.232403400
.232114300
.232680500
.231812100
.235412900
.235719000
.231134500
.228870700
.233039600
.232024701
.227837400
.230324600
.228486800
.234309400
.232775400
.233548200
.233850599
.231609700
.229471400
.237225800
.232467300
.230551700
.234135200
.232323900
.237559800
.235577100
.234948400
.237209200
.233404301
.231365200
.233425400
.232204400
.236156000
.234192000
.231694500
.242472900
.236708500
.242860800
.243848700
.608742999
.237979400
.232432700
.234079400
.234113700
.230235900
.230525200
.237947000
.233557500
.237193100
.235487700
.234743200
.235541500
.229654901
.234210500
.232932000
.229399400
.232548900
.236742200
.230901600
.233421100
.232767300
.229089300
.238276200
.229613900
.228775300
.236277100
.231219000
.229288500
.232961500
.232515900
.230497500
.231898099
.232251500
.234084200
.233505600
.236260800
.233626700
.233149900
.230262600
.233345200
.237134400
.238410400
.232958801
.233368700
.234539000
.228835300
.221839500
.235581200
.231704200
.233466600
.235039100
.232896800
.234679200
.233747900
.239347299
.234673500
.231588400
.231697700
.236611100
.237262100
.236784100
.235490500
.236307800
.236276000
.236049401
.228873800
.231030300
.230969100
.235659499
.239485500
.238541600
.232725900
.231185200
.241112600
.248419802
.243014999
.241106101
.243508000
.240937500
.248361100
.242911001
.230354200
.244207200
.238734000
.238218300
.234673900
.232577400
.233564899
.230913500
.233008000
.240808100
.237025700
.236193200
.230760700
.230212900
.227887100
.230271200
.232677400
.237747500
.232207900
.224550900
.228012300
.231773800
.228556300
.240243100
.232854600
.235011400
.235315400
.237744400
.239223200
.240442900
.237578700
.240139501
.230714900
.237464300
.236191500
.226495900
.246215100
.230686799
.228856600
.231365200
.230675600
.235547800
.234640000
.235690300
.236778198
.230511400
.221504400
.222419600
.233999200
.230917400
.233413201
.234546500
.235459500
.234729700
.238589100
.237076000
.235126299
.228954900
.229608000
.235043400
.234558600
.234086600
.234564300
.234692001
.236228800
.233419300
.234036100
.231521800
.224775300
.231096100
.231744400
.236348900
.233715300
.234405600
.236028400
.232810300
.237591500
.232149100
.232543700
.230368500
.234723500
.231621700
.234839000
.235453000
.228807600
.234678600
.230950400
.234800600
.234435400
.231125200
.228097000
.233703400
.227083300
.233580800
.233437800
.227448400
.237958300
.231313800
.234223900
.237709000
.233190100
.229945900
.234414900
.234507600
.231190000
.231632900
.231852200
.233426900
.231658100
.230453300
.234738200
.231243300
.230652800
.237787900
.229439500
.234296900
.232532200
.231389500
.234325200
.231996300
.233411800
.233545400
.230333300
.228917500
.236367300
.232756400
.233654700
.233563700
.235281900
.228641600
.230377100
.231652600
.220327699
.225984500
.233266100
.226117800
.234754600
.231923900
.228805101
.231812100
.232583200
.236162000
.233567700
.232516100
.239656000
.232442799
.227705200
.226389400
.230250900
.230344100
.234202100
.234541700
.238158000
.236795000
.236084000
.234099600
.234313300
.230273500
.235399900
.235793800
.232216300
.235267100
.229191500
.242240401
.234981500
.236436200
.235766600
.232429500
.236035000
.233992000
.230009799
.229255800
.224228300
.226119500
.235506100
.233983200
.233921701
.236340100
.231441900
.229461300
.235230500
.235046800
.234088700
.233129400
.237066300
.235203300
.233259500
.228971600
.237752300
.236449199
.235052800
.233233200
.229160800
.235786700
.234633600
.220441901
.229584100
.230502500
.230607800
.237782800
.232637000
.230948199
.229217300
.230997500
.222438700
.232216700
.232530500
.235346200
.232587600
.229841300
.219501300
.236009400
.229143900
.230398400
.237633500
.232340400
.234663200
.232414600
.232472800
.235717100
.231093201
.230046000
.233926100
.232080800
.230144800
.230085500
.231785500
.227355000
.229167800
.231614300
.235884500
.234457500
.228567800
.225557599
.229940200
.230007700
.236310900
.232681200
.225043600
.230281400
.230183801
.230972400
.235570300
.231321600
.229674800
.234048100
.233639999
.223589400
.237084800
.234992000
.225187600
.236822700
.231474800
.227910000
.238745700
.227940900
.237238700
.236821900
.235597301
.240579200
.235591600
.230872300
.235641800
.231383400
.238147700
.235550700
.224480600
.234191800
.231507000
.229457600
.236740801
.231322400
.221597200
.235079200
.232190800
.229021900
.233440900
.224593900
.227426700
.232502000
.230184800
.226811500
.228340000
.233717700
.235835499
.235028000
.235366200
.236622400
.232279400
.230827300
.234974300
.232703600
.234972600
.233722400
.235364100
.235615700
.236933100
.232539800
.235158200
.233384600
.227169500
.243177600
.238102800
.235229099
.234593400
.234150800
.238796600
.236690800
.234936900
.231950800
.228717000
.238476800
.229904600
.237995700
.242530800
.242105099
.236004100
.228895100
.229179500
.233689000
.235608600
.236763601
.231221100
.230640500
.242450900
.241506400
.241686300
.236902699
.230687901
.228489600
.238133300
.242224499
.232692300
.236852000
.240147501
.234793900
.243144900
.238816900
.235209400
.233850100
.231348499
.228869200
.231675300
.229807000
.222063500
.234952500
.232571501
.227567300
.227403900
.229911700
.235387900
.234067800
.227192600
.232747400
.231352100
.232764700
.235048800
.232227400
.226758500
.234530599
.231165000
.236261000
.231830900
.232331101
.229994399
.232108001
.238512500
.234350200
.233197100
.234566200
.235807200
.232158600
.226922900
.228379800
.231247400
.231402200
.236893300
.231477200
.226853199
.233128800
.228858800
.235119601
.233381500
.230238800
.234200700
.232715400
.230910600
.226584900
.230143700
.231488400
.233278399
.229566500
.225616000
.226702200
.230509100
.228580600
.236814200
.233846600
.234408400
.234617900
.232398500
.227474600
.230924900
.227825801
.231059500
.234826400
.225409800
.229245900
.229319800
.232694300
.229332000
.233905600
.232971600
.227740400
.230386500
