.687694100
.526179700
.577373801
.538993600
.580513800
.581216600
.510649200
.512471200
.546999800
.524526600
.514354100
.514822300
.516864700
.594438700
.531784700
.518097700
.472509000
.463480300
.463120100
.532733299
.462069200
.488871500
.468700201
.480307000
.516063700
.462725700
.491377900
.487877600
.487572299
.448003400
.487327100
.453772201
.462655100
.465294300
.459021499
.458131800
.467709600
.449060201
.435261600
.463211500
.474380200
.440692700
.441275800
.460355100
.472214900
.434461100
.437306000
.566975300
.548948100
.503731900
.481206100
.434233200
.433421899
.474473201
.523993600
.520426800
.560605100
.525304100
.568998200
.549392100
.535282800
.569659600
.525083500
.561611800
.609619499
.604281500
.600844601
.662126300
.545509899
.575054398
.517479700
.599977601
.558493300
.696076399
.671783900
.620093300
.588284200
.603045500
.521531800
.514648000
.638933500
.713319300
.519663700
.637637799
.546736700
.666214900
.625798201
.662724600
.666033400
.629724299
.565748701
.544194400
.620245200
.675166099
.727196601
.744338200
.922225399
.594327900
.549928700
.792257301
.567592900
.533036700
.580919800
.573221100
.592125100
.937729900
.554653900
.580084900
.582546700
.602598600
.591388400
.798744100
.806250800
.509185000
.614465800
.498769700
.528874299
.501155500
.466696900
.558707701
.446680900
.476079200
.470778800
.480412800
.432336600
.607953699
.528740300
.369599900
.548050900
.428892800
.556717800
.564440300
.624797200
.509868501
.542095300
.627724700
.537170600
.517725200
.533313200
.441240499
.458548000
.459573100
.470904701
.507280100
.514983600
.510823700
.551279200
.551444100
.551095799
.461719000
.463158600
.474936301
.510146300
.477793400
1.209744500
.552324199
.636687300
.625705800
.583668000
.652762100
.622828601
.494536600
.619299699
.854680501
.515882800
.547114099
.626600000
.642203300
.666679900
.771605100
.760267600
.929332900
.757665202
.652251900
.668885500
.838864000
1.094080499
1.174268701
.865803700
.860856600
.803532300
.486925300
.531203300
.778268700
.502212900
.478621899
.482495900
.444916300
.650193101
.619905600
.740130400
.957321900
.577032899
.658458800
.680950601
.587281500
.678245900
.621730100
.520353200
.639502400
.697346100
.609532500
.540323600
.564155300
.566803900
.590589500
.617659900
.690249700
.721997100
.798645900
.786251400
.566479500
.727764599
.821928201
.831717100
.622466800
.653981600
.964839600
.716605700
.619492299
.692915700
.609603199
.588488001
.717903901
.566057900
.579237300
.723592501
.768184599
.683683199
.595919600
.596493001
.581210100
.583163699
.580483200
.618025301
.724550399
.635335700
.667201901
.613739200
.825380500
.851617000
.583294700
.781674500
.594761400
.601758000
.678429099
.733658900
.689531201
.737324100
.654841300
.577337699
.771434400
1.046744801
.838016700
.874133100
.893751400
.770572800
.939076099
.686401900
1.012440601
.763438400
.976615800
1.076794799
.950632200
.806838601
.658714499
1.113789601
.785512700
.834617400
.686618600
.849468500
.632690000
.821931700
.872378900
.708520300
1.007922500
.792874499
.739853700
.844619400
.812350001
.713582800
.801769300
.691483399
.836444001
.804498700
.810182300
.733244799
1.081064001
1.249050200
1.140027400
1.101192600
.881684600
.831606700
.904185199
.756328101
.881020899
.671017201
.902885700
1.055485500
.654352700
1.134656400
.967847700
.972254800
.942157400
1.010371100
.857814100
1.377718600
.809756500
.936035400
.966917800
.800156200
.982612699
.869834900
.815072201
.801633800
1.009376100
1.018483699
.841796100
.828325801
.881798700
1.049567300
1.171165000
.905657799
.865688700
1.461095701
.866819700
.810490700
1.171780600
1.249320400
.797166500
1.048796799
.884275400
.922295299
.889264899
1.061541600
.830586699
.861769600
.733258202
.886037300
.910553199
.902646700
.986868600
.969558900
.850701200
1.136728902
1.049696699
1.010641100
.862912100
.760622101
.705449601
.759853499
1.162417900
1.246599500
1.090502601
.819754100
.746620000
.801415600
.935413500
.924938300
.746521500
.789040100
.791668400
.758348400
.728532099
.849080900
.849823200
1.092613100
.971732300
1.066537301
1.087059201
.990313500
1.156212900
.841092600
1.148561200
1.019208800
.790097000
1.062419700
.959609999
.781539701
.795286899
.927335700
.736627701
.844913001
.896394899
.820851499
1.156596601
1.018341399
.961805199
1.141785000
.997724700
1.208192401
1.007685900
.818977799
1.030941601
.773345100
.881477800
.909811699
.771315301
.618948400
.872653299
1.105986600
1.362965701
1.302958299
1.085343701
.993838200
1.175732600
1.576317900
1.551139600
1.017744101
.685971700
.822939799
.774677101
1.066782400
1.319781000
.734943299
.665978201
1.020198300
.677193699
1.057209200
.834417100
1.073302701
.915184101
.867070499
.921492300
.905999501
1.228674700
1.013248600
.961276000
1.216693699
1.128936800
.984686901
.973286700
.901328499
.792293000
.874928601
.929995500
.869823700
1.364435700
.935645500
.836252000
1.060395200
1.034013000
1.041745000
1.236290600
.828389900
1.009052500
.870778600
.802652200
.993804900
.747171100
.892958200
.902518101
.800397800
.810835100
.986299700
.981115900
.661482600
.725586000
.807534501
1.004038600
.978157500
.667782499
.867248600
.676447701
.768879800
.835376000
.919753699
.803222900
.980611301
.899321800
1.372282300
.795510701
.916182900
1.008652800
.937755799
1.137129801
1.175473000
1.311645201
.917200100
1.055312901
.970832100
.882923299
.988174399
.908237700
.937534901
.961050500
1.363200900
1.248226600
.761359500
.762100800
.728230700
.862863400
.894171300
.788173199
.817719101
.799933000
1.507766900
1.567339299
.949520401
.753702000
1.098782100
.824358400
.931757600
.925523200
.674359800
.734677700
.920245400
.803409000
.816278000
.832313099
.836353800
.852173000
1.013686900
.722427200
1.149756199
.870291200
.966836800
1.109792601
.852735099
.999902100
1.050083501
1.339028400
1.397285500
1.119645700
1.211674799
.895803500
.779078400
.990534000
1.035371500
1.072487699
.985795800
.858544101
.812559899
.921887400
.626778401
.933409800
.711854800
.911784400
.755143200
1.111594500
.971981000
.873007900
1.036764000
.890941200
.862071900
.946272400
.701538301
.933183400
.800279800
.956538500
1.249054900
.992197000
.878927300
.991891899
1.036856101
.891956000
.774036200
.918610099
.965204101
.972477000
1.121983199
1.265221401
.879468300
.839018300
.966073599
.802546900
.715894501
.888110200
.805015000
.853644700
.755890899
.750793301
.852647100
.885681599
.763529900
.708033201
.732111599
.719596701
.748648100
.879243400
.706498600
.763367100
.892373099
.972976400
.758403801
.831562400
.808894999
1.089637701
.771120800
.751428999
.697552400
.655371101
.828630200
.859534100
.943427100
.988777400
1.041419100
1.261691200
.764713400
.917413400
.718093200
1.025917000
.825911200
.817971000
.842838199
.932502200
.918578501
1.085339699
.814080100
1.007328301
1.443751799
1.428869301
1.038657500
.713283300
.725357099
.699286700
.833230601
.706350400
.945614799
.938278600
.941667800
1.035444900
1.077388102
.986067700
1.220193100
1.130895700
.917697800
1.187510400
1.087663300
.811816699
1.047432200
1.238966701
1.131910799
1.012552801
1.140774200
.933638500
1.191578900
.888607600
1.196108100
.827512100
.941031500
.971328300
1.010927000
.868599700
.961722600
.876493800
.967246700
.835418899
.865390501
.648464599
.714713600
.891280101
.836201500
.927726100
.748040900
1.110957800
1.007885300
1.024716899
.912719800
1.076369700
1.126482601
1.060386499
.854182701
.868165200
1.002409100
.827854399
1.249353601
.877281000
1.051057600
.834747200
.758055100
.845476300
.813145199
.802507600
.943964801
.890538800
.780434099
.934109800
.808396800
.716331499
1.191487999
1.339105801
1.173681300
1.038732400
.915074899
1.034839700
.706848900
.799887700
.816625701
.628639200
.706304200
.714581900
.700124899
.754947100
.719883401
.677831500
.879322500
.806996800
.731842000
.867076300
.883027999
.874674201
.836401800
.962116000
.853452000
1.081275499
1.203845302
.922719199
.695555600
.771416300
.913388900
.787522200
.852333000
.701712900
.710567600
.749405500
.842526500
.758774400
.784144700
.748291500
.636554800
.567799000
.638501099
.821129900
.733031501
.982083100
.837511000
.774715300
.770350999
.708444601
.980537700
1.032296301
1.204118599
.720486000
.708079900
.838827801
.771094500
.677148800
.850951600
.803626300
1.004029900
.897792800
.724622000
.670127500
.684697700
.820056400
.744487000
.806918800
.766218700
1.109903800
.660513600
.895788100
.865976100
.745239400
.928439400
1.109028400
1.128078700
1.004343200
.921773900
.899430800
.867691200
.903011000
.907744500
.808875900
.741222500
.790836900
.929412200
.797115000
.955975300
.991083400
1.046933399
.791552600
.668769701
.760554600
.763398599
.688255700
.928913701
.741056700
.740993200
.744403700
1.028128500
.642476900
.893627199
.936882600
.937190700
.766958101
.819724999
.713405501
.842509299
.824007601
.752977900
.885662901
.945479099
.942672700
.890379900
.820914500
.753011200
.888545500
.769518700
.751033000
.752685400
.750449900
.678017900
.914647900
.789448500
.678109400
.679627700
.872701100
.754496999
.725767000
.682041502
.655377201
.663404900
.646070399
.647013600
.785748299
.834782400
.831421801
1.105775500
.728348000
.729566399
.801815200
.649880602
.669767300
.720503600
.743553499
.725213300
17.164985000
2.855465000
2.762866200
2.478549100
2.819714700
2.363774299
2.515900601
2.547099500
3.121932800
2.988232300
2.466330001
1.933906998
1.971642201
2.904593400
3.073262999
2.446804401
2.028662600
2.458444100
1.996754499
1.828544601
1.245645999
2.550971701
1.230269399
1.710560501
.968075400
1.554953900
2.027717999
2.141219500
1.766096501
2.385989399
3.123334101
4.970901600
1.070643599
1.431960001
1.034503000
1.473726200
1.243476799
1.125385000
1.437794101
1.386875300
1.380403400
1.733084300
.896197300
1.190606400
1.496111600
1.365649200
1.098958000
1.369610100
1.426340400
1.210311500
1.410685899
2.607061001
1.587814600
1.058566699
1.341552601
1.382666500
1.210339900
1.773038500
1.378810400
1.361804599
1.728617501
1.674846499
1.621794400
1.719933499
1.755202900
2.099621800
3.653701600
3.321197900
1.166531599
1.126728701
1.350865300
1.500893899
1.046866500
1.241379501
1.582434400
1.245442300
.976513400
1.231613099
1.350158801
1.328527100
.932022400
1.148779999
1.348791701
1.654756100
1.018111600
1.141460300
1.449128099
2.425625700
1.943868201
1.469255200
1.243871200
1.182682400
1.576661599
1.576591201
.946951700
1.700960299
1.628730601
1.809268700
1.954126099
1.785388101
1.741210600
1.623382100
1.836169199
3.424951199
2.112198999
3.508697001
3.013800500
2.689180200
2.515871000
1.680718700
2.774869999
2.563221901
1.997867400
2.280859500
2.196917800
1.402783900
1.749365801
1.338638200
1.481366900
1.578178200
1.831943600
2.240846700
2.027540200
1.957549700
1.515054200
2.139123901
1.851841100
1.270686999
1.611414801
1.512565500
2.526810300
1.674100600
1.539903800
2.195729800
2.355338099
1.542327400
2.765086600
2.374806000
6.245382799
1.368303100
1.288943100
1.263261500
1.228757100
1.347921300
1.627108400
1.726379300
5.123359500
1.387920600
2.276942400
1.524292299
1.371110101
1.393467999
1.621370700
.972419600
1.417702400
1.569780401
1.888559199
2.198684701
1.776162600
2.059545400
2.609588900
1.491055300
2.036293399
1.276598801
1.876155100
1.784770300
1.425511800
1.696643300
1.432565599
2.064935401
1.842592299
1.950222201
1.719142600
