.625382300
.341245600
.468080300
.509962300
.579148900
.438146801
.509022200
.379973300
.697617999
.439348600
.475508600
.416614301
.568311900
.467950999
.482657099
.410150300
.522038800
.383641701
.390593800
.416255500
.416208100
.451017200
.382042900
.368759800
.450561900
.406773600
.422994600
.310922400
.504564400
.291213500
.341344500
.311907000
.493909199
.419212800
.392458400
.338805600
.463683301
.337897700
.329282500
.336296900
.466663100
.371707900
.316889000
.363174700
.446851800
.356057500
.373121400
.354835299
.558404701
.418884000
.334185800
.430347700
.491083500
.320673300
.358774200
.390544900
.460562300
.292600500
.335134800
.366319800
.421986100
.400517900
.317869900
.320978700
.486469100
.363371900
.315804000
.367447200
.398579100
.356788100
.296984000
.387625500
.393332000
.362541700
.363984900
.426537200
.424441300
.366023800
.371651700
.416829500
.444054800
.336417100
.283426399
.438930100
.417367200
.287534700
.337856500
.341733300
.439899000
.360511600
.320062800
.408998199
.471324400
.327630300
.384455899
.369667300
.412226500
.314098100
.373077501
.339301100
.406658100
.329071400
.400374000
.379783100
.447526700
.343220700
.413629599
.350532100
.421201000
.282813400
.339858501
.347490500
.439099400
.330938699
.395927501
.366416700
.408626100
.351304600
.394556399
.352870600
.429518400
.348988500
.365925801
.364598200
.593072100
.326021500
.437313900
.345370200
.385279200
.432438600
.383853300
.347927400
.460203301
.327248000
.326563600
.322811000
.423323000
.349758900
.366880600
.299368900
.421858500
.381294400
.383650000
.351068300
.400566500
.392777200
.444916000
.318681400
.425456200
.330410100
.347341500
.285201500
.375288700
.298907600
.356775100
.367872900
.455276300
.398096200
.329049600
.373432400
.458027800
.374749900
.379170400
.351614600
.400185100
.363959300
.376897900
.481123000
.431331000
.375024300
.332222400
.346056700
.434755100
.382397900
.337980000
.379313800
.431567300
.408608900
.347405700
.326912099
.393516600
.380860600
.331730000
.356149001
.460372300
.427055700
.332255800
.318122200
.429420900
.345333600
.343112600
.351473800
.412440900
.326503700
.327322000
.334660700
.458377100
.315911100
.308361800
.376094500
.412678900
.371332500
.368731400
.303294900
.399072100
.392053499
.325419200
.397622900
.507703199
.409471500
.329580600
.337242300
.426975101
.325322300
.394346100
.342947700
.423721399
.334082100
.313193300
.324296100
.401014000
.367584000
.242944500
.314337300
.379504901
.390596000
.437584000
.308431900
.448511900
.388486300
.327070900
.396194600
.441045900
.380817500
.324201200
.355766400
.469275300
.390725300
.331121600
.315764000
.471109000
.322460500
.332950300
.307796700
.466541099
.335531200
.320372000
.286113900
.437154301
.365679500
.357824600
.330018800
.469188600
.337611100
.376164700
.392947500
.468363699
.421057800
.366409200
.303815500
.435948800
.344304700
.360314300
.340314100
.443170200
.386000900
.330516600
.392216000
.455900901
.349056600
.386861500
.294020800
.428505600
.348891900
.314219300
.291300600
.436565300
.372217000
.338735900
.313064500
.423285099
.354063300
.411563600
.428691300
.382089501
.297067300
.308494900
.297372200
.451687799
.325061800
.337672400
.311482800
.461134301
.405908600
.340092600
.313581101
.430313300
.448521699
.407094100
.316228501
.478105900
.309386801
.363268100
.340821799
.447896801
.339171900
.390460500
.311916500
.506807700
.325391500
.325824500
.324039200
.461758500
.314784500
.301811800
.361420700
.423275900
.403786400
.311632000
.342160400
.449198100
.347638100
.356900800
.379601900
.416206500
.333069900
.394256900
.298643200
.458887300
.330483600
.284401600
.295478700
.447436499
.396087000
.322812600
.305329600
.473054300
.384545500
.374176600
.325806800
.423002700
.379211100
.455936800
.340948201
.494880100
.384966100
.367325300
.316198399
.410528300
.399492600
.372392100
.375814200
.459406500
.301745800
.356129200
.361462300
.396156900
.347161100
.321874200
.310713201
.450595700
.305191300
.336058200
.351238399
.430876100
.336483200
.330080500
.297567500
.449520500
.347240000
.389617800
.362993100
.438278900
.349245300
.282303500
.358392400
.493319700
.351562300
.367316500
.323975600
.422198100
.315162600
.343644100
.324126900
.463129900
.355518500
.329652200
.387068501
.467431801
.335399100
.409475600
.357957400
.431334500
.317270600
.379545100
.313768000
.413591400
.341897600
.331757000
.306777400
.428180700
.388967800
.317403800
.341510600
.458763099
.361245700
.316081100
.341136200
.426238101
.359862600
.313625600
.376934300
.444765399
.358739500
.314743900
.333886300
.509421300
.370876400
.359564300
.353889700
.449051400
.343342400
.347179300
.388610200
.438091300
.367794700
.314275700
.385365101
.492487000
.382848700
.576729900
.354148200
.520199700
.386754300
.387583700
.391734800
.380498900
.309175700
.387109699
.440086600
.462835500
.331832801
.366100700
.381898400
.442988700
.397447000
.448712899
.374924300
.411164701
.326561500
.472477300
.246271800
.400488100
.425727799
.350068000
.339896600
.466032000
.454298001
.315904000
.317710800
.510287099
.398338000
.427137600
.337776300
.452760601
.368859900
.303265100
.334395000
.431644900
.341346400
.302358100
.479391100
.456605899
.376884400
.411636400
.331307200
.497857701
.324795000
.454931800
.321798099
.392828900
.406365200
.339990500
.416918400
.504301900
.311382900
.374693799
.349243301
.412496400
.370291900
.322284300
.414021400
.422566100
.354943800
.317180700
.368947399
.473551800
.343485300
.357106800
.407314300
.413449200
.426027500
.420388801
.348436700
.452236800
.413152800
.391027300
.318027000
.484543300
.325345000
.393437200
.326353700
.385711200
.295487900
.395588600
.406647700
.454734500
.380226600
.337685699
.341116000
.488800100
.345903800
.385810701
.361188300
.392663500
.339607400
.334577700
.321708600
.413052800
.243682500
.353988000
.346489400
.464380300
.327486400
.426473699
.365050300
.407011300
.359397300
.418418901
.301689000
.396802400
.323444900
.335992200
.309121500
.470340700
.344204600
.357947999
.356115900
.441493500
.387243000
.365805601
.353316000
.462046300
.286630800
.344618900
.342112900
.583359900
.392052500
.387000900
.382479700
.409193400
.387085299
.415280300
.333920000
.460699700
.319696801
.300745300
.335379800
.384274100
.439130100
.333409600
.359369700
.472680500
.381465100
.421950900
.397089400
.478295800
.337083900
.316514700
.324886900
.386837700
.341338600
.379851200
.383459100
.446412100
.321531300
.344551700
.336896400
.424066600
.341490200
.352446900
.330354600
.499722700
.380178500
.331675500
.365847000
.437995300
.363554800
.342528300
.352867700
.553180999
.334697600
.411587300
.319594000
.388502101
.356715200
.344913099
.339690200
.443141201
.364183100
.366644300
.379041000
.408318200
.379230300
.411517800
.320967800
.430115900
.646496600
.366691700
.398764900
.476214100
.283405200
.360759600
.403069200
.412162000
.324994100
.506792800
.370948800
.436038700
.339666600
.411678300
.322538100
.403427600
.318278200
.432433100
.378681800
.476158700
.307807400
.372929800
.425473100
.628703300
.420911099
.312563300
.431077401
.441914600
.379824900
.339898400
.409573800
.405907500
.336966000
.388249200
.364482300
.421887099
.378179300
.346842300
.327361501
.440663399
.383108901
.431266600
.347841000
.494574800
.366651000
.355747900
.359788000
.483660500
.355873600
.375548500
.338041100
.469213100
.415942000
.316565100
.406655100
.431926400
.336759800
.392510200
.362426600
.429407300
.401588500
.387623200
.364483200
.398997200
.285930900
.324593200
.389980599
.435654200
.355237800
.333173100
.422466601
.429105000
.365173400
.332931100
.461237400
.440582200
.335727600
.306412300
.352757500
.377402300
.281303100
.328378300
.394992999
.427337500
.348216400
.331488600
.351168101
.489857500
.368393100
.340546900
.402833800
.405677800
.301132500
.290688600
.371211800
.411939800
.388174200
.328679300
.413700000
.428039100
.332618300
.361396900
.397867000
.414906000
.312036600
.359578300
.414513000
.381439800
.354555600
.337711500
.384153000
.413009600
.400931000
.337912500
.395325900
.407150500
.376250100
.405830099
.362154400
.404078200
.346214700
.322247201
.324414500
.380949100
.244446900
.355382800
.370339100
.426703600
.339412400
.297572600
.433120400
.439227200
.366277900
.413625299
.354651600
.456594700
.331050802
.367461700
.401573700
.461797200
.337486000
.393671800
.387425100
.455502100
.332521800
.369575400
.363497500
.414539200
.302594900
.362244999
.386811100
.431381100
.362702001
.499574099
.504634199
.607019599
.505157700
.349991701
.374769000
.592579000
.478004700
.441480400
.469915000
.570672700
.458592500
.536556500
.512713500
.461911600
.372146399
.394663700
.289452200
.402367300
.342428100
.359185800
.334090600
.394624600
.405499401
.335521500
.382215000
.401356200
.367693100
.414717200
.334753000
.488765600
.361166400
.306366900
.320586100
.421510600
.412217601
.336994900
.305508700
.463690800
.368946900
.344056800
.388385500
.484365500
.382686700
.387577300
.350654900
.447693699
.359542400
.349241300
.342672600
.426296801
.344694300
.387097100
.303665200
.406896700
.310436100
.343332300
.334545200
.364758399
.578119600
.408096400
.407769200
.443369800
.354232600
.328957400
.296451200
.434372399
.387481500
.409622100
.360994801
.414181799
.375858300
.321863200
.377794600
.423916800
.367999900
.405292500
.417494799
.412494600
.320012000
.361216600
.358214200
.444453400
.393299000
.359914200
.321554200
.407784600
.365269300
.309501100
.379278300
.504918800
.345982300
.359181000
.374586300
.479551900
.360442000
.341488300
.320542101
.400668000
.329535300
.306849600
.362376400
.447163300
.343682800
.377065500
.384836099
.427202000
.353934300
.410178200
.385421400
.399732900
.383351100
.396377401
.386594700
.504444500
.409130500
.456789000
.370886700
.497016500
.458938500
.403667500
.458333200
.606881400
.429747000
.361960299
.322061300
.467913700
.415843300
.368196600
.389046100
.741962700
.351878500
.340110300
.367133899
.516997000
.330322800
.347563401
.383601999
.547605801
.327785499
.527724601
.359398100
.523877900
.488598899
.386366100
.330231300
.461806401
.438341700
.548399200
.440111499
.574981401
.451121000
.313941500
.421473500
.432210700
.374532600
.397187400
.362579000
.380388200
.343986700
.330010100
.435125700
.425090900
.392860300
.330022700
.386491100
.428279800
.353002400
.314560900
.375635900
.432416600
.301119400
.359033300
.399051500
.404015700
.324805600
.330287200
.357942999
.474762500
.345458900
.312422300
.373730601
.406365300
.314496700
.286502000
.397963400
.404678300
.386387000
.320969800
.405390900
.461118300
.339342100
.401021199
.370635501
.429822200
.359924300
.284695900
.326767400
.406174800
.314500800
.310650700
.387478200
.420956200
.435785600
.345374700
.388469000
.449380400
.344923400
.313524100
.435096000
.504329400
.344683800
.402848699
.472135900
.441998200
.324602302
.384375898
.381925100
.426323900
.338807600
.362842001
.420633500
.479825700
.396136000
.406343700
.330521400
.398353300
.385989500
.363187200
.413307700
