.230678100
.230034101
.230577400
.230783700
.231561300
.231470500
.225715400
.231590900
.232083900
.226958900
.225130900
.238458501
.220940100
.230116900
.230877900
.231198100
.234986400
.228312899
.227623101
.231513201
.238901500
.220562100
.238763200
.224417800
.227423500
.232042899
.231729500
.221657200
.230533300
.231504000
.233044001
.226145600
.227402699
.227629901
.219435100
.225787000
.228481500
.224219700
.231329300
.228962500
.232627500
.232462000
.224734800
.225337500
.231547100
.231798001
.221873700
.218049300
.217607400
.230468300
.222963900
.225564500
.226889200
.224811600
.214087400
.222217400
.224307800
.220085900
.222327100
.220853699
.226371600
.220837800
.220605600
.224572900
.224614600
.224209701
.218233000
.210706500
.219301000
.221529200
.225520400
.225537600
.222099100
.224100100
.221086500
.229652500
.224179900
.223339100
.220819700
.220833800
.223762400
.221791300
.220899400
.220050400
.222477100
.224329399
.210886300
.197922300
.198691200
.213278200
.226947300
.220582100
.226126400
.227871800
.223063000
.228234200
.229615601
.223665000
.224311700
.214193500
.219687100
.225217000
.221233200
.217775600
.225443000
.229167000
.223331500
.212250100
.197630400
.199680500
.228912200
.222406399
.218317600
.224493100
.224385200
.225635400
.227251100
.225229400
.225970500
.216459501
.231543400
.226527200
.223197100
.224678200
.220797900
.220649300
.222494400
.224414100
.223383800
.225350800
.226316700
.226923300
.226734399
.219828500
.225980100
.230524300
.223994200
.219568900
.222931701
.227945700
.222008400
.214637600
.220341000
.224710200
.225609800
.227382499
.226364000
.225454800
.219226300
.216758800
.228736100
.224720601
.222692700
.220533900
.225050600
.228132800
.220999000
.229070500
.223519900
.228359400
.220669300
.226364700
.224972400
.218893800
.215145300
.229957599
.222652200
.225408400
.217650500
.226125200
.227452000
.220473301
.226487800
.225839000
.223699700
.219694199
.226360000
.226167002
.226199800
.227604600
.226157700
.222962600
.221023500
.221745300
.222032399
.223889200
.222133700
.223675400
.232184200
.222365600
.229997801
.222749299
.222023700
.218741300
.226693200
.223617901
.235783900
.219948599
.230584500
.223712000
.214527700
.218678000
.223511800
.221202400
.224554901
.225136300
.224268400
.222576000
.219127100
.225781600
.226940100
.220320900
.213147200
.210791400
.197484700
.229041100
.219161300
.222035401
.227018799
.223944300
.225048200
.215739800
.218201400
.227714600
.221253900
.225914200
.226396700
.226638600
.215145900
.226331400
.224366401
.224720300
.225917800
.226827800
.223247000
.223752000
.219819800
.222659900
.223036700
.223335800
.223563400
.226548600
.221928600
.223532800
.217241400
.214189900
.225903900
.220257400
.219090200
.242528900
.224348499
.215610900
.221049300
.225559500
.223404600
.230766900
.227314500
.225833599
.220635000
.216840800
.225704900
.222502700
.221552400
.226462601
.223887000
.221555700
.220634300
.223612400
.223776600
.221411100
.215499100
.226206800
.225054100
.227354600
.219855300
.229151400
.222464100
.223325000
.209903800
.206120700
.219641400
.224734700
.221577400
.219410200
.230448200
.229815900
.220186900
.225393100
.221293600
.222166300
.221899000
.220165200
.221548300
.237412300
.232528899
.227505900
.216643200
.213298800
.220722300
.226309800
.221374700
.219758900
.214058000
.225637899
.223578800
.223450900
.225842000
.225280500
.225554700
.220960700
.230969801
.217833300
.222084800
.226589700
.225054800
.225416200
.219185900
.211633700
.214540300
.222562900
.223642500
.225350900
.225698400
.224909199
.220570300
.228286300
.222637200
.224307400
.221508900
.220223300
.228793200
.215613500
.213049900
.199812300
.219600100
.224193100
.222383801
.219567100
.217325300
.225398900
.220250000
.227149200
.225605700
.223094000
.222359500
.232082800
.224041400
.223161800
.227429800
.225031899
.228397200
.215966500
.228755300
.222495400
.222794500
.223116000
.224032001
.226757300
.226095899
.218740300
.229440100
.219455100
.215446801
.222600399
.212614100
.227940000
.223181500
.227492300
.225773002
.225471900
.230836100
.224295600
.226369000
.220901600
.220916600
.224823700
.219249100
.222181100
.220170800
.225343900
.223320200
.223766700
.226715200
.223719000
.220992100
.229625700
.225533800
.220583700
.220771700
.219442799
.224206200
.219966900
.220480600
.220272000
.220196100
.222363901
.221674000
.227400000
.225178500
.220321000
.221636900
.223406499
.223311501
.221400000
.222845200
.227791600
.225360500
.225855800
.220794800
.224967300
.226079300
.221773600
.212447800
.220711800
.222390900
.224374999
.219249800
.219278500
.222227800
.224291800
.217241500
.227503000
.226553000
.217228300
.212553700
.227167000
.225579000
.218709200
.224217101
.224153300
.224276400
.220445500
.226851300
.225342600
.227465100
.221860300
.218783100
.221494600
.222530400
.226470300
.228273900
.221795700
.222453700
.217937800
.212328100
.223453100
.222119900
.214130800
.232358699
.224172101
.226208100
.218648800
.213654300
.221819900
.222667200
.224062200
.226628800
.224663800
.224711800
.218784000
.222397800
.222947800
.225736700
.218325000
.227091800
.222194200
.222490300
.226485900
.225554199
.219101200
.227882000
.226287900
.224557900
.222970400
.218810201
.228196700
.220861700
.219104400
.225714900
.225433300
.223292800
.219085800
.225135900
.225356200
.224678700
.221653500
.227911500
.221348601
.224728299
.221138200
.223572400
.222895600
.223703000
.212204500
.218234400
.224414400
.220495200
.227057300
.226997700
.224773400
.229079300
.225984101
.222861100
.220709100
.227283600
.227513300
.224074700
.214150700
.223319400
.225163300
.226137000
.227279900
.224919100
.226964900
.223105300
.223704600
.223548600
.217863700
.222252100
.216558000
.228314700
.222397399
.225146400
.225244100
.226625500
.224561600
.220237800
.221252800
.222842800
.218559000
.230916000
.225054100
.225878500
.219292600
.225031501
.227858300
.218144300
.214536900
.227122100
.221188100
.219353899
.225601400
.224218200
.222037700
.223452100
.221811300
.219874300
.221413401
.222841300
.226102500
.225083900
.226411600
.222584500
.226958800
.225475900
.226253500
.220853300
.224832300
.229032900
.220501900
.229355500
.223868900
.223712500
.214099200
.226449100
.226166500
.222428900
.226733200
.224550400
.223190800
.234885100
.216761000
.219595099
.221735401
.214167000
.226687800
.225253101
.223547201
.214814000
.226864001
.228649200
.218589400
.220772400
.224936000
.222677500
.224925800
.224272400
.224304100
.221080600
.222808900
.221189200
.219157800
.223512599
.218186001
.224622000
.227238500
.223770300
.219694000
.224321400
.228879400
.226001000
.223773400
.219300100
.225962400
.224107400
.224883400
.228962499
.224590000
.221623700
.215437500
.226899000
.222707500
.222120501
.228320399
.224918599
.241857599
.222672002
.225195401
.222218499
.225522799
.225595600
.228148800
.220061100
.222056101
.227252100
.224136500
.228492400
.223218200
.219591800
.231507400
.221777800
.216396700
.223030500
.221350100
.226744700
.224917100
.237545800
.225804400
.230302299
.223219800
.228490900
.225193800
.226821200
.229304601
.230869300
.231323699
.226113300
.215948700
.224562900
.223376500
.237467700
.232481101
.233364900
.226931500
.224179800
.227882000
.232887400
.228907400
.223617800
.217866200
.225961600
.226277500
.226619200
.228161500
.230331300
.231391500
.219811300
.229667900
.219737000
.221918300
.234052000
.225312099
.226510800
.233644400
.231948800
.229626100
.220803300
.224018900
.239539699
.232342200
.232456700
.223369800
.226413500
.228320300
.225058699
.227733400
.223821700
.231154100
.230561000
.221001800
.225760901
.224697600
.227879200
.228033200
.226301500
.221993400
.234095500
.225966799
.225985300
.229062200
.226284800
.222449200
.223739100
.225739500
.229165400
.234250400
.231731500
.224910200
.225476900
.239951302
.230744100
.214869600
.231498100
.227323300
.227869200
.229032500
.223026999
.221344600
.225959800
.232002800
.232892500
.226167900
.226877100
.229155601
.234582400
.233665000
.233007700
.220802300
.223934800
.224381200
.221080400
.225731700
.224557800
.228367700
.224594700
.232901101
.224876899
.220866800
.231882900
.226691800
.229075900
.232791100
.226748301
.226716700
.225697800
.230890100
.227111100
.230778600
.225699600
.224110499
.229340600
.223694000
.229524500
.220452000
.227046700
.232801899
.226240800
.222164200
.220893300
.222162800
.225269000
.221227500
.219449100
.222596500
.225593200
.220373300
.225266501
.222934500
.226764099
.223084600
.221473200
.221146800
.220695401
.225204700
.228759500
.229762599
.224581800
.223580600
.222958200
.224541201
.230926800
.224428199
.218881000
.225778200
.225281500
.226711400
.219595400
.228181501
.224622700
.222049900
.221747100
.209858700
.230753300
.225979900
.221078700
.222700100
.229348400
.216557800
.228553700
.225873300
.228546600
.226932500
.227756600
.221468200
.222168600
.220579400
.227600600
.217848900
.224746300
.221528800
.229880400
.224356600
.219438200
.227230700
.225275200
.225944000
.220930500
.219835300
.222556800
.220147400
.214318700
.222226499
.222623300
.224299400
.220400100
.226061600
.222524700
.220541300
.212398400
.211621500
.222340400
.217967300
.228441700
.230151300
.223300901
.225583300
.221642900
.219666900
.222081000
.226487500
.230121899
.225101400
.224146800
.227462400
.226907400
.229856100
.229787600
.229821300
.225548900
.230155400
.230047200
.227360500
.224736000
.227773900
.225254700
.226573300
.223499000
.232539200
.228843500
.222254700
.226115700
.229694300
.223044000
.225631000
.224129500
.226178700
.220374400
.232637200
.230056300
.227881900
.235836000
.221893499
.226649999
.225391000
.231425000
.229485200
.234396600
.228435300
.228343500
.234850800
.231096800
.234953400
.231132300
.221473700
.229880200
.230852400
.230674999
.226487300
.236290100
.232068300
.230386300
.230889600
.230446501
.227674200
.228050400
.231462800
.219515200
.227320600
.230591400
.229574500
.236348700
.225746500
.236252699
.234122000
.232158201
.223585600
.233918600
.227760700
.224849100
.230590000
.232217700
.219430900
.228038500
.226606400
.225153900
.223822100
.224075500
.231146800
.229489399
.222252400
.232111400
.226048400
.232600000
.229637500
.220857401
.225482100
.216284400
.224393000
.227190500
.218221500
.226464800
.227828799
.231891400
.234057300
.221255000
.222682600
.228642200
.224872301
.222702900
.217775600
.227901500
.229425500
.232581600
.233810600
.227991600
.234016400
.231089400
.224511200
.230158400
.233026000
.229454800
.225322400
.223296400
.228741300
.226052000
.229958800
.222364300
.224571401
.226135400
.231508200
.238313900
.219820600
.221406700
.225002700
.228327200
.225112400
.226827300
.230683500
.227282100
.226255600
.230257700
.229082800
.217523600
.230514700
.224598100
.229270800
.230378101
.228574500
.225845000
.232982900
.231458100
.228034100
.229214899
.224100200
.227289500
.231483200
.225139500
.232752000
.231810500
.227834700
.228840700
.225354700
.223375400
.223220200
.219089700
.221507401
.221585500
.223760200
.223191600
.220793700
