.405108100
.327019500
.443231301
.418356000
.477870300
.476979700
.455720300
.429703100
.405654300
.392587600
.402342300
.442503400
.448149799
.446600200
.398661100
.388655400
.405802601
.424369500
.429159800
.368741001
.378335100
.413628200
.457576801
.465437000
.497392600
.431663100
.392685400
.479103400
.393024400
.427931200
.416168799
.434123300
.403297600
.389377501
.443206700
.474523600
.430640400
.425211200
.458886800
.407964200
.388451600
.417022900
.409074800
.392742800
.404907799
.540883500
.459155900
.421238901
.433820900
.398850900
.457949300
.446355900
.397091800
.432744400
.450070300
.430676000
.384840300
.431822100
.437225401
.422957800
.405585800
.384581100
.418363400
.406042500
.428965200
.379821200
.389188200
.370874100
.430400900
.476605100
.372496800
.437776800
.424273000
.425659300
.470007800
.467730900
.383564800
.392792400
.380709700
.438462899
.472323600
.465235800
.492497901
.442928300
.487034500
.476384299
.454786800
.409000200
.427611500
.476826801
.468007300
.418603700
.394458500
.403387800
.422006000
.379752300
.413859200
.460046000
.430965500
.425454800
.425992000
.436305400
.451725600
.446626200
.463149600
.542466800
.439612601
.486583300
.359226800
.434740100
.417463600
.413223900
.380002300
.480368399
.367234400
.386732900
.414820201
.451150400
.415116500
.452603000
.512391099
.462387600
.395585700
.449747801
.362656400
.392537600
.405367600
.475911000
.552128100
.434175800
.440042500
.408188400
.432638600
.387338900
.452106800
.392457300
.477972999
.451869700
.388276600
.368816600
.458412200
.456661600
.414503700
.435845000
.459322400
.452137700
.428706400
.467659699
.366350300
.415604500
.387253902
.410124500
.429803000
.452943400
.444380501
.413009700
.392996300
.414300000
.420377600
.393127300
.414289900
.418400799
.387522400
.475006400
.426153701
.420707400
.439030900
.416560400
.414792400
.431378500
.396911300
.377565000
.414054500
.378531100
.359202800
.383248901
.433733900
.410358300
.428274100
.468115300
.406022500
.509504000
.514706000
.409070900
.456891600
.431337700
.393074799
.453423400
.449200800
.448007799
.428301800
.442033800
.401504800
.418122400
.422563100
.440234000
.423711001
.442425700
.472409500
.467076600
.475044900
.412290600
.389195699
.423744201
.400339799
.371379599
.384531799
.372493300
.388561300
.377087900
.377153000
.408340100
.449285500
.405676200
.448271600
.412078300
.483478800
.507084100
.427265200
.421653100
.480130000
.419371800
.466964200
.391221900
.463108500
.447314300
.430133100
.375424100
.432245300
.423265500
.377323000
.408774800
.388738700
.391701800
.382958300
.455770100
.473558000
.400153900
.418626299
.423842400
.387537000
.400954201
.468144499
.386370900
.414617600
.387897100
.394954700
.395547300
.434498000
.479848599
.439400100
.362216200
.427551201
.379387400
.406499500
.395972700
.373269600
.366671700
.361799400
.600662400
.430923500
.401736300
.412732100
.543865800
.459862900
.429804300
.444382400
.431796400
.429164100
.412581000
.388460700
.416309200
.404497600
.424096500
.427207500
.414628000
.387405300
.416285100
.460991000
.392510500
.389463099
.407101300
.382470900
.424818400
.450096500
.439868000
.433708500
.503986301
.391179200
.409583799
.425548900
.418519301
.492614000
.471235300
.396570499
.433964600
.439664200
.477888200
.439844000
.402155000
.392271600
.403918400
.463986001
.392432400
.396013999
.422043000
.373996700
.386040300
.445447401
.494384700
.423037100
.416200500
.408689100
.390143700
.435645600
.374508900
.432554900
.426937100
.387884200
.429610800
.432446400
.413850600
.424309900
.394075700
.391656400
.415199200
.400406800
.376866800
.365673700
.368400800
.375271999
.408950200
.361557001
.402344699
.527644699
.428223400
.379497200
.458660200
.415093900
.404195601
.392265800
.417336400
.357238700
.378743900
.422476600
.426603700
.467874000
.399096300
.415687000
.477620000
.488792699
.598795901
.514706200
.566332400
.596914700
.532358700
.479682400
.527863800
.400175300
.487184399
.455528600
.406418500
.429357000
.471524201
.405813500
.464040400
.420824900
.395638800
.391513000
.418738500
.436005600
.434040600
.417454300
.481731700
.454096600
.446521500
.415200400
.443728200
.446536200
.451523400
.418101000
.431291800
.393359600
.384444900
.424156100
.419871100
.395972100
.424191700
.382729700
.398909800
.418256999
.472914601
.473870000
.420351900
.454665100
.446522800
.425707300
.392809600
.397620099
.363785600
.366778100
.503453901
.459459500
.449547800
.393000900
.411780200
.409651300
.393254799
.452873300
.370173700
.397281000
.373044000
.510586301
.379987500
.426454800
.467760900
.406400600
.376482800
.401313700
.408203900
.446804000
.367797300
.382977600
.365960200
.383414900
.432233699
.388681401
.431438400
.400212600
.404572000
.510613200
.602604799
.411498500
.431053701
.431829800
.450783199
.467862600
.391407800
.446184501
.395840500
.490886200
.470838400
.476483900
.392155300
.414231100
.416683800
.490054000
.403713000
.390459600
.424617800
.632120700
.477776300
.481643500
.394909300
.438410100
.391657300
.460029299
.406000100
.412952700
.360019800
.493233901
.454760900
.426280500
.411764200
.417958500
.420861300
.376929600
.401856600
.424831800
.368642000
.427191000
.432104500
.412775100
.446908100
.459668200
.434134500
.386016400
.463878500
.413351500
.470021000
.409241101
.388043000
.386541100
.362414000
.417688000
.480604200
.437952700
.421816900
.387983999
.406056800
.393018800
.469724501
.383789300
.365363000
.415055599
.379817401
.422907100
.482510200
.476152100
.406735700
.388356200
.405095100
.409829699
.424347700
.374123400
.385146800
.385411500
.387251800
.427125700
.430971601
.441120600
.446094200
.433902801
.446925400
.378119700
.420730100
.365751999
.393412100
.359046900
.376344800
.428285000
.392763800
.441026000
.395805700
.443271900
.495142100
.436339800
.435358499
.570225300
.452831100
.389295601
.425248000
.383448100
.440075900
.465014799
.431732700
.439958700
.413109501
.405468900
.414358100
.399812000
.395562900
.388232200
.363041900
.427975600
.474617599
.483879200
.441867500
.422100901
.395818800
.401001300
.409939200
.411924200
.408497600
.401744800
.412973800
.453427600
.433939100
.473691600
.424194100
.421492400
.388704200
.397751099
.478985700
.401253900
.393841801
.448248000
.403020000
.433468100
.463122700
.442182100
.418030800
.402139999
.418824700
.401762900
.382745300
.422699801
.444102800
.416451400
.376881900
.413138999
.439286000
.431832900
.431968099
.405308500
.376181400
.400904700
.446573801
.407161000
.442671300
.425710600
.382253600
.425982000
.435109600
.460815600
.402967100
.409691200
.378661500
.418680500
.409445000
.363043800
.426072399
.363699400
.418663500
.452012100
.394998801
.481747800
.428553000
.476235700
.412026600
.500020500
.406759000
.424284000
.445824400
.448741500
.490546600
.472946100
.445175400
.440765000
.447848600
.420361900
.444580800
.416905200
.391102300
.450063900
.402059700
.447213000
.429221300
.422528700
.458235300
.448402300
.386570300
.428371901
.389887500
.426013399
.407543700
.407872800
.379315300
.377483000
.413957400
.380264000
.429542500
.438087799
.458771100
.480558100
.404200200
.434577399
.465711501
.393665200
.507597600
.399881900
.445636699
.446303901
.474513600
.406277400
.380605700
.440287601
.378301400
.417088200
.387580499
.397599701
.439582900
.368894900
.393731100
.444798800
.396308600
.421759400
.483159599
.472780700
.447462200
.393057201
.432826400
.464084600
.420556600
.419796500
.464524800
.468584200
.457064800
.442898200
.414111900
.388998601
.429985900
.507862200
.385068800
.525447100
.404039500
.400446500
.453638199
.431999800
.429020100
.391929801
.404866400
.384042600
.411815100
.392108199
.472565900
.422783900
.416796800
.432702101
.418026900
.444347300
.433388500
.409129000
.378276800
.400724800
.473044900
.384557900
.400503400
.431831099
.398946100
.443351700
.446844600
.466768701
.403534400
.401275500
.433885000
.334845500
.435040700
.385373300
.389863300
.420445100
.422879000
.459409500
.443370600
.456603700
.471345000
.453098600
.371138300
.372350900
.414343000
.389828200
.373119700
.380980299
.405267201
.410328200
.403821600
.398039700
.413872199
.427908600
.412317100
.448706101
.412646800
.442705100
.415631500
.422900699
.450289100
.431282100
.411455901
.451952000
.430170700
.385780500
.425385900
.402964300
.405998800
.372956800
.410053899
.374112400
.388992000
.410390200
.448809100
.428245200
.429974100
.390546500
.466024000
.400535000
.431948399
.444383000
.429257300
.370761200
.435010401
.399794400
.442510500
.445169000
.436497900
.429118700
.391399300
.403847900
.384651800
.387784500
.356202600
.404968500
.372891200
.418096200
.419674400
.501025100
.431744400
.402897700
.498863800
.409876400
.433383700
.467728100
.410356000
.377125000
.453325200
.418507000
.458590299
.476437000
.388678401
.684320700
.431113100
.450659700
.446408800
.412667300
.386840900
.447812800
.473905100
.460939800
.459409700
.407899700
.433486900
.408699100
.386644400
.376036900
.373432401
.454907300
.385532500
.384021500
.384452200
.406341100
.394007800
.433836199
.422306901
.468594200
.487782700
.472729099
.434522700
.480076100
.425059701
.430654400
.441857700
.461067100
.479956500
.415280000
.401408800
.400521500
.407242400
.365875800
.404624400
.470041000
.401957100
.416651800
.411301200
.421310399
.392476700
.400052800
.507561001
.413310700
.412249500
.439978600
.407974600
.410353399
.434804201
.419996599
.446773600
.411351400
.482553500
.432371200
.433365400
.394000700
.437246000
.423594300
.450871800
.443173600
.417001600
.463828900
.437607700
.404900700
.532230000
.307904700
.441177499
.382765400
.408821700
.390294701
.374394500
.541023300
.408635000
.495501300
.433163300
.456298900
.410640599
.398059200
.416110100
.409445400
.381966400
.393679900
.372024400
.403033800
.372981701
.453616600
.384359200
.442327800
.452090200
.400294200
.489605100
.415507600
.396820100
.415998900
.487749300
.416213900
.357212100
.443945600
.503790100
.450961900
.398587600
.424179099
.441168900
.453522600
.415933701
.443126100
.434821800
.404468300
.416214200
.470910800
.410723600
.428042400
.452960600
.406134100
.388003300
.421256000
.412566200
.380969300
.363651300
.408312400
.417930200
.404171200
.444174600
.432730700
.411128900
.373231300
.425399100
.427702100
.394722800
.384238200
.392963600
.371498700
.386192700
.449476700
.389167400
.414128200
.449625500
.411632800
.491491000
.420589200
.477572499
.437262300
.427705800
.400508501
.394813800
.428550000
.414514900
.440631299
.406500300
.421152800
.463393601
.464092500
.431929100
.385273800
.408647500
.404569100
.365415300
.387016300
.476661300
.425121700
.424902100
.404167200
.390303900
.385379000
.404693600
.410647200
.394698900
.363961200
.378171500
.450395500
.388185800
.402552400
.433874299
.403917300
.497721600
.413604201
.428832100
.434470100
.432180500
.427333500
.389488200
.409503800
.382373600
.444926600
.457229900
.388957600
.439131999
.460433700
.419956200
.448888301
.430015800
.369352200
.409880700
.450357300
.463677000
.406579700
.436568000
