.248201900
.255534200
.243998600
.247632900
.254052400
.255322700
.251023800
.253134400
.248840601
.241353200
.250263300
.247667100
.242849200
.257623700
.244383200
.248168800
.255116200
.251740300
.256928699
.247202901
.246385200
.252119900
.247140900
.250338600
.253089500
.248673700
.249339700
.244001100
.246214500
.255503500
.252611200
.249108399
.249127000
.252635300
.240703700
.248660800
.251865300
.255315501
.243956000
.251888000
.245835500
.252963500
.238962200
.242946900
.247621500
.248613200
.243043200
.248587700
.246903000
.250578800
.233147700
.249008100
.241779000
.237012300
.237016000
.237092400
.246409200
.239305800
.238912400
.238042100
.249746100
.259626899
.237983200
.243879700
.239139300
.248071600
.249684300
.243295301
.249778600
.247605300
.237977200
.248632800
.237992800
.240536700
.239169200
.236190800
.239937100
.244654100
.242601800
.241154200
.238285900
.249362600
.240624200
.244731900
.241042100
.250611100
.241248400
.245895400
.244546200
.238981700
.247244900
.241672200
.251968200
.244098100
.249461500
.240231400
.248736000
.239779400
.245617600
.246399900
.237251400
.247015900
.234300500
.249501300
.236428101
.246699100
.248484200
.244321600
.245078600
.246657900
.245534201
.250852300
.241406400
.251323999
.255300000
.245843201
.246521900
.252417100
.259266400
.246749200
.240915499
.241750600
.232728400
.248770100
.245922300
.247581201
.245945000
.252869199
.241225300
.249590000
.241046300
.243680500
.243613200
.247378401
.238703500
.244884600
.243998600
.250224900
.242445200
.238144899
.241509501
.232881700
.244113400
.238517700
.245908200
.243026300
.245219700
.242148900
.235679900
.247980100
.240195600
.243860100
.241077500
.248979400
.249103000
.243368500
.246612300
.246988700
.246697099
.251685400
.245680700
.243438300
.251546600
.252550002
.243841600
.245855100
.246856800
.245044700
.253509200
.240617400
.241105701
.239952600
.246155800
.253452100
.248260300
.253277299
.246293600
.256880800
.251739500
.252305900
.246287000
.252758399
.249990300
.250400700
.250804000
.245735300
.244953400
.255186501
.253923100
.260922501
.244301599
.371249300
.262838306
.257053600
.244997000
.248137300
.253370901
.254905799
.246253901
.240597800
.236862500
.243810000
.256721800
.242944200
.254104200
.245321000
.249035300
.238563000
.259702500
.253829100
.260058200
.247224000
.256742200
.250374300
.247851500
.246507600
.241487400
.236322200
.246687200
.243029000
.246535600
.232383700
.246642200
.241808600
.246245400
.240293700
.250218700
.237240500
.230995900
.242783300
.244273500
.246502600
.240730800
.234569000
.243546700
.241468700
.243242100
.240445500
.233717500
.251322600
.241839900
.244476201
.243849100
.239685400
.237416099
.237996200
.246644901
.239597000
.246315000
.241226300
.240621400
.244123200
.248879700
.242114301
.241081200
.244725100
.239646100
.247092000
.243823200
.249131899
.243189700
.246517300
.241905100
.248264200
.249042700
.238735400
.238687000
.247790000
.240866600
.245407400
.240021302
.233715000
.243606100
.240567900
.242232500
.243941600
.238234500
.240847900
.240089100
.249077500
.236346000
.237661800
.246628100
.246715800
.239188300
.246597400
.242392200
.240427500
.246657400
.253185600
.241323200
.244664300
.242376300
.246190700
.246369800
.232109699
.235369100
.238763300
.228508500
.241640200
.236774000
.240953201
.239205600
.250659600
.242760600
.232506600
.234051000
.239127200
.236429900
.244662200
.245797300
.240777200
.229414000
.242137900
.246731800
.241808200
.236557900
.244753100
.245060800
.239785400
.245371500
.247249200
.239242200
.232082900
.244313100
.241557100
.236274899
.233728600
.237294900
.243903100
.245633200
.244245100
.239361501
.239648900
.245981300
.246603300
.239772200
.240739400
.239035500
.253949900
.244195900
.238860700
.240542500
.233845000
.248960399
.232797400
.245778800
.243125901
.236932400
.244217999
.232515500
.243874500
.240727300
.247508101
.248122800
.247909800
.238762000
.252550900
.241268500
.240151700
.244890600
.251122600
.242470700
.249136000
.250566600
.244586700
.242192100
.246911500
.236136600
.242134900
.244979600
.241119400
.240769500
.243894200
.243467700
.231537200
.235666200
.239071700
.243790200
.248970500
.241816300
.233841000
.245926400
.242996400
.242148900
.247449100
.242548899
.247100600
.241357200
.252272400
.243323400
.246931600
.240588901
.250414700
.247772600
.237804400
.236461700
.247666200
.245299800
.236082000
.246556000
.246644100
.242263400
.247633600
.247402300
.238622200
.248633300
.239128000
.246568200
.251190500
.245201499
.235807600
.244581700
.242877000
.233815200
.240482300
.233059101
.246081500
.241688800
.248787400
.240699500
.248230000
.242112400
.247194200
.245546400
.245419800
.243084500
.238315600
.243872300
.240784601
.245509900
.245470300
.247636400
.246458700
.250667400
.244315200
.242476500
.237709800
.239102900
.247751800
.246098600
.243259600
.244463400
.243632200
.253322000
.242650800
.247202700
.251807100
.251068100
.245016200
.234951300
.244784400
.245558500
.259507900
.256943100
.249126400
.237255100
.237267900
.234658400
.254077900
.241198900
.250169500
.254407600
.247697600
.235656000
.250767100
.251637000
.250690700
.241453700
.248363800
.249529300
.242643200
.242267699
.241805800
.241407000
.248032300
.240789901
.241658500
.249186400
.235089900
.238169700
.250241600
.235769700
.244717800
.247250600
.260840600
.239927100
.247327000
.250520800
.247336700
.235621800
.231607100
.245703200
.241399000
.247982100
.241765000
.248819200
.235394100
.245194400
.244081100
.248226300
.251899300
.258225000
.247823200
.249027900
.248726899
.249362501
.243378200
.241152600
.236208600
.252627800
.240072000
.249688900
.244384300
.250759300
.250434500
.246846900
.251872900
.250480100
.246045400
.244824300
.243039100
.245480500
.245546700
.256067700
.244047700
.238728800
.232419500
.249472100
.244754300
.247013999
.243770800
.249587300
.242600400
.266346700
.246498500
.249926301
.248473600
.242699500
.251718500
.252528100
.238949600
.239747100
.243158900
.249695600
.257190200
.247435800
.236873100
.250419900
.238431300
.236540400
.241013900
.248935200
.250480600
.243825100
.240754300
.255652100
.255652300
.243057700
.240514700
.249134799
.242062300
.248135000
.239049200
.237476500
.236296700
.244368101
.245854200
.233078900
.246664400
.248458800
.246279500
.247603399
.244178100
.243738900
.246846100
.248919100
.239880100
.239357200
.245420000
.241911100
.251446500
.248835600
.237472200
.241952201
.238561600
.235848600
.240703000
.247268000
.243043700
.246771600
.240139300
.251517200
.240859200
.246929400
.243359200
.238519500
.246231100
.239408600
.240680900
.242453400
.248242900
.244344300
.235741900
.245649100
.241458501
.249704699
.249041300
.245818200
.246237700
.245283700
.255595500
.245970400
.248704100
.246375800
.243018100
.244616500
.247109100
.235164000
.248816300
.242399100
.245846400
.242812700
.236699000
.242512300
.243788900
.256707099
.247156000
.254522600
.239170200
.251172400
.246868300
.249378400
.244673200
.241668500
.252922400
.249830100
.234586300
.238686500
.239359300
.244460500
.254094700
.248530300
.241982800
.242297100
.250211600
.253209000
.250194800
.249617800
.244070700
.248580800
.242460900
.241438900
.255564200
.250865200
.243586500
.241736300
.239344800
.246511800
.243146300
.247168000
.243196800
.237691500
.247903400
.249518700
.248518300
.237718800
.238447100
.235114200
.246864700
.243799300
.249272700
.240797700
.244850200
.254552300
.246889200
.243542800
.248020000
.242726500
.250368800
.242124100
.239392300
.246583200
.247311600
.246515200
.246391600
.246108200
.242627400
.243208900
.240558500
.255110100
.252754600
.245175900
.251150900
.235037400
.249764300
.237543300
.246177600
.255259200
.245456100
.244286100
.244562900
.251845400
.238863200
.240965400
.233552600
.235983400
.246303600
.247047300
.245327100
.250037900
.245714600
.253192900
.241113100
.245769800
.238958899
.244590901
.244346500
.244168200
.245889500
.248617900
.247939400
.250898700
.237855300
.237213500
.247265800
.233376999
.239558600
.237502900
.236548901
.245556700
.247153500
.243495200
.243735300
.243754099
.229905300
.242451800
.245752200
.235838800
.241626600
.245693500
.240799701
.243098800
.242090400
.230671500
.244005100
.239300200
.240330600
.236045900
.246931000
.242615200
.243047100
.253308900
.236649799
.239764200
.244529200
.235432000
.238414800
.239640200
.243740700
.248950000
.250618000
.250998000
.253217100
.237103100
.245670501
.249446200
.252771400
.243316400
.253172700
.253447800
.254178699
.251835100
.237876600
.243432700
.239953800
.254054900
.247306201
.245416800
.249707500
.254769400
.242921900
.242930300
.244127599
.251015800
.255887400
.249493600
.253713400
.251668902
.255564700
.242801800
.253801700
.239505800
.249785300
.244954800
.246998200
.245588300
.248679600
.251631000
.251541200
.236135801
.248748600
.240419600
.247704100
.250170600
.245821500
.247773800
.245908800
.242688800
.255119599
.244250100
.240880500
.250694001
.254685700
.253285699
.255595700
.247544100
.251790700
.243730601
.244300300
.246087500
.256206100
.249850400
.249521900
.252331099
.241963700
.248895700
.251780100
.255096500
.248934300
.246462201
.250212200
.255557300
.236818300
.254144800
.242481700
.247187700
.266992700
.250879400
.252753000
.252815600
.251535300
.251189400
.235413200
.244269200
.250067000
.242120500
.247477900
.250139599
.256001100
.257523700
.255304600
.249087600
.256401601
.256556300
.249782300
.247631800
.261013100
.251693600
.251225800
.253123300
.243076600
.243128100
.245000100
.256466399
.254147899
.249795500
.255973600
.255512100
.246838100
.244544001
.251971099
.253309600
.260119000
.247127100
.252126300
.256549200
.244216600
.254625200
.247090800
.254488200
.241232600
.275063500
.236390101
.251676000
.238560800
.244728600
.246966000
.247085400
.259795300
.246757800
.253784500
.249571400
.250159800
.253256700
.243768099
.242583700
.255277000
.247083500
.251773000
.248708001
.257688900
.246620700
.251085200
.248266500
.255888900
.247918400
.285282600
.249434000
.239096900
.246359800
.241071400
.242667999
.241559100
.246156100
.246670500
.241351200
.252816800
.245041101
.237747600
.245911300
.241686800
.246807800
.244091100
.233394600
.242362500
.239597600
.237007700
.241236500
.248186300
.242274700
.239833900
.244001300
.248480000
.255239600
.250777500
.242082900
.246500100
.241743500
.243710499
.238655000
.246957300
.243881501
.233717300
.250385300
.239606400
.247969200
.243348500
.243310100
.245920700
.246040300
.244080500
.237072800
.234718200
.236582700
.241945699
.244416100
.243718600
.239603700
.249325100
.242632901
.236680000
.243817500
.249234200
.247558700
.250125500
.247361101
.244274100
.236768600
.250611400
.239773900
.244837400
.242202600
.240914099
.243184800
.240377300
.249622500
.242744500
.245064400
.243803601
.245614200
.244857500
.256796500
.250595200
.242911900
.247103499
.251439900
.250068200
.241635400
.254316700
.248445901
.248464400
.250547800
.248402400
.248999400
.240086000
.252842100
.243858900
.245501900
.239787600
