.265968700
.263636901
.266575200
.263234000
.264385500
.266461400
.259958299
.262776301
.270402000
.252016800
.265046600
.272599800
.262597800
.263524100
.266531700
.268510400
.268026400
.266954800
.258382500
.268156200
.267311900
.268035700
.263698000
.271097100
.262297300
.262616800
.262407600
.263312100
.268609400
.263715500
.264549700
.259447000
.263017200
.266307300
.267513400
.261974300
.268918100
.259050700
.257601400
.264511100
.263696600
.266704600
.265141700
.263097000
.260281300
.270130800
.257838000
.266193500
.268525000
.256141600
.250832500
.253657400
.256471100
.261083400
.255784300
.262247400
.267119800
.257773299
.257639500
.262764500
.258487500
.260229600
.250815901
.252053200
.267963300
.258023800
.259349600
.260673500
.259382899
.261694300
.254445600
.262288100
.261634000
.265242900
.255671900
.251412200
.259999900
.260198400
.259464400
.253750301
.263978300
.257244500
.258929000
.259585300
.259466100
.260606000
.252736500
.257495500
.260769500
.262415200
.257928300
.265779700
.258896900
.265223800
.260788700
.254789300
.264368200
.256683100
.254517400
.255629100
.262675500
.263324400
.261876600
.256483300
.263499100
.254699900
.256049900
.252557100
.254198200
.265832900
.252753100
.258653400
.261658900
.251517100
.258309100
.254862900
.255148200
.265561900
.256531800
.265771000
.266631800
.254503900
.260155500
.254742100
.256493000
.262094200
.251780100
.260131500
.253459000
.261078200
.260099700
.249382600
.258417600
.263310000
.257614100
.260244200
.258062800
.262657800
.257880500
.263485400
.260191700
.261003800
.247142400
.264903400
.254955000
.260763900
.267348700
.257586800
.263372100
.265412500
.256973800
.255372700
.267684700
.257293900
.258779200
.254997000
.260014000
.263604200
.250355900
.266131000
.265778100
.256633700
.264606800
.261970800
.257222100
.261689300
.259628500
.254051700
.261820600
.259044100
.260099700
.251630700
.263346300
.260737700
.255014200
.261397700
.263669300
.259481200
.257305300
.263639700
.258158400
.264812800
.258125599
.251207800
.261942800
.264356200
.261248000
.263880301
.262764100
.260237800
.256041500
.254317700
.261903900
.265356300
.256737500
.264492900
.256394300
.259330100
.263151100
.253368499
.260804800
.259486500
.257414500
.258920900
.255197699
.258351200
.261599000
.257414400
.263264600
.253142400
.253052400
.251364400
.259016100
.257331400
.257375300
.261836300
.266279001
.255077500
.264430300
.263361400
.259075600
.269751100
.270872100
.262262400
.264546500
.266964700
.264478100
.264608500
.283823000
.270876300
.261238800
.265058800
.271009799
.254042700
.255810300
.263918700
.270295500
.266558500
.263277700
.251000100
.259917000
.265564100
.261045300
.268581302
.275522100
.259446300
.262537100
.267770800
.270732200
.256229299
.261966200
.257667700
.258298700
.265141800
.262072700
.265723701
.259206000
.257299000
.260010700
.261184000
.258040300
.263573100
.256374800
.252753700
.262550100
.256624800
.260791099
.252666900
.254934000
.257110400
.254977800
.261561500
.261624400
.261136500
.276179900
.262070200
.261543800
.265541601
.251063900
.260129100
.260681700
.257261100
.261161300
.261751800
.257391300
.263586300
.257919300
.258987400
.262822800
.258651500
.263635800
.264628100
.256240700
.260832300
.260986300
.258825100
.260538200
.262823900
.260113900
.259060300
.268487599
.256468200
.270820400
.264038600
.259851300
.259492201
.259945700
.254918300
.263959600
.259772000
.263115500
.260780000
.273302400
.263537600
.259760700
.257544200
.278253300
.266173999
.253400500
.262827400
.270747900
.264019000
.264831501
.282223100
.264331000
.261334500
.262636700
.263365600
.268227599
.259386400
.260976500
.259182800
.264435600
.255159101
.256570700
.270052600
.259727200
.264985100
.272109100
.263286299
.267379000
.259349500
.262734200
.255800100
.262494300
.260947800
.257632900
.248646800
.262440600
.261237000
.262682101
.260969300
.267690800
.264851400
.259137100
.264837800
.262837799
.256598400
.258407200
.263937100
.262004800
.264148301
.260082500
.264626400
.265430600
.256392500
.256858000
.266644601
.254585700
.266529100
.264051200
.251458900
.262490900
.258421100
.260794900
.261841700
.256902000
.261333200
.266058100
.258994600
.264022000
.267845300
.262651300
.260307100
.254996800
.261532800
.262684500
.268645900
.256212300
.265908600
.262482000
.262795300
.266480299
.255407200
.253214900
.258793801
.260848600
.264585900
.264716100
.256329600
.267066100
.267238600
.257099700
.260794500
.269022900
.256381600
.262028000
.262503200
.260788600
.265750300
.263614000
.267550800
.265388599
.262576600
.255158400
.265626900
.270214100
.260114200
.263367200
.264380500
.264218000
.260376900
.263396800
.255537601
.265886100
.264443000
.256647300
.267015900
.264227500
.257833299
.261259900
.251593700
.263897300
.266125900
.251392200
.260792700
.263597600
.255695500
.258643600
.260423300
.258733401
.262414700
.254011200
.263378400
.262906000
.259753600
.258606400
.256834500
.256526400
.260549700
.256071400
.261028700
.264552700
.257779500
.262386800
.264923000
.259672800
.264692099
.253327600
.254296600
.269446100
.261168000
.257259600
.261187401
.255917300
.263484200
.263877500
.260175100
.269942400
.268892399
.249615900
.263795800
.253781700
.261573700
.261594901
.250093500
.266297200
.265647900
.259758100
.277649500
.269534100
.255058800
.256120200
.259717500
.264404800
.262623899
.263289600
.255868200
.263882200
.266118100
.263448400
.264390401
.255941800
.266674500
.259146500
.262032800
.256982000
.266696400
.256891400
.256966100
.260168800
.264930500
.267692699
.259940300
.258619000
.261401400
.262640000
.258673000
.264075800
.264676900
.261015900
.263217900
.254181100
.257299499
.264692001
.252109700
.260215400
.260829100
.257871800
.264079800
.266428800
.260946700
.263294800
.264919500
.270618300
.263494601
.264442500
.257397200
.253609599
.251367899
.255378900
.262936899
.258520100
.263112100
.260921700
.256145900
.262614001
.256269100
.252504900
.262934300
.259693300
.262999400
.254182799
.265910800
.259524600
.251476500
.257025200
.267278800
.262171900
.262259500
.264114700
.260908400
.262089400
.265411401
.258357000
.263244500
.264988300
.265852300
.262965400
.262863799
.258560500
.261665000
.265450300
.257050500
.267792001
.263593900
.254340300
.259677000
.257440200
.260954700
.258029800
.258002600
.269912800
.264747800
.262728300
.257424700
.267536800
.259956900
.262763900
.263741700
.259641700
.261914700
.241483701
.255418500
.260491100
.259674700
.255591000
.254779900
.257684000
.266771300
.259440200
.260177300
.271290000
.271733799
.256377300
.264593100
.266867100
.263079300
.269665701
.254175500
.256043700
.268566500
.259025700
.261766900
.256841199
.264401900
.262898000
.246941800
.258615600
.265821900
.264419401
.261705200
.268734500
.260707200
.257009800
.261416100
.253980100
.267035900
.261666900
.262154800
.263543800
.260583699
.260950900
.260135200
.260731200
.263574200
.261823201
.262787299
.254424600
.265876700
.255385300
.264648400
.264731900
.261649200
.258505000
.264797100
.252019000
.259731700
.256919800
.259177600
.264948900
.258287500
.262894700
.263712100
.262651399
.261356600
.262177300
.255932900
.260473800
.256730501
.258186000
.263646700
.249728800
.264340300
.261750500
.256321800
.262511700
.262389600
.259180600
.259587600
.261940700
.257853799
.260148300
.257106500
.260093100
.260950300
.263463301
.256771100
.260323100
.260329900
.264809300
.251755200
.264788100
.263740900
.254684300
.260637700
.262309300
.260454600
.261735200
.256004000
.261369800
.263827099
.257499301
.260240899
.265005300
.263276800
.268986900
.288171900
.270911100
.310684799
.339417300
.261339000
.251069300
.259913700
.258917700
.256429800
.259889900
.262650100
.257916200
.262778000
.262726100
.264707000
.260455200
.265295400
.259430100
.261904201
.254746300
.256737900
.263595700
.257070100
.257269200
.265935399
.254799000
.263679400
.258272400
.253774100
.263880601
.264530099
.263577700
.267057400
.275772200
.265282600
.258670900
.259647700
.261308400
.264402700
.255417600
.262436500
.267323700
.252016300
.258318200
.263979600
.258149100
.270810799
.271611400
.255394800
.269605200
.271752400
.251659700
.265825100
.271750500
.257810900
.263710800
.265418700
.265975301
.257596900
.260572300
.259221100
.261915200
.265754200
.259756200
.260832400
.264653000
.263087300
.262457600
.264501100
.264879899
.266402400
.258898900
.262245000
.262707600
.266504701
.256355600
.259523800
.246656700
.254276900
.259959000
.256899500
.264711000
.258951300
.258002400
.261643000
.255532100
.268607100
.256356400
.256926500
.261328400
.264612400
.255946900
.258585900
.260867500
.259325500
.261859800
.257981800
.261910200
.260053300
.257065300
.261969600
.257684600
.254200700
.259283100
.258434000
.265467300
.265174200
.254840800
.259326099
.264294600
.257336400
.257070200
.249581300
.264668400
.271946100
.253422300
.261810800
.264736800
.265129000
.263085800
.267771000
.264934900
.262463300
.261665500
.252925000
.262687101
.266206800
.265235500
.264779300
.269095200
.266347700
.261737700
.269343500
.253294400
.260276800
.264297800
.254826899
.266865201
.262603700
.255033600
.261993300
.245685700
.261457700
.261599900
.262798100
.263118900
.260962400
.258781000
.260737999
.253904800
.260902400
.254992600
.251983000
.262736002
.256476299
.252119600
.263550100
.258633000
.258628700
.262526901
.257702100
.266219400
.265540400
.254303400
.265737400
.254909899
.260095100
.259238200
.254949800
.263245300
.265041801
.253672400
.259506500
.257104800
.260530600
.259140200
.251132600
.262143700
.256472200
.255560500
.260365100
.262151800
.258752300
.267355900
.254328300
.263411400
.259891800
.253931900
.257583800
.250315600
.258696900
.259373500
.258117000
.260651700
.255395400
.258652500
.259385500
.259480000
.267032000
.260656900
.255407700
.266179600
.252790100
.252714300
.259077500
.265849300
.259323400
.264545400
.261073800
.265434200
.264234500
.258666300
.257621400
.249485600
.256466100
.261888800
.254852600
.268254000
.266686700
.257472500
.261017000
.259543000
.252606600
.271421000
.266018900
.260499600
.263963500
.257894900
.259408000
.266057700
.266351300
.261008900
.266035000
.255553700
.262125200
.255925200
.248990000
.268194600
.260684100
.259359701
.261842100
.266416500
.259409400
.267924600
.249936199
.256144700
.269974900
.265063600
.274794100
.268877900
.275242101
.261375200
.261058800
.262948100
.254566900
.261779500
.251096600
.261778900
.261571300
.262999300
.261611200
.261848500
.259939800
.252327700
.258194600
.257078600
.265199000
.252133400
.262174200
.260464800
.256290500
.263961300
.255395901
.256063300
.262784300
.253118900
.265177300
.264275500
.257929700
.254596600
.261146900
.263130000
.262284000
.252672700
.264057700
.268885600
.257734200
.265913000
.264252100
.256982200
.264464100
.262587000
.262183700
.261010200
.268027400
.257344400
.264211700
.260535100
.259935000
.266323900
.260332900
.263585000
.266210800
.263461200
.262735900
.263581100
.263634299
.258819100
.261615300
.259039800
.260399800
.260716700
.257614600
