.319084600
.305948500
.307053899
.292287800
.298870500
.310352000
.301684900
.309882301
.312808500
.300115600
.309897300
.322180699
.304045400
.367723400
.377264000
.312618000
.317296800
.316649501
.308901000
.308212000
.292139600
.296705700
.305514500
.293801600
.316623600
.308988501
.304081300
.317883400
.327999300
.315128600
.294793200
.308248300
.313197700
.291013100
.298901799
.291364701
.289037900
.290296800
.292711100
.292438299
.296606200
.288845500
.283833900
.287830200
.341514900
.358293301
.296195800
.286610200
.287070500
.290819200
.288236800
.287171400
.291753800
.291560000
.294253500
.287589000
.293649900
.288686500
.297234200
.305752900
.292133200
.292456500
.292209300
.290917600
.297320300
.311134999
.289665000
.292333900
.294522000
.285975100
.277924401
.283145600
.298177100
.343390500
.287572600
.281248600
.276649500
.287093500
.284956900
.280954400
.278828799
.276610100
.279823200
.270645200
.274122200
.273883001
.274112700
.271597300
.315287500
.272886500
.265100100
.274425500
.271251899
.274772101
.273034800
.273848300
.277656000
.271469499
.276258900
.289453901
.276651300
.277206101
.281726200
.263159200
.269048300
.272544499
.277792199
.258250099
.309711200
.342984700
.271204000
.269558400
.266839501
.274303700
.277122600
.257539500
.263702100
.288749900
.275247900
.272523600
.266233800
.270379400
.284184400
.275186500
.277990600
.318474500
.303802300
.298498900
.316402400
.311809900
.295771000
.304963600
.292191000
.285215601
.307552700
.324615400
.297611100
.370244200
.298198000
.300199800
.306817400
.301955500
.291264999
.288903200
.297358200
.294198700
.291458600
.273248201
.277074600
.260279000
.282063100
.286164500
.284822099
.282077100
.287942400
.275652900
.272367500
.281952100
.279322501
.284164700
.286086700
.280840500
.270748500
.274748800
.276602700
.328018700
.271201800
.271608400
.271975399
.262034200
.255493500
.266218900
.264803600
.269332202
.264494699
.267950600
.269017700
.270094900
.272957300
.260470900
.268684900
.272581100
.254561000
.265625900
.275318402
.278956800
.271523200
.273045400
.271487800
.272552300
.267331901
.265976300
.273997300
.295564099
.272635899
.272817300
.308598100
.278162000
.285309700
.293179900
.287221400
.287780500
.285823400
.285719600
.281331400
.282624800
.273336199
.282237500
.286597800
.294251000
.283985000
.284357000
.284876900
.291507900
.285579500
.285629900
.288630101
.292111700
.280908300
.265986100
.266633300
.268775100
.264908900
.269992400
.272553200
.267380300
.268680900
.274230600
.303829200
.325138300
.267642100
.262338800
.265258100
.266448700
.258854300
.268448000
.266628200
.265570099
.268348901
.270555000
.271391300
.270396100
.273912100
.266779100
.274676500
.263019600
.272689000
.273308400
.272180299
.278153300
.276235300
.269045800
.267409400
.265495400
.275657301
.271696100
.293235700
.291486500
.289681400
.282224800
.282351500
.345110700
.346851500
.289103800
.299346099
.294536200
.286381000
.284705100
.299855600
.294363401
.294862400
.283978600
.269973600
.274728400
.264740699
.275108000
.264910000
.257032000
.280239401
.280554500
.275196600
.264137700
.265932600
.268742800
.258375400
.265927800
.271263500
.272650100
.265604900
.276322400
.273941499
.267527000
.263563700
.268747500
.274723600
.278012201
.275024300
.274320700
.274934200
.274142600
.259630700
.290362500
.334432900
.268624900
.278009900
.274812300
.272859400
.263918000
.269203400
.280097400
.274152700
.266343800
.269759300
.292207399
.282256800
.271123600
.285589600
.291083501
.277381100
.282021700
.268896100
.282741700
.284571000
.288774600
.310246200
.308964600
.318336500
.312613200
.317639600
.317829300
.282541200
.286864300
.286970400
.287922400
.290252500
.284623500
.349037100
.384533999
.282010600
.288949300
.286356300
.288997400
.289423801
.293629800
.285037500
.278264900
.276181100
.285477100
.278287400
.286783100
.295184000
.289628100
.291989399
.271686400
.268958100
.267496400
.268473200
.273812201
.261027800
.273516100
.270362800
.276457700
.268362200
.273140600
.272641900
.269382900
.265370200
.278131700
.271634200
.266730200
.264483700
.273148000
.267255300
.274828000
.270056399
.311532900
.338781600
.280452500
.273998900
.280459201
.285603300
.275760500
.278938800
.270018100
.270335300
.275514500
.279998800
.266602400
.280920400
.271898599
.278012501
.267595300
.263370300
.269172100
.273203400
.264686800
.269364000
.294709400
.289215900
.272018000
.275019600
.274504300
.272810700
.308730600
.290914700
.296616200
.292820400
.302719300
.290309700
.353221200
.345299399
.289673200
.297539600
.288492500
.294946000
.306988300
.300516500
.309672300
.306692500
.284695700
.306351101
.324280700
.283061300
.297548300
.282917700
.290208700
.277489700
.270256700
.272573700
.261056400
.266631600
.262270300
.267116000
.268208900
.274771400
.265312300
.267340400
.274510400
.271092000
.262526500
.270440999
.270709501
.263669200
.374490200
.268725400
.274344100
.265598100
.334991300
.326282300
.267851300
.276461900
.261475400
.268109800
.277867600
.276814100
.272524100
.277164800
.276147600
.270647900
.260006400
.273072900
.272283100
.266042900
.259285300
.278616400
.282194200
.283969000
.284832100
.286115100
.285740600
.284483500
.283636500
.284211700
.287785399
.290203200
.292770900
.277917900
.276615400
.272166801
.271673200
.277255400
.263024900
.274629600
.312555000
.335302600
.282910800
.281536700
.272285400
.277060300
.276417800
.284736200
.286444300
.282938000
.278024700
.282756100
.286385900
.285578000
.280123200
.271421500
.271181600
.275973200
.276697800
.276784100
.261757700
.262068300
.269412300
.255759600
.270151600
.268486000
.272197800
.268425800
.268264200
.274208200
.276514100
.262337400
.274517100
.293689600
.277371300
.267732100
.273945700
.353973800
.314492700
.277062000
.272923800
.281456200
.291452600
.288432500
.293136700
.296347500
.287723600
.295749900
.292353400
.288745000
.289220200
.301361300
.289208899
.276982500
.273692300
.284716700
.279715700
.266554800
.272920701
.271405300
.268982500
.269349300
.268687000
.260648800
.270503300
.274710100
.272143200
.269211200
.268826700
.269809799
.273824000
.265632400
.269332800
.269726500
.256364000
.262155300
.268814400
.262581000
.276068700
.268952501
.264715399
.272018600
.265779000
.268456000
.266958600
.297587900
.329176700
.263914700
.266579900
.274576300
.261366800
.268614900
.277600900
.278892100
.278706100
.278071400
.296173000
.280965900
.293791100
.281556200
.296348000
.276588200
.275689600
.282854000
.279845600
.282843600
.281814300
.293709600
.289899500
.291834500
.295604200
.292884000
.282337100
.286350700
.288223300
.290474200
.283307900
.282054800
.286739000
.287750600
.277882900
.275268001
.282930300
.275770300
.284594100
.280239100
.320316700
.340945400
.275100000
.279356400
.277477300
.280908000
.279460600
.277492400
.286480600
.280903100
.276983600
.280160700
.283116600
.285116700
.284259000
.283140900
.280167399
.277093600
.281953400
.281259000
.270351200
.276868701
.284899100
.284586400
.289452500
.289374500
.291901100
.302246701
.283637700
.285065900
.264110000
.272500500
.269290300
.283360000
.271258300
.274543800
.274746800
.278426500
.277516900
.322088100
.334772300
.279790900
.280233399
.280524200
.282892500
.287560700
.283152400
.283732801
.293842200
.283774400
.287969200
.282400900
.283929700
.279663100
.282995800
.293996400
.281333500
.280949000
.287754100
.266163900
.262681400
.265253400
.273473300
.265606400
.268671900
.265189700
.266201200
.257751300
.266030200
.270346700
.266573700
.268018399
.269995500
.277291000
.268180700
.268412100
.276437400
.279632700
.270582300
.266360501
.273528500
.337193600
.331119200
.267102600
.282097999
.276527300
.271336900
.263855600
.277680200
.278049400
.270212101
.278631300
.279886700
.271437500
.276524700
.282798400
.281453400
.269873800
.274151800
.275987100
.289966700
.285260500
.289734700
.277761000
.289560000
.283657400
.291413400
.286397500
.280487900
.296300700
.308008000
.293288400
.304688900
.287639000
.298556700
.301393100
.297048800
.292433200
.287081200
.291143100
.292862900
.327762701
.354323800
.307275300
.304825500
.299774500
.296240600
.295247400
.293620900
.287004200
.294122700
.292590300
.296376400
.296372100
.287245300
.281374900
.297840500
.288581700
.298983800
.315725800
.295435899
.284714800
.294631000
.298110700
.273600400
.268577301
.276643500
.274480100
.268198100
.272940700
.271664600
.276108800
.265278900
.267224800
.278045100
.274729700
.276494400
.280296800
.286638999
.290764600
.297445200
.301385800
.353989300
.288657300
.298063500
.371907801
.287449999
.291541200
.286441100
.292443201
.284005300
.293089400
.288127000
.292925700
.291732800
.293786000
.297092099
.311425600
.305372100
.301210600
.314339000
.327484901
.307534000
.281396700
.310141400
.264032300
.284980700
.268552100
.274418900
.263962600
.266274500
.282905599
.275565100
.273285400
.279345800
.269432400
.281889701
.273016400
.271391900
.268811000
.285852700
.280961600
.276562699
.272991100
.277443900
.267827200
.273740201
.317941500
.328730500
.286629300
.290583900
.283646600
.280505800
.295125500
.291884900
.298228900
.293480900
.283882800
.285446600
.282191200
.295242200
.291357900
.289366100
.292592000
.289339600
.291844700
.295972200
.267353700
.269627500
.265579300
.265464700
.266577100
.268600600
.267911699
.267147900
.256001900
.267452100
.269763500
.270258402
.267914600
.268684800
.271949300
.268558400
.272817800
.276439201
.269141000
.269120200
.263458700
.279170700
.277047200
.257946100
.270178800
.275226600
.277225200
.297330201
.303172998
.276389300
.328966200
.280964900
.269964000
.275681800
.280614200
.280182800
.290388100
.300481500
.315585200
.301936500
.299409200
.312901300
.301159200
.294176701
.285064300
.301897000
.287106600
.280305200
.292029700
.302901400
.297944300
.293534000
.298470800
.288899299
.283112600
.286308400
.282674200
.285386500
.281338201
.277734300
.284693800
.288225900
.294955800
.286078800
.294834600
.285890400
.276826100
.273010200
.286795800
.322061900
.309942400
.279818700
.346522800
.279784000
.273181700
.275862900
.287714200
.275789000
.269479300
.260424800
.264656700
.288487400
.271420600
.257083900
.270888399
.271439900
.268189000
.263902500
.270839900
.270108401
.265326200
.279458600
.274824600
.282777500
.274360400
.271935600
.284240300
.294060100
.269791300
.276442000
.273604900
.277930600
.277924700
.295293500
.290792000
.290143200
.290505800
.293630600
.294919200
.293673800
.289019200
.331046400
.333264800
.288474000
.344548300
.301982200
.310153300
.316506100
.315069300
.290286100
.274838599
.269515800
.270499100
.266626500
.260086500
.266910400
.271018900
.261060900
.268370700
.265694200
.262759500
.269366800
.270607900
.264975800
.270027100
.267264900
.250450201
.270423900
.267294200
.253313000
.267206600
.268081300
.264015800
.271452700
.273107600
.273530100
.261482400
.267362600
.273957000
.265006900
.270101100
.273827400
.276913199
.270187001
.276337500
.281558300
.284944800
.316822000
.340931800
.281952500
.285615600
.286466900
.282177500
.291010699
