.567112700
.479737300
.424632800
.406514400
.557941700
.484834200
.433722300
.453962200
.596790700
.404886199
.414283101
.437527500
.531061200
.501308400
.518484800
.364403600
.525705900
.477644000
.443833400
.508611300
.570726100
.443404299
.447886201
.457292700
.527914900
.386747800
.455665700
.468075900
.519132800
.418927700
.486907900
.463805199
.622153200
.425429700
.410379500
.430892401
.506964000
.417338800
.451896000
.436273200
.551180500
.518936200
.503034000
.417003500
.575744200
.431937400
.444101500
.393963001
.567658300
.455408500
.408626600
.485420599
.608298600
.434142502
.464149000
.407815600
.537461400
.415341900
.503473900
.427316200
.614386599
.537095600
.358582600
.492066600
.539841700
.438893300
.474603801
.399694700
.575074600
.378793800
.487136400
.410003000
.603196899
.415569300
.447719300
.422891401
.622201100
.360822400
.362418600
.488787600
.530176900
.403153699
.515256701
.462026200
.587981299
.492080901
.488982700
.402180800
.597810700
.453862500
.399722501
.377574000
.501659799
.468033400
.384004300
.538121701
.591498300
.457786000
.412661100
.418884700
.513528799
.483070201
.397761100
.384593700
.617573700
.346798000
.454818100
.431891800
.559357900
.460033900
.355950100
.430445400
.533342300
.494954000
.485579200
.448176000
.592392500
.465934700
.457734200
.388592000
.620508600
.417710400
.356513500
.461698100
.541114100
.462329800
.419051000
.411211200
.617885600
.459365899
.514712700
.369843500
.535462901
.527530900
.394761200
.467370701
.512039600
.402697200
.398018200
.513934499
.575091000
.422140100
.448637001
.370179900
.554827700
.415419299
.466598800
.403680900
.581879901
.475971100
.515868000
.497685999
.565142000
.440463900
.461420300
.472204600
.545793400
.392696301
.545879100
.553416200
.611408100
.440501000
.457877000
.418395300
.519602900
.419812100
.449834600
.436661700
.599361200
.403043700
.510543300
.408545500
.546957200
.467910500
.434778500
.426049900
.506246000
.494237300
.438001700
.383443301
.655487399
.462375300
.436033801
.421434400
.735874700
.439983999
.479916300
.450535800
.571841801
.439868400
.441282700
.472378000
.600746900
.450662800
.423263100
.418498100
.522133200
.443704900
.466426100
.476264800
.586066800
.469588800
.413164000
.462010500
.556276500
.408555200
.501560000
.467708700
.563013900
.416427801
.447177300
.494503900
.636497800
.462283100
.464553700
.465457500
.480405200
.369212100
.490833300
.468136900
.624986000
.441953800
.515546600
.377942900
.528886800
.430475100
.408637800
.376823500
.572122200
.440809800
.477240600
.370599100
.601650500
.500476900
.390247801
.442724300
.574152000
.451719900
.462781199
.387850400
.490464400
.448657099
.446919100
.454922900
.598664500
.454796900
.444423500
.457187100
.567104500
.427677800
.452858200
.456432500
.506905200
.394468700
.478617800
.531649200
.574748801
.503426500
.422839100
.413020900
.585362699
.418906000
.479871000
.369131201
.564339600
.497373500
.481661300
.381526900
.561751500
.429418200
.451172500
.417275800
.513674700
.428185000
.444317000
.462905800
.660385700
.399446200
.549970600
.434295100
.569509700
.555357999
.478075300
.441578200
.541544601
.440989200
.403624900
.552562600
.569842800
.476961400
.468051399
.447572900
.569499700
.419534101
.396379500
.438378800
.581788800
.491267000
.429717300
.438699400
.578295299
.464551300
.445207200
.382595801
.537493700
.447297400
.408212900
.377590200
.643613100
.459667700
.455991600
.402779500
.602807699
.413557400
.432109100
.396791201
.521979100
.427340500
.393357500
.534458500
.518199000
.413663600
.481868600
.413744200
.592109400
.431824700
.374888300
.418597800
.527327900
.442566700
.503231100
.459875900
.553993400
.408344200
.415973800
.453494200
.496443900
.370725200
.427129400
.405271100
.533875000
.460885099
.434255700
.439150800
.558542300
.412077500
.415153000
.381708200
.512339401
.395116800
.464649300
.490220900
.576130600
.481617800
.367022799
.458538400
.596169100
.405622400
.429604400
.468536800
.508910401
.390972000
.452018900
.413385800
.601751000
.422768900
.441389700
.431605799
.562669200
.345075400
.432712201
.415911400
.545279700
.426654499
.455527500
.490024100
.559475101
.496286300
.418846200
.407750400
.631847100
.410011800
.456709000
.428490000
.627587800
.457961800
.433974800
.414091100
.571774600
.431999800
.425930900
.420130700
.523091600
.502774000
.434370600
.484902699
.593174100
.432203800
.369589400
.413304900
.559449200
.355037700
.466757901
.458571400
.484580300
.408159299
.489641000
.412120300
.563692501
.433985700
.487472900
.396477000
.517585200
.411720700
.386341400
.432484500
.647979000
.450692200
.470393300
.420074000
.532026100
.434395700
.349217600
.409075800
.587517900
.418436800
.410678800
.432202499
.572236500
.539502900
.420229899
.397540500
.571322400
.331257200
.381341500
.509070500
.569060001
.699874300
.769440701
.986064601
.920482000
.554451500
.617791200
.566772500
.838234700
.644426700
.446012000
.511792500
.659634000
.545936200
.411268100
.434124900
.808797499
.627457301
.558943000
.415561900
.864880199
.531229201
.514240800
.391363400
.520994600
.434097200
.410728700
.436956400
.543563700
.476088500
.427821500
.453287899
.523006600
.439572000
.395802400
.442913301
.486144600
.425548400
.391369299
.412920800
.564135500
.409626601
.452344300
.453922600
.503748700
.443068100
.461386100
.449466601
.535669799
.408161400
.458493200
.476423600
.554646500
.349794400
.432492300
.399520500
.598655300
.435629600
.401838400
.431983000
.520499900
.430202400
.421377400
.460489600
.559955900
.406200699
.449030400
.443388500
.690001300
.422757500
.478494401
.374075700
.725161400
.440372600
.396876100
.400904200
.653455300
.398474100
.400595400
.460564300
.502146600
.441540000
.454096200
.429099100
.623799300
.475902200
.415149300
.391524300
.953544500
.472632300
.463362500
.390195100
.515647700
.453603700
.380710999
.430982300
.687031300
.427737401
.426090400
.399177100
.563766500
.442662500
.439849800
.403617400
.612207800
.511424100
.477305201
.404176400
.535681900
.396600800
.425173000
.538546600
.544191400
.377749600
.500410900
.449884900
.628843300
.442488000
.434785000
.443274599
.598919500
.431011900
.425293400
.503431900
.661520400
.447136601
.431094600
.379971800
.588365700
.502225000
.436473700
.405323100
.584485400
.422125600
.379838600
.464121000
.634544400
.519166499
.397231100
.458838100
.569103101
.479334800
.435512200
.385884700
.554147100
.467129700
.432962400
.533188700
.601269000
.452170701
.467588900
.382226300
.499635400
.489655399
.483178700
.469973600
.782291301
.511178200
.462708000
.470469900
.539735500
.411714600
.414266000
.427793200
.516304700
.425687800
.432021900
.441165300
.629565600
.482911000
.478293400
.428195300
.620135900
.450212300
.528490900
.444018700
.600788700
.485501000
.479581000
.423924000
.623958700
.373980600
.504108800
.398809999
.601586800
.417684300
.478739301
.487443700
.621488100
.424713200
.505389300
.398222100
.582286400
.441662400
.367509700
.464764899
.607121200
.377940100
.526213600
.493468200
.583671200
.453838900
.480351400
.374879500
.572218901
.393176600
.496265700
.451016900
.572070000
.551708600
.469750299
.443481300
.539027300
.438741201
.459266700
.494585200
.496766600
.504577300
.392326900
.434280100
.589624000
.433775600
.455816500
.419784800
.557901100
.433112000
.510847600
.426675900
.476316700
.422721900
.399241000
.466726100
.572401700
.392122500
.401427700
.408625500
.542111500
.431521300
.410019300
.360742699
.529998600
.474122400
.464965801
.449277500
.640544100
.448601400
.432250000
.405827900
.502073600
.452732600
.407291800
.431433200
.587600200
.461969400
.454154600
.396387600
.558641300
.415499100
.519352800
.376543200
.515162100
.369709100
.464274900
.474596700
.546713700
.424036400
.390661600
.446113600
.577170900
.398342200
.367138400
.399771700
.524694500
.353998400
.447996600
.502739300
.498547600
.479331000
.442774299
.405017000
.538508500
.411724600
.389452000
.481088000
.513007600
.435617100
.447283900
.479478200
.525487399
.425893700
.515322801
.414753000
.526941300
.413123000
.446190100
.455906600
.601573700
.443633599
.372761300
.434284400
.571067299
.420254800
.450240200
.455170400
.572280400
.367367200
.466626201
.466454300
.540212000
.466145500
.410491600
.448801500
.534738000
.395041800
.411186000
.452219300
.558069499
.437168300
.465704500
.399057701
.560569700
.410042100
.414140699
.359393200
.564450400
.371837900
.362541501
.439629900
.479608000
.414971500
.466962300
.451970500
.581246200
.405480300
.418144200
.424892300
.486836200
.394487300
.400245900
.471472600
.587937800
.459385500
.456263400
.408420500
.518887700
.456320800
.443017800
.426213400
.479903701
.428914800
.429980800
.475010700
.579416499
.426317500
.472492800
.430943101
.645815300
.270787300
.432401900
.439921700
.567526800
.410290100
.419672300
.439674700
.551221001
.445710599
.435603500
.397703000
.556808900
.408229400
.383825400
.474345300
.511640100
.381261500
.375984000
.472429700
.625651500
.445091300
.370183899
.400653099
.565774200
.435751401
.393748100
.439869600
.580249700
.549530600
.345241500
.364231400
.569415599
.378902900
.463111800
.505093201
.546517499
.438417100
.489325501
.402007300
.591596400
.357504300
.362749400
.440333500
.806100699
.460244300
.474078800
.401901701
.597039100
.495560500
.461121900
.460748000
.558482700
.423798100
.424631500
.418413700
.615572500
.433707600
.445457600
.449406500
.589155400
.460605700
.379577800
.420085100
.590614600
.309222100
.362350900
.440005900
.535276200
.446351699
.460982000
.381433001
.617264500
.513628600
.425958400
.386008000
.624171600
.394364900
.416536000
.508065500
.563571900
.401427199
.417070100
.494306999
.566293400
.416152600
.410285400
.408270000
.520687299
.380044300
.452354800
.400205801
.591441200
.435933900
.437979500
.411708200
.550402400
.396500500
.412638800
.458128000
.542259000
.480792800
.389324800
.352589400
.563398500
.427073700
.466748100
.420018200
.515331900
.430253700
.387759499
.504364301
.573901700
.385469800
.409451400
.466058800
.582119100
.475466900
.430371300
.434505100
.546435500
.404624400
.438284100
.414559800
.492361000
.379280300
.438020100
.504078000
.573352700
.412287400
.463220199
.416580200
.561727500
.427936600
.458589400
.403838500
.549987401
.416383300
.490982500
.407528700
.585788300
.419863700
.474554000
.426314000
.577133300
.446832000
.411940700
.435912800
.594236500
.525217800
.377142400
.476702100
.600614498
.431101600
.399143200
.474287000
.505427300
.397375400
.403366101
.441040000
.547078700
.446286401
.439140099
.420592100
.561883400
.391843801
.449373100
.388245200
.492693300
.368537000
.399237100
.473756400
.555257400
.434107200
.413844600
.496525300
.535243500
.508544100
.442518800
.406552600
.500654600
.446796499
.490428900
.499841800
.638617300
.418196900
.503657000
.435490000
.524264400
.461092200
.453319800
.423565600
.439370100
.463153901
.515088200
.414183400
.594909000
.419811100
.390233700
.411335900
.512868800
.365970600
.409341900
.449742299
.528048400
.381665600
.465372401
.454511500
