.261278900
.264656100
.255345800
.261251500
.265543600
.251537700
.263726000
.252966400
.260345301
.259941400
.258197600
.254413000
.267800401
.251483000
.254904500
.248119800
.256288500
.250988800
.250997100
.257254900
.268937800
.260414000
.252652700
.263870000
.262307300
.245480200
.258281500
.250955600
.258482700
.259558600
.257768900
.269242900
.266911200
.257691800
.263870500
.262784000
.277576200
.282021000
.257624100
.265526500
.268003300
.256928800
.261094800
.248878000
.262490600
.249332800
.256350500
.253064100
.254771299
.257337400
.262659700
.258335601
.259196699
.252439499
.260124700
.250845000
.256329400
.252863700
.246152500
.253067700
.252689300
.258877900
.251300200
.258237500
.250263500
.251757200
.252090600
.244018500
.259908400
.256370000
.253053699
.251813101
.251506500
.248532300
.260018900
.261826800
.254237700
.245368300
.251223300
.256931700
.262200900
.255216400
.251319899
.250329100
.260534400
.240361000
.245450000
.240833300
.258575300
.248571600
.246586800
.241095000
.239810200
.281712401
.242100400
.251272000
.245921700
.249023100
.246900800
.247884799
.245025299
.248043700
.244884700
.248442000
.241087800
.253064500
.243547900
.243325600
.252101300
.247888200
.244213500
.251644300
.247724200
.246871100
.249713700
.246750500
.242799900
.244636901
.244342799
.249812800
.251463700
.250126100
.240245200
.240131500
.245929800
.239826300
.246229600
.238809100
.244216400
.242408600
.245397200
.243098400
.243711500
.247735900
.247941700
.251531400
.246864901
.241425600
.246865900
.247371500
.251081700
.232620700
.238872400
.241522700
.246985000
.245939500
.252296800
.246886100
.247021100
.247298900
.253210800
.242211000
.247813000
.239969499
.250846600
.248812399
.259762401
.247866500
.258606899
.243514200
.248880401
.247400500
.243639400
.257109100
.251451000
.251151700
.244991300
.250560600
.252712800
.255143500
.253743300
.252915799
.252621500
.251829300
.249245900
.251140200
.252740800
.239769601
.251782900
.250804400
.250914400
.244461100
.249542900
.237754900
.249932100
.252567600
.249758800
.250497500
.251433200
.255998899
.247345200
.247690100
.247689000
.244489400
.245983600
.246041301
.247494600
.257041300
.244553200
.254552599
.255356701
.252394698
.246908000
.247774100
.251072900
.262877200
.241927000
.241234701
.242790000
.246943700
.252774300
.248751900
.247881600
.247948900
.254503500
.249974400
.239738799
.250328800
.247476101
.246102200
.239055700
.243854200
.239729400
.246730100
.242702900
.245529700
.240846200
.245797300
.247451000
.245844500
.245435900
.245438199
.246018500
.253898000
.242604500
.247853500
.246578800
.248068200
.239328600
.249495100
.244494400
.249810100
.235176400
.249627601
.239852600
.237811900
.243297500
.239573200
.248338400
.240269400
.247814300
.245076900
.246634500
.248358100
.247118600
.236115500
.250399300
.236491900
.253559200
.243457200
.247507800
.243364299
.238328600
.242536000
.240575200
.243693200
.233697600
.246910501
.253874700
.246469900
.245376100
.246878800
.253277600
.242931099
.250464200
.246943600
.251284800
.244902600
.233593600
.237362501
.240506300
.251038100
.239320300
.244377700
.244772100
.246203800
.251873500
.247667200
.251404400
.247737000
.249096800
.248132200
.248187100
.245859200
.239450500
.251316300
.247663400
.247789700
.243494200
.247433300
.245715200
.246858200
.244093100
.245849900
.235694400
.247714900
.247716000
.249111700
.243629300
.243620399
.250635300
.251203900
.248825300
.248682700
.253310101
.251591299
.242596200
.246869600
.246523600
.246924100
.238515101
.251380800
.244838000
.251475100
.248247600
.250528300
.236147701
.238510700
.249636100
.251963900
.249081900
.247763100
.247757500
.247911500
.247534100
.250682300
.250304400
.245897900
.241491100
.250648200
.248793900
.248886700
.251054400
.247019800
.239202300
.245326600
.245625100
.249124400
.246297400
.255877900
.248288399
.246270500
.242133200
.246604800
.246753100
.249291600
.240307400
.241039200
.243948700
.247171500
.241177300
.257732700
.240863501
.251862000
.250918500
.260857100
.242233400
.251329700
.251123400
.246534600
.249161600
.245310600
.242504800
.246823100
.251662900
.240172700
.237247900
.253956300
.249031300
.248797800
.249944399
.246703600
.251474000
.250054400
.248755500
.245027900
.248174000
.238631900
.249710500
.253314800
.252384200
.245601300
.248929401
.251173700
.249676100
.249012300
.249808500
.239763200
.249666800
.255482700
.252620900
.240649400
.245410600
.245430300
.242643799
.245678500
.249698900
.235412400
.245637800
.250596200
.250863701
.237553000
.248159500
.244965300
.251415000
.246306100
.247060600
.238546900
.247048100
.245534800
.252662600
.244385900
.248319499
.245901800
.246227700
.235838600
.248828500
.244146300
.242219701
.239348600
.251670700
.248786900
.253009800
.247364400
.249665100
.244658300
.255646500
.246759400
.247965800
.245368000
.251388600
.243046800
.242330400
.244075100
.249976100
.247733900
.252995399
.251917700
.251247100
.240157900
.245940600
.244181901
.245676300
.239464200
.240373800
.239987800
.237960400
.241819000
.231210100
.244029300
.244297600
.247101300
.236700100
.249577400
.246943499
.247768200
.243560700
.248870800
.244651900
.255938200
.251749100
.249981300
.243860800
.253862900
.252410400
.250280800
.234983100
.242690600
.245803000
.250333100
.246127700
.244303199
.243820600
.250918600
.243568200
.252842700
.242473500
.251921200
.244915000
.250136900
.249385900
.252249700
.251091800
.246924100
.250923500
.251664500
.249556300
.243315200
.252006900
.252299900
.246726900
.247368300
.249940800
.249824000
.249974700
.250634199
.248700100
.243047600
.249548900
.257472300
.243187200
.234808101
.247916000
.242131800
.251250700
.253915300
.251825300
.239573400
.243668600
.265473400
.258228700
.357844900
.478061800
.248019200
.248143100
.247827300
.248387800
.250496100
.248804800
.246152900
.250140600
.250418900
.250199300
.249151399
.246769300
.251768600
.246569000
.246522000
.251321400
.249333601
.246733400
.381669300
.243245600
.249460200
.251768000
.251721699
.243795900
.250611600
.246825800
.244631200
.244954401
.247154999
.254898000
.245483000
.251449400
.247960000
.246549301
.247570300
.241686500
.248583000
.241761200
.248189400
.250293300
.246113900
.248710800
.253291200
.257959200
.247362900
.250153501
.244444700
.250826100
.252410800
.250371100
.251035200
.252265899
.237394900
.244642800
.244650600
.250180100
.246921300
.250411801
.246643500
.254896600
.254080500
.247338600
.244171400
.249918499
.254451500
.246920500
.254761300
.261026000
.254872400
.250684100
.253586100
.250956400
.248372100
.246674500
.254964402
.254622900
.249390600
.247440100
.253810400
.261082600
.266744200
.256155700
.256344300
.244995400
.253460700
.251048600
.250291600
.256681400
.246947500
.251667900
.254319400
.262743200
.235443400
.247692200
.244248200
.253608100
.245337000
.254007200
.238510599
.248772300
.242821300
.254129100
.249448900
.248680600
.252506201
.244953200
.251715100
.249341000
.249103800
.254559200
.252290500
.246493400
.251622000
.248832700
.253783500
.243852500
.253090899
.261498700
.262638500
.264972000
.243869200
.258558200
.241503500
.247850900
.243670300
.245360300
.252863300
.247479102
.252676500
.247238900
.242013900
.246523000
.247739600
.248474699
.241943901
.247873000
.235919900
.253492300
.261552100
.247369601
.242720000
.243364300
.233997700
.238655000
.246822600
.252672900
.236854599
.248247700
.243908000
.254451500
.240751900
.246705800
.242019199
.249615800
.247193100
.250009000
.246721200
.246950201
.251199800
.244002800
.251443100
.246799600
.253304000
.248552000
.248939400
.244676400
.234920700
.251145400
.241719800
.247776500
.243749400
.248007700
.246129000
.250157200
.242558300
.250044000
.241109300
.251176700
.248485100
.246955000
.247460700
.246213400
.240329300
.250069000
.243632700
.245034300
.248360600
.250397100
.242547200
.247820500
.244797600
.248637300
.246624200
.246203599
.247036800
.246473600
.251109700
.252400400
.244945400
.242822001
.245468400
.253354400
.244709700
.252834800
.245408500
.245010000
.244062300
.247714200
.244100100
.249735000
.242507000
.249967100
.238203000
.247856200
.247000300
.253701200
.237626500
.247467299
.246464200
.246941200
.243412400
.248925900
.251875700
.246746900
.252634100
.257480900
.240664800
.247667800
.243263300
.242898001
.248860800
.247446900
.249931300
.253076200
.249431100
.245965500
.239882800
.242089800
.244288500
.249750000
.244859500
.249941800
.252907100
.246396000
.241814000
.247973000
.235205300
.249685999
.252044500
.243370200
.236980200
.248612500
.247214100
.250016801
.240848000
.247984200
.253600000
.246388000
.242893200
.241606300
.243450200
.250215300
.241206000
.251683300
.240133700
.252535800
.244911600
.247327200
.245297200
.246642400
.247647600
.248969099
.245483700
.249805700
.247799000
.250084800
.245127100
.247277700
.248237600
.246185100
.246104900
.248039400
.251551200
.245605901
.248866500
.249378399
.251025700
.246816000
.251369100
.244633101
.240677200
.245305200
.250794600
.248786400
.248646400
.247390499
.244570800
.256663300
.250687400
.252881901
.254133300
.246833200
.251640600
.242905500
.244562900
.246720400
.248204500
.238951100
.241730200
.236176800
.239009800
.243458900
.242547900
.245634100
.241333900
.246397400
.245325600
.246863300
.245127400
.243971600
.241897500
.266929400
.250459900
.249927400
.232541200
.241091901
.249958900
.257588200
.240859000
.243450800
.241689701
.250903000
.240578700
.248365400
.244025900
.253309400
.246863400
.249008500
.245615100
.246749400
.242082099
.253363700
.242453201
.248728900
.241869600
.249178300
.253263800
.251133200
.233980700
.249748700
.240820000
.255638600
.243067900
.251170000
.240985700
.250562300
.240318400
.248618400
.248519100
.246248300
.252296700
.247682400
.237601100
.247251900
.243853000
.254773000
.245509399
.256087600
.242146400
.251239600
.248109800
.243834200
.248489701
.251583700
.241225900
.246988000
.245305100
.248545300
.250946800
.245500900
.239584400
.242624500
.252260500
.247783000
.236611199
.246592800
.251217400
.251579200
.237298300
.247672900
.241648000
.246497300
.240509100
.254750000
.244279900
.250851900
.242354700
.250297600
.241614400
.248410000
.248866100
.249877701
.250002999
.246119500
.235173900
.245570700
.243003200
.246319000
.248261099
.245683800
.248479400
.249798400
.245323900
.248910700
.250853500
.249021200
.242188100
.252025600
.244647800
.259796800
.245934101
.249111900
.244685200
.251998000
.243214500
.246770600
.242884699
.242634900
.244989900
.251623200
.241320700
.244931900
.249059000
.257528200
.252342500
.249007100
.253621100
.251456400
.248891000
.245925500
.247603400
.245306100
.250722000
.243638201
.248776600
.246699400
.253861400
.240044400
.251840400
.244641500
.247298600
.241538300
.251350500
.245642900
.240603100
.242406400
.248281800
.243945800
.247501100
.241913900
.249135400
.245526200
.250936701
.250168500
.240707100
.247645201
.249561501
.244254500
.241067800
.246315700
.245755800
.246752700
.240637300
.243293801
.241273600
.251103100
.245458300
