6.504953600
5.085257300
6.344473000
2.489544501
3.377170999
4.313135201
5.420519800
5.308785500
3.976976900
4.860340200
5.321853700
6.455567600
6.382629200
7.492530500
5.382238400
6.977680900
14.610324201
2.107809599
2.048651500
3.198819600
2.775690200
3.117031400
2.847713700
5.601791600
6.854104600
5.594328700
6.250361300
14.098832800
2.598250801
2.733804399
3.234602001
2.722815000
2.887951000
4.527421300
7.097822000
8.594916600
13.876134899
2.446560100
3.535735899
3.392164101
2.651458700
3.595246299
4.583696000
5.002902700
25.084606901
2.683420400
2.648551699
2.715195201
2.710211900
4.235560900
2.817410099
4.653478001
5.256596500
6.034586999
6.554251801
10.907743800
5.092365100
6.366128500
6.762292700
7.437008699
7.114081401
10.289817700
3.406305300
6.087394900
4.337515300
4.262976099
6.134401101
7.002836800
9.986931100
6.950593600
3.264055100
3.017272500
4.526421900
6.650726300
6.697039100
6.597238600
17.227361800
2.795093600
2.804884499
2.871057401
2.969545200
4.029038299
4.751934400
4.511358101
5.037195999
8.104223700
7.123396700
20.192627701
2.550729000
2.621821000
3.745391800
4.288015900
3.643756500
6.089306300
9.121658600
7.634707499
8.867159601
7.019553800
9.529854799
7.733763801
5.922239500
12.745472499
3.576620001
5.907522100
7.558212400
8.990241800
22.444909100
3.340966700
5.045198100
7.839256599
8.348569301
8.871803400
11.535720500
13.763093199
7.488861301
3.059030201
2.345660400
2.382309300
2.153706700
3.204178600
4.994793600
5.136780800
6.916473800
20.843981300
2.567396400
4.804184599
11.031534900
7.889689201
8.302405700
8.276544400
29.001906799
2.651889400
2.682400601
3.021715200
5.897397800
3.990568800
4.836860600
7.097938699
21.393822001
6.481340500
4.827557300
5.560221100
5.779797800
16.197798100
17.786552999
3.849130601
2.820327400
3.536859400
3.690942599
5.169282099
5.869332601
7.473001000
23.823269500
7.134210100
3.792533699
6.925132501
7.647924601
9.931063900
8.254180100
6.158824300
5.418781000
6.586532000
6.769278400
7.343864101
31.596629600
3.578476200
5.993656700
11.274477500
8.867931300
9.748261000
9.361273500
11.043152500
6.141739100
6.939895400
6.168913200
22.498168000
3.772384200
3.191479300
4.143821600
7.937046100
10.761585000
9.607921800
6.798715600
21.480802600
4.221121301
5.319284400
5.461734400
4.710879100
5.740605100
6.794298000
6.134516100
29.513366200
6.605625700
5.087031100
8.118958900
9.013203701
8.178721900
10.901012100
5.991402300
8.634946000
14.362380800
7.817585101
19.672457100
26.330902300
4.380352800
5.996074000
7.703109199
4.800809701
10.516294800
10.945731100
9.042103400
6.868708600
6.922527700
10.296446900
28.062524200
3.962239700
6.500828600
7.387343800
5.792923800
10.996599000
24.603700600
4.203315800
3.715674300
4.739540601
4.163031900
4.574813300
6.663644000
28.030367700
6.615585699
6.287495201
5.372666600
9.025104600
7.179156000
22.743942999
7.265485301
3.682785800
7.727703700
6.482351500
10.063032300
7.139722900
23.879839501
4.502229200
3.020891300
4.358757600
5.594712700
10.339896500
22.601912801
10.997966200
3.643354500
4.459261800
6.420498800
6.257186200
28.937302300
3.381309801
3.331343400
4.149235900
5.425318500
6.364553800
32.515182100
4.745475700
4.978902499
4.369181401
4.523470499
6.219012601
6.262910300
26.925271700
11.563573599
3.157809701
4.659377000
4.367971500
6.028543000
32.700352200
8.446582300
2.902603299
5.110407701
5.302246199
5.449740601
36.400724699
4.111901299
5.710955000
5.563465301
5.886798200
7.650892099
11.409442301
17.559687400
17.801591700
2.630974000
4.709045600
9.572218400
8.738078800
28.956357200
8.737756300
3.454511400
3.645367000
3.398288200
5.202910799
26.589923901
12.218313300
4.494060399
8.403991001
7.602660600
5.431334900
13.886792499
24.228354801
8.017283300
4.303731500
3.420844000
3.984165000
7.620520000
31.778857500
13.670049600
4.621829100
3.194100900
5.718363100
7.533142200
11.942482300
15.412642699
22.771780900
3.877417900
4.523389599
7.214107600
8.018031900
20.721946500
25.990639500
9.337956000
3.086613400
3.899788600
6.690698900
8.474305300
24.200789001
11.906717900
3.090597100
7.100813000
6.119071100
5.641453399
7.294980601
24.552185000
13.584903800
3.516968400
4.887914400
6.907468300
21.265551400
22.452546501
5.121581100
3.454666299
6.534292701
4.834071300
14.240402200
38.539926699
7.244544500
6.565929200
5.097233200
5.159600799
9.643905400
35.413455000
2.986351399
3.112740100
2.958739601
4.320761200
5.996415200
20.372550800
23.125208800
3.510001000
4.302616400
4.338762700
7.791516200
7.011143500
8.494840600
18.050876100
32.481292100
3.212500500
6.691528800
10.881433800
11.556069400
20.108642600
9.927735700
27.918531100
13.879842799
3.189965901
4.722223299
4.977610401
6.183623100
9.019494100
11.810093299
30.088622100
3.814376799
4.846024201
10.979939699
37.970608701
3.630604800
7.558943900
5.145372500
5.430255999
6.905295101
30.517817000
5.428301600
5.095460800
5.153221400
7.760874600
8.278472400
14.162239300
38.533721300
4.209995300
3.324766300
4.859821500
8.605671700
7.783601500
42.504994700
3.867433500
3.766129300
4.281435699
7.973339801
28.591943500
2.306754300
3.951305300
3.493696200
4.879870300
10.483688400
15.192328300
36.170383300
5.414247100
3.719138700
5.168963100
6.458630800
8.177471700
39.182136000
20.522279200
3.839939699
3.600459001
5.213097300
5.184462600
40.520074100
4.570501900
3.988054300
7.040469100
15.077690300
16.042738199
15.415676501
27.604198200
6.909176300
4.276252600
5.508044900
7.565509600
14.346074299
32.886319001
12.883906800
5.989365400
6.140143100
4.914670000
22.497619200
16.004809100
15.780884300
29.212720300
4.061118200
7.338365999
13.865685901
14.906617500
21.013778499
12.294086101
32.479820400
3.525608200
3.407384800
4.894495300
6.725864299
9.605271001
12.529920700
29.342102700
6.569503100
5.031463500
11.781578800
11.486412700
14.675530600
15.374569600
7.766754699
30.729175701
3.576866300
8.135458200
10.785531800
13.519839300
20.599949400
31.627301200
6.773557500
3.659507499
2.860555500
3.472669101
4.137042399
4.618136801
19.133740700
4.396062700
5.741034900
10.043361999
8.824131400
6.657393501
24.618358500
22.176994400
4.766240700
3.749837000
4.477933200
5.025652500
6.751365700
35.476409099
14.296435401
4.843092800
7.778931600
10.136168599
39.089427600
3.467419501
4.325231200
4.017231900
4.655768700
10.094558100
31.577551700
3.720981400
7.570028200
8.193262500
10.128146000
6.920641500
11.634848200
34.445345400
3.116701600
4.810059800
4.575019800
11.491953100
8.552055800
22.076399000
25.193742600
4.008142100
5.873955400
7.332009299
10.897789900
31.677916199
19.292521400
3.425367999
3.752151101
5.842016400
5.999477100
10.575990300
24.332557701
25.111396100
3.098853500
4.427111300
5.408966200
15.235031200
36.868181400
3.913984700
4.434819101
3.448579900
6.202409899
12.897796801
27.886087700
20.244785500
3.689224500
4.554753000
6.497759200
4.906179700
6.362320200
36.728358800
5.591701500
3.828153700
4.293477600
4.806774500
9.741325000
43.719932899
3.902433501
4.908188300
5.594912202
9.478767900
12.624066600
30.667409900
11.091670600
3.281695700
3.829203000
5.959279000
8.334386300
35.632842300
21.544972300
3.199571101
4.444382600
3.480025500
10.240148700
34.501469200
3.892598800
7.077616100
4.757964000
9.754400400
12.914916900
21.706316699
16.799474402
3.580584300
5.059858699
4.722184401
9.533568100
9.404613500
35.015478799
3.214874700
7.016043200
6.536956400
11.010492500
40.511063100
4.067320999
4.905741200
4.291838700
5.818111600
5.545387001
32.289692600
8.089073900
2.820698500
4.841502000
5.321044500
3.506220800
7.611655800
33.711248899
3.513533900
8.320871701
14.892907000
23.523170400
26.970726200
3.118081900
3.562160700
4.937717100
4.388752100
5.359829200
5.310765300
15.548956000
22.874502700
3.039522100
5.454370500
11.198412300
13.531844899
47.525288100
4.257160201
5.263211300
5.580321300
8.969113600
8.845097199
38.563596401
3.934890800
4.995867800
8.924458700
4.475570600
32.383281300
10.421141200
3.343474000
3.277383099
4.777635500
10.965002000
42.950326200
3.405836199
3.380954101
3.233400500
8.856502400
19.626624000
9.585477200
33.438620800
5.402985799
10.043011400
6.873541201
26.316584200
23.560274001
3.598913900
3.835955500
3.752255700
9.568053300
17.183871500
28.993269999
5.705427100
2.750399600
3.576690900
7.382800400
11.533231999
8.323658300
39.641403300
3.956802701
15.258114800
17.620674300
16.028828800
12.700093000
8.556790100
25.871016100
9.948893200
4.461341200
4.795551300
5.026023100
10.000579999
17.015422600
29.630569601
2.894108200
2.991134000
8.774509000
13.383641600
13.315255100
31.109696899
3.777867701
4.986208400
6.173922600
13.240396700
28.517748700
26.241856900
2.832866300
5.413946900
5.453204700
10.823819000
13.968930300
40.874130099
3.734892800
4.388185000
5.629045500
7.696371099
20.513200699
35.372463100
14.614889299
4.597593800
8.817192100
8.258641700
8.298604000
41.051905700
5.926598900
3.894531999
5.229032101
4.655457700
7.328518900
26.954734200
29.866093200
2.823444600
3.525262100
4.953360200
10.470421199
47.195842301
5.415688299
6.271938701
5.252970600
10.036922600
9.236458900
29.880266001
20.362964200
3.004092900
4.293414700
6.227012100
11.132272800
36.900805800
11.471789800
4.344554899
8.547468101
11.979895400
7.466579900
34.323722000
10.769473400
4.150509700
4.362608200
7.159205000
10.070961700
39.496404200
13.350389799
5.179208901
4.865907199
8.779789300
14.485974400
43.897406400
3.312994600
9.097525400
9.561846400
13.397224400
14.825947100
41.575458800
3.589641000
4.367484100
5.311949500
13.067136800
9.582917800
35.791041300
16.973537000
4.142079701
9.240566800
10.150701600
11.770187500
48.698316500
5.336454800
5.000934300
5.947341199
8.863222001
43.047243500
3.316527500
3.692185900
7.064219500
7.993634500
14.066300200
40.052897600
2.448023500
5.978069100
8.224857200
9.037379600
10.303517500
23.855188200
26.540562400
8.031217200
8.011228700
12.497287500
10.230661700
31.210382399
16.488115801
5.031375900
5.329001000
4.091616200
6.394652000
36.884747700
17.271619000
5.016226400
6.933268500
15.458263000
11.854023400
47.129180399
3.615819001
8.187326300
9.108175200
9.734740900
11.265313700
33.195299300
4.867175999
6.576470600
13.014083600
12.427010600
34.321659200
6.392248800
5.844500100
3.799039300
4.564111900
9.212447200
39.209558499
13.938349701
4.469405200
5.311051900
7.024115600
23.916260200
24.333024999
4.966058701
3.626477400
5.906880699
12.247099001
35.903714900
4.233716600
4.355836101
4.974540600
7.522138600
15.357808000
12.728806899
42.657020400
3.891758101
3.302551599
4.324623200
9.533952500
10.059883000
28.936136700
31.786835899
4.737516901
4.957735000
7.425755900
30.914697200
25.175926300
3.792484699
3.881547600
4.806404801
6.976977699
25.071128201
28.423975899
3.809727101
4.691483199
5.894906000
10.499763200
41.272965501
4.620204300
7.374055700
7.725335000
13.950801700
39.424157099
4.050022801
5.110366600
3.496346200
5.206077900
17.957677500
41.177488500
7.502757300
5.317362100
7.445469300
5.949822600
15.893417300
44.340480300
3.751568699
3.848874301
4.629541600
8.086997700
13.204221699
36.685631000
6.693447900
3.898384301
4.671252700
6.127981299
15.431313000
42.064282500
15.125994701
4.956384300
9.993980399
7.729594600
7.676790301
48.388067400
6.373075400
4.080901600
3.759579000
5.162781899
11.797077901
44.918467400
15.001393700
4.493681200
5.616332400
6.526944600
13.386984300
49.520699800
4.958262800
5.619659899
8.314872300
7.881152700
10.139189399
49.088081100
4.467165100
4.231772100
5.069109600
7.188668099
6.028464601
18.364410100
36.639102700
4.181011100
3.446480000
7.398583900
11.241489700
11.354368900
20.155403400
30.682149400
3.962274499
5.467074801
9.816626200
6.716093600
8.565111200
31.510276100
20.352943800
3.775354500
11.380061499
15.330830500
19.641520200
16.695241500
18.448115199
32.080912200
4.443182601
6.494876800
7.549289799
9.730234601
6.403244100
7.157653500
10.872988500
15.413803500
15.001628601
23.875683300
4.621882400
11.308018100
12.474323400
14.664385501
13.003372099
6.489004001
37.702154700
12.890815899
3.524079701
3.798578099
4.154612101
8.209436701
15.294531600
18.784963100
1.957572700
3.981631699
6.440901701
8.493742900
10.297369601
16.920301499
32.623643801
3.441689900
6.039710799
3.471853101
5.280684099
6.429954900
6.313882000
6.051832501
28.211958500
4.496146000
8.679858600
15.378130000
8.091498200
18.173863300
14.444683099
16.237177601
18.788202300
32.109864800
3.410484299
6.140463801
