.472536700
.419952900
.452492200
.461810600
.428469400
.593432100
.472570000
.486971000
.466035100
.479804000
.469843800
.480229300
.465414800
.438140400
.467101899
.460967900
.422140700
.463655601
.470369300
.443498500
.458396100
.492363500
.465517100
.448291100
.476945500
.444721600
.443464399
.482104901
.500571000
.500311500
.460161299
.442392600
.467698900
.484809601
.446078800
.435632800
.442064499
.464017700
.457794000
.457036701
.682228600
.446782500
.426501800
.479347000
.443343100
.449414600
.453954400
.470433599
.445818400
.473584900
.478263300
.432119900
.490790901
.496735000
.549387099
.488948700
.488275000
.468378701
.461782700
.471325000
.456713800
.476309700
.470391700
.477694900
.478635800
.459765300
.454172200
.475367000
.499228800
.449547900
.441137301
.484649700
.475042900
.436844700
.476340600
.491660100
.461669900
.520973600
.495969500
.425729800
.490780599
.458848400
.472187500
.466145601
.484978700
.447292100
.419823000
.457317700
.468952000
.516066300
.482434600
.479710800
.449459600
.521707298
.473646400
.475704301
.517532099
.623464500
.448444201
.488430900
.481873900
.458328799
.453019900
.468977400
.462818500
.484933700
.497472200
.471394600
.498369901
.490551300
.460847000
.482649100
.474475200
.464598200
.504257600
.445669800
.470430200
.484537100
.459243500
.443407800
.487977599
.468138600
.446390500
.444151201
.456397998
.448614600
.464339900
.497848900
.491748900
.445526000
.464802301
.449530000
.442330000
.447162100
.456889000
.441278300
.454846200
.456111600
.445438500
.483489000
.487856199
.456125901
.452445300
.491232699
.471915700
.475912600
.524606101
.471606900
.457447400
.500775099
.481655800
.460049501
.499273000
.475671500
.459412499
.493589901
.463743899
.444003400
.441563901
.482874600
.466742400
.443549500
.473172200
.460022900
.463827300
.484542399
.458708501
.469489600
.474852800
.478636000
.533627700
.567669100
.542431200
.790883700
.861219900
.615611800
.528821400
.461754400
.476262500
.476161400
.463543900
.525443699
.471664200
.428102300
.436975501
.482484300
.480358400
.428522700
.486260500
.492295100
.407557300
.482704000
.473384200
.447960200
.463105000
.467800800
.445496200
.470136300
.452654700
.439947600
.449208800
.460474800
.567510500
.451307199
.488098000
.471382900
.453536000
.483955801
.475020300
.473933799
.491612200
.677729700
.443480299
.470268400
.450412000
.472140400
.500933000
.463189200
.607619399
.494033501
.457980300
.451630400
.518356100
.476528300
.466133500
.452190399
.475408000
.484542000
.513908601
.455273900
.447545300
.468169600
.512631300
.471496600
.461490700
.473288700
.456382800
.472281200
.471044700
.517294200
.411884700
.461313300
.433437100
.467486700
.485970500
.577211900
.449160400
.484952000
.463329500
.432254100
.477104700
.471147900
.459940300
.461134300
.464945400
.461308800
.465006700
.484601200
.468784500
.474837100
.499721300
.440416200
.425210201
.450835001
.439198500
.474154300
.481606200
.476759200
.460508700
.479605300
.456581500
.488721500
.472518300
.516174300
.475218700
.474853599
.481603500
.464866800
.481188901
.448735100
.553512900
.517648099
.473558600
.460380900
.452119301
.495452100
.481105700
.461242500
.467746100
.476280500
.472767800
.476165600
.477099000
.453988100
.474716900
.455433800
.489020400
.495580299
.473114100
.480971400
.472723801
.504277600
.467621500
.464631900
.468368000
.458517400
.472195600
.482188700
.469047600
.453043500
.493459100
.474570900
.429675400
.530258400
.493906300
.455726100
.479895399
.515842200
.450638502
.481670600
.478285600
.452656000
.483078999
.473881400
.462562300
.492105901
.470165300
.486125799
.461181701
.461323200
.465211100
.488609600
.501070800
.486303300
.455043300
.477790400
.479020000
.464930000
.500945700
.451748000
.480573900
.498045800
.444565700
.447933000
.484708398
.464243000
.460631800
.460291001
.543037300
.422508600
.495649400
.492677900
.469189800
.472118099
.495348100
.472561900
.470884701
.478620500
.465281600
.474157300
.495697400
.444707200
.489049400
.473262600
.498153200
.473995200
.480404400
.451758200
.439584700
.491818799
.493140900
.478269400
.479697399
.460598900
.492465200
.489605800
.474492800
.456260500
.467637600
.475088200
.466271300
.483147301
.472996100
.488314499
.485269601
.459313200
.468643700
.444678600
.532863999
.462985200
.445232701
.492373700
.464754700
.464981000
.509631500
.478427799
.464562501
.484950199
.476265800
.447277600
.483635400
.490673300
.474547900
.477378101
.484043000
.429905900
.467341700
.459883400
.434895900
.465693000
.472437800
.475138100
.417389700
.487026800
.459627800
.457144400
.488763500
.548732099
.438153501
.481519698
.485991800
.456426101
.491815000
.481518900
.448877800
.485255500
.488915000
.450125000
.461666800
.492859200
.435685399
.449398200
.518511000
.425045300
.475874601
.456216900
.481608700
.421592800
.495031000
.489363700
.456206000
.483513700
.468116400
.450558400
.498102300
.476407300
.476595000
.476408600
.465777400
.481810300
.461808299
.456986400
.545517001
.453924499
.540335200
.477363700
.448474801
.489251400
.464963900
.437665000
.487062500
.468123300
.443041600
.460901701
.454273400
.460523100
.529602400
.473156000
.469038300
.486422000
.441708600
.465031200
.476459700
.460582400
.443338400
.460121600
.497270400
.455328400
.443012600
.482552600
.453497000
.448085701
.455557300
.485574400
.447472800
.472270700
.470360900
.475382900
.483080700
.452388500
.480553499
.464527701
.468359800
.476814600
.444718300
.475845000
.456355999
.471783601
.479009000
.459962200
.465491700
.498309699
.448991400
.447264200
.576351101
.446562000
.455956700
.468689500
.468533400
.489964500
.489316000
.480645900
.477098800
.487649900
.452147900
.452786300
.404631500
.486653600
.487664000
.483439300
.478360800
.649137300
.451846900
.467331900
.417595600
.445212701
.453185000
.463258500
.425904200
.462287399
.466304300
.426908700
.466759701
.474648100
.457040500
.427884300
.519527300
.421427300
.461412100
.449330100
.454649300
.468188500
.460495899
.501118100
.473075800
.511978101
.472037800
.464760800
.492611800
.465968000
.459036200
.480436400
.466085200
.441663600
.505857000
.455461800
.502154600
.427894800
.453160800
.496788700
.420525100
.482168300
.490889000
.456993900
.476166100
.449777200
.404592800
.442425400
.508910900
.449869800
.464046300
.467500400
.429842600
.450182001
.464444400
.474337400
.461535800
.486229200
.444582900
.462305100
.515345900
.457747600
.462749900
.462262399
.501067400
.440755200
.480417801
.457538300
.443190800
.432921800
.496617400
.519449000
.442468500
.487479800
.506596500
.464261401
.488728000
.472715800
.453790100
.469698700
.486281200
.440475600
.460079700
.490479600
.449690400
.474432599
.483352700
.454104500
.460415000
.483426800
.460282600
.439580701
.472505200
.461948400
.433175900
.532628700
.490037000
.442564399
.454753001
.448339400
.444076399
.452181801
.509206300
.446886000
.437962899
.476897400
.457524800
.485518301
.468432100
.586292300
.431981200
.463749900
.459211200
.428610900
.457321000
.456138300
.445408600
.514976000
.502968600
.449014000
.491177000
.467490000
.443189600
.464859300
.482742400
.471430600
.444568100
.485991200
.445325000
.456468200
.491142200
.467385400
.464123799
.464083500
.460519000
.443550700
.478982600
.469789300
.462297800
.485400100
.469125600
.518396600
.495650800
.472642000
.467630600
.477442800
.472421200
.481008200
.497421300
.501753300
.471047300
.472069300
.495019800
.455667200
.500069600
.499099800
.469306300
.453006600
.505197400
.455057000
.464772100
.490459600
.458320100
.427403200
.453209200
.488915100
.457160500
.473885299
.503935200
.458332200
.501223601
.486678299
.472030100
.503093000
.460209900
.434251100
.457233401
.464451000
.443342600
.456599700
.457479100
.469074600
.451268700
.486533900
.457621600
.463038500
.467014299
.439376500
.464846000
.459461701
.462530600
.445403000
.483265000
.501107300
.473162900
.466248000
.492646000
.455069900
.460549601
.480711099
.462722601
.454321400
.490688100
.445357400
.448300400
.482835200
.464031900
.467850000
.476213800
.460318700
.440817300
.569091500
.459184400
.461330300
.457094099
.492568900
.474972100
.456018601
.469941800
.470376600
.464710400
.477983998
.472163001
.465991400
.496753899
.503530601
.459943400
.478323200
.464238600
.480778600
.479457400
.452450200
.449049700
.463982600
.476395300
.460958000
.474079700
.487140000
.443381700
.457488800
.480483800
.430490500
.434492800
.507198100
.473631900
.454484200
.495300200
.453472200
.465842800
.477688100
.466055300
.464786900
.470343499
.470835000
.449257900
.466377401
.510545500
.442518600
.449567700
.480323500
.473424200
.467115100
.472138199
.472500600
.451680400
.474710100
.448734900
.480068100
.500668001
.469257100
.469765200
.468855400
.451231500
.436490500
.480913800
.487706000
.466119800
.473986600
.456199200
.461620500
.473931900
.585763899
.618292600
.643737500
.916122000
.836441700
.427478600
.425649200
.476155600
.464199600
.464274900
.482782100
.502256900
.459589500
.462326399
.476190200
.432783500
.460365800
.507995900
.445377400
.462223501
.494158600
.484110600
.415634500
.495987300
.462269300
.464813699
.486601299
.471735000
.448876400
.494133000
.470919100
.496782900
.477282101
.448188300
.447547800
.492748400
.471654300
.400172600
.457593999
.453854900
.466147500
.470228301
.466801600
.533154300
.455405400
.481403500
.479756599
.471650401
.517843999
.488341500
.440747300
.486547999
.466062900
.452817600
.483637699
.492528400
.457359800
.502693399
.522164700
.473092700
.505964001
.472726200
.431101300
.510373799
.468256500
.460575800
.487468600
.466270700
.469442800
.480880701
.460930200
.457457500
.533404800
.481073800
.468427399
.445276201
.455737499
.462569800
.462885899
.515056400
.468049800
.487697501
.487240799
.464856700
.433088600
.499166000
.464718800
.455565100
.467865100
.499181600
.538609299
.521686101
.473404000
.451846900
.454570600
.465107900
.443034200
.425144300
.476883600
.456681900
.443656599
.538866801
.557307700
.440942500
.473696300
.471857900
.455611400
.477088599
.459632600
.435941700
.487517301
.476575600
.471424500
.457296200
.473138100
.461968500
.435724400
.460110200
.456704900
.447300401
.466162301
.435561000
.485453800
.469113700
.467937700
.446704200
.482106000
.518836200
.443541000
.451084900
.472301700
.458495200
.436354399
.490060000
.468595600
.427268802
.475720300
.469921100
.434367200
.468591299
.453065000
.463650500
.498087901
.469582700
.503845900
.512239100
.503116800
.439268000
.462228899
.498959800
.412134500
.451415300
.470714700
.468417000
.456232701
.482392300
.458796100
.483549000
.546281199
.476163000
.463744200
.458364700
.451602900
.476639499
.512986001
.503538500
.455754299
.501960501
.484992400
.448950001
.572440399
.467597500
.448557200
.489147900
.466678400
.464878300
.519507201
.461098400
.473770500
.473131600
.460739100
.499120800
.452659500
.485014300
.453798300
.459855000
.491597400
.492970100
.465158900
.492336700
.441884700
.440667401
.467829099
.488677800
.475734300
.484099601
.467290299
.452816400
.478076201
