.373896100
.357719200
.361194100
.359286000
.370320400
.390193900
.378673300
.368052700
.348421000
.411250000
.375398700
.373043899
.374926000
.399644701
.386957300
.386997600
.375643000
.383448700
.371573700
.358249100
.333471900
.387612199
.356685700
.351591700
.371929401
.371652001
.370259600
.444291300
.358902300
.353892800
.389715600
.363619900
.368867600
.394547500
.379026000
.354986200
.355153000
.381536700
.488237900
.364221900
.403837199
.383407100
.355378601
.335086900
.404866000
.399608100
.367904200
.358662600
.402951900
.393613700
.369676800
.364467600
.604254399
.394610200
.349207200
.370134500
.407617600
.380871100
.372825300
.415915100
.396647800
.343520500
.344641900
.411340600
.363084000
.359555800
.332589700
.413813400
.367074100
.365403500
.371610800
.410683800
.388641500
.339117800
.383173800
.400513000
.364710200
.378652000
.371635300
.372608099
.395049900
.427407400
.370995600
.411779200
.371505200
.362030500
.334644100
.403125900
.374690400
.355751900
.378908800
.396190900
.403554400
.359844500
.367360399
.384962400
.402365200
.360703700
.402978901
.389786300
.368737300
.356029100
.436084500
.391337800
.359068600
.396103900
.415695398
.367397700
.373120100
.361919201
.404226901
.359860000
.369413900
.340145400
.400945600
.388617299
.369771200
.368570101
.367767800
.387559400
.355611600
.363678300
.367368600
.464093900
.420221701
.425795500
.364830100
.373553400
.357184400
.391288000
.403618900
.354876400
.384743600
.411674200
.391357000
.400822000
.378892801
.418874600
.355417100
.391529700
.377847500
.380448700
.369513100
.375936300
.350494699
.407788300
.335378300
.367287900
.355388101
.461091300
.435564700
.374622000
.383227400
.382340399
.360372900
.372411700
.418451801
.396884200
.405821900
.376728501
.448016200
.355054400
.376828900
.377148200
.428117100
.401502400
.369926300
.364500100
.364581700
.398053900
.384221600
.419761600
.467692500
.398729500
.602633600
.635766700
.553851000
.649303399
.399471400
.364994801
.406511400
.402125299
.381152000
.370060800
.391543401
.404599500
.383711000
.379278900
.368915399
.391363400
.357030900
.364311102
.406280799
.389004200
.362026900
.369260401
.371386500
.367300100
.360404699
.373858501
.425947999
.384858401
.384185600
.377801900
.402571500
.494936100
.408086800
.423897499
.411237200
.362754100
.375595501
.390767200
.408305700
.363958300
.343424199
.404854900
.374497500
.360161300
.358723201
.395969200
.395718000
.350718000
.361221100
.363523099
.398753000
.371686700
.380373001
.401483400
.346520600
.360003000
.533110599
.401655501
.383440600
.412124100
.407608200
.375136900
.379542900
.372535500
.442590500
.355648700
.362150000
.401796200
.401576700
.349879400
.384808700
.399367000
.402227600
.398730299
.359491600
.404085500
.383538000
.427575100
.355238401
.413594100
.393417400
.372002400
.364204000
.380196500
.373827500
.380147000
.393126700
.377748600
.360422600
.391020900
.371502100
.403649200
.370015500
.377304100
.383971700
.402213500
.359105900
.367836800
.421139300
.399078000
.347332100
.395894900
.431799199
.387601500
.367625000
.368752901
.399857700
.373306100
.360896200
.347995900
.394440400
.378272200
.376377900
.372202500
.391759000
.383488200
.463543200
.399854200
.392909900
.367308400
.365444500
.396527000
.389675800
.364080000
.365099200
.439927000
.386895500
.374406800
.368801700
.399825600
.411584300
.364508600
.408469300
.405570300
.379629500
.360322400
.391034600
.379412800
.367499600
.359061000
.415858900
.411602100
.383557100
.363540301
.403829901
.506566099
.363895800
.356074500
.409756400
.387720000
.392819700
.375053900
.405356000
.366654900
.414915300
.415759600
.403455100
.387691800
.376144000
.378711900
.395462000
.348645500
.357634599
.524823000
.406774700
.364871300
.359230901
.402854800
.371869000
.356043300
.373918700
.373452600
.385781100
.374178900
.381799199
.422206100
.381383300
.371007600
.394386701
.404985700
.382637400
.359667600
.368363800
.388413400
.359470100
.337712800
.372565000
.366683600
.360650000
.370768900
.364527900
.395214400
.352785800
.374357100
.393908800
.396021600
.352900700
.385213200
.383007800
.398377500
.376540600
.357596201
.408720900
.364664400
.375137600
.361251301
.397771000
.362523500
.359550700
.352164000
.364608500
.373129799
.344399000
.336928902
.388270700
.386493500
.355663100
.343081201
.376095800
.403262200
.366873900
.388101400
.444631800
.387574100
.346752100
.359835099
.419704100
.402635600
.382891101
.444833200
.387534200
.360285199
.370969200
.378239001
.391841700
.363638100
.358888500
.388347700
.396510200
.342440200
.339416500
.396354600
.320890600
.386249500
.357766200
.401237400
.359606700
.352343600
.353999700
.419933999
.394310400
.356211800
.344856200
.391145501
.386741499
.374257500
.357911000
.409900700
.408233300
.396211601
.366993500
.374748500
.357162700
.347242399
.376433602
.379447799
.387277001
.401810500
.367847000
.437389100
.363213800
.359180800
.378337400
.397266100
.438352500
.358869700
.381517900
.379443600
.358364300
.355000700
.377941299
.405874500
.364603500
.383567700
.417826701
.394033200
.357757700
.370953300
.385327399
.375280300
.366339800
.356942900
.427942299
.375134000
.357769800
.393601501
.399519700
.391499700
.391497100
.382051400
.396630600
.376248200
.363306100
.356583699
.389941400
.384171600
.368987000
.438117801
.430219800
.388353100
.368032000
.428077600
.382352500
.358019300
.365787200
.410667200
.393215100
.377004000
.402427000
.416998900
.391221600
.420364500
.415030900
.401156000
.383129500
.391070400
.390754299
.397248100
.404973700
.363743401
.385171400
.388115800
.354811900
.379874100
.419893300
.382978800
.351285200
.384165000
.406075000
.392085000
.364318700
.427473300
.387687200
.394368800
.356893700
.406299200
.374998600
.419952300
.352920500
.429934099
.393431800
.381472501
.378427100
.390708900
.362732199
.346751200
.336129801
.369321598
.390282400
.349462800
.359934701
.403881700
.385501600
.371020900
.371652800
.371371700
.382346600
.358860700
.377676500
.395400100
.372438200
.510177199
.428468401
.403594300
.397730400
.369001200
.413792199
.399762000
.377422099
.371311701
.410359100
.364230600
.376023300
.379666900
.410261600
.371070300
.362705400
.380463600
.387671600
.381295600
.355307200
.367402800
.352269800
.374305600
.366946800
.385869099
.395980300
.362074900
.379305600
.464798100
.395065301
.381883799
.374583602
.411526499
.404024701
.360101200
.399395500
.429913000
.355949900
.384420200
.401732100
.405393500
.395330700
.373603100
.396939399
.388664900
.370971300
.371588500
.395831201
.391352000
.387505800
.357490100
.401487800
.367362300
.368062500
.393148799
.387952200
.402012700
.354556800
.360112500
.406915400
.388309600
.371352900
.387574800
.455548900
.364021500
.385039000
.418721100
.382572600
.379323000
.357279800
.437830599
.415589200
.385347200
.367644102
.383935200
.385037400
.357466300
.356815100
.362382100
.389683200
.383320300
.373614400
.401380400
.397379400
.642871300
.412757199
.375856400
.355961500
.351419700
.428037800
.371663100
.373241801
.372046500
.393422200
.451137500
.355152700
.420061198
.377769800
.375723900
.392733100
.403759100
.387358500
.371469000
.383272201
.395613399
.354692400
.366201600
.374460502
.406363500
.372672800
.364944700
.373965799
.402385000
.372143100
.380398900
.355854300
.395182500
.410293300
.354607800
.373880299
.387541100
.381122100
.396962100
.410269001
.457910600
.387037000
.402837600
.407870899
.390764100
.387597900
.367931900
.404679200
.378643700
.372055700
.367225799
.393764900
.427365300
.364309500
.409230801
.406065600
.380692100
.374650000
.426144300
.378037500
.367427300
.375405100
.413583499
.403967300
.378638600
.351124801
.421003600
.387720100
.377108900
.372282099
.397889400
.471418300
.376040200
.453566901
.399380800
.374025100
.407273999
.417078700
.389945100
.382882300
.345392800
.420914400
.370399800
.435571400
.401814500
.425804300
.373220000
.387146600
.414837300
.387273000
.357815100
.356417301
.416406800
.375971000
.377007300
.373696100
.444908600
.360239600
.373451800
.360915199
.391575500
.376667600
.368897900
.364896901
.422435000
.372443400
.371722000
.387328700
.400628800
.410467600
.366856900
.411352899
.381017800
.359036200
.387804700
.453524401
.375479100
.383678800
.368756900
.410285900
.369047300
.371275800
.427363000
.395121000
.399477100
.377900900
.463059900
.399121200
.359008800
.367146700
.406231400
.395990600
.369773400
.383513400
.390262900
.373027800
.409216400
.378310000
.381318600
.384041100
.374761900
.392278499
.401769500
.384511400
.363178200
.387589401
.395373700
.408180100
.375324200
.400283800
.411616500
.370617100
.371622200
.401535400
.398181300
.401680000
.360805900
.454580200
.374063500
.352975800
.423685800
.395924300
.372023300
.367735600
.425365500
.400605300
.383003000
.393020800
.531691100
.382072600
.393760800
.367654999
.404953900
.344216700
.378546500
.398192201
.386954900
.370335900
.363612300
.441544600
.388266900
.379121000
.377154100
.416152700
.380348700
.366140300
.352591800
.394567900
.402857300
.376193600
.389840500
.411730500
.368582300
.373317200
.373879100
.404483900
.384513800
.361903300
.411439600
.405347900
.362758299
.380177700
.407367901
.402107800
.370725000
.349219100
.416823699
.384867600
.376933000
.416933301
.408630500
.388981000
.366833500
.353712400
.401418800
.362547500
.359353300
.375663500
.409633800
.380089100
.375367299
.392545801
.388138000
.379245500
.392002400
.415845399
.384816000
.386942600
.376664201
.422905399
.404751800
.375307200
.371048001
.409513600
.389627300
.372111800
.355586800
.428716000
.387708000
.379084300
.438491700
.408965900
.361003700
.365797400
.413378499
.393892700
.369778600
.380475401
.425948700
.387287300
.389130501
.459149899
.377667600
.426578000
.371077601
.414241899
.412344100
.364938701
.361069199
.425566501
.385835900
.360154600
.373696700
.386563700
.363179600
.394941700
.360548400
.363089900
.359480700
.385319800
.370318800
.397751500
.356855900
.370670000
.356808000
.443244000
.365444100
.360697900
.357551999
.428849800
.368954300
.363481800
.370530201
.410187000
.377365700
.375540099
.383843001
.372225100
.347561800
.373800800
.400608000
.398571200
.364338800
.387842300
.388703300
.361898400
.369084300
.387777300
.400203399
.396435000
.353591300
.350831200
.410192001
.388241700
.385106900
.364437900
.372916500
.398555500
.349532200
.358256200
.536230400
.442114300
.395532100
.581386099
.660080300
.585658701
.396875500
.381002400
.362893100
.379800900
.414099300
.375928500
.343552600
.387956600
.392285500
.340086600
.359246100
.402790400
.401946400
.364085000
.356014500
.418929499
.428936900
.360229400
.353421801
.400460800
.389737900
.362634500
.367005700
.405519300
.364868400
.370463900
.391837400
.355075800
.415830200
.384940000
.413606499
.389208800
.371272600
.380705601
.422153600
.402792100
.368156200
.376788999
.378325600
.403571100
.393876700
.392466000
.414397000
.376757500
.358556700
.382631000
.401300300
.366618300
.352714800
.371015799
.419805800
.378153400
.383405000
.408080101
.408230600
