.310157400
.278992100
.291753300
.273447600
.405396400
.275306200
.279035100
.303419300
.284453700
.279208600
.281718600
.268895799
.279590600
.290652000
.276798500
.275601800
.273305300
.303260000
.278228400
.275362900
.284237500
.276754100
.294911299
.277474600
.270702600
.280900000
.293249900
.300855600
.313284100
.276646500
.285648500
.271584100
.279180301
.273338100
.281386100
.280918700
.272337900
.321762800
.303662100
.301573800
.298745200
.280657099
.285572601
.289131600
.290179300
.268318800
.268957000
.288754499
.301455000
.285240300
.283616100
.304002201
.315452400
.312998499
.281588900
.282974200
.288667600
.268771900
.285404600
.290991101
.276642600
.306404000
.273537300
.334347999
.290855801
.291270500
.276857400
.236767800
.303503501
.296142300
.276969199
.284697500
.274049901
.290461198
.294501000
.279885900
.283368900
.277594100
.268961701
.294187600
.280105600
.285453000
.279532700
.304470200
.319532099
.295691500
.272028100
.289928000
.269311000
.290138899
.277899200
.274500300
.283284900
.272745400
.313272701
.274546000
.279056800
.273927300
.278964200
.316096199
.289475300
.280505900
.279607400
.270918500
.303507501
.296284300
.277997300
.292068299
.264719800
.280468200
.303070300
.272437401
.268901100
.286442000
.273402000
.283707000
.292541200
.276676200
.311347900
.279401300
.307983399
.291588300
.305000100
.290328300
.270060400
.288780901
.298739800
.273502900
.276065500
.271509200
.297702000
.282471800
.267005200
.286591500
.283385800
.303613200
.298431600
.267034000
.275505600
.274982200
.283473700
.293038400
.289207200
.288741000
.280331200
.256569900
.299214400
.293242800
.280698200
.279258200
.271496300
.279706401
.289763400
.283620600
.272968300
.267084500
.303813800
.286903400
.280583800
.273755000
.271429400
.312009900
.291225300
.275718900
.289569900
.373547400
.290540199
.297189500
.278447900
.286834700
.273508402
.306093799
.292585800
.286297400
.395650500
.284791400
.298118701
.300668800
.277044800
.268172500
.272291200
.304716300
.284667900
.310084500
.274641800
.276699800
.301701899
.300593900
.283221500
.272785600
.271549300
.275089801
.310084900
.293860000
.278817300
.290936699
.272633700
.276728200
.290507400
.268795900
.293333700
.272611700
.344417601
.282503800
.288014100
.283258300
.278106400
.294131099
.276886400
.270754200
.271630900
.274123200
.296653600
.298862700
.285698300
.271469800
.303701700
.289657601
.280781400
.300065000
.276855400
.280842200
.333684799
.330901500
.280833800
.278592500
.276804500
.322062400
.295983800
.283100900
.450914700
.276909101
.291584600
.280185600
.320944900
.274989500
.285966700
.286631100
.280732700
.290988100
.271169400
.309361900
.280757199
.285092300
.285417300
.274827600
.268361800
.290365501
.310981900
.285746500
.284716900
.281538400
.287998700
.360889900
.272540500
.278254600
.260565300
.299731500
.287509100
.276758100
.275412200
.301026900
.281679000
.288933200
.296991800
.283723900
.289323900
.302670800
.301032900
.289183200
.268848000
.278751100
.276225800
.296308200
.320357400
.283868700
.276604700
.263927501
.330334100
.291716500
.262773000
.279489900
.280045000
.321521299
.285851100
.276250400
.371169200
.279081400
.311903300
.276557800
.272954300
.281592800
.288332900
.308715699
.289665699
.280992000
.266152400
.270451600
.307355600
.293672200
.275605900
.292033601
.284913300
.306667999
.305475400
.283105200
.281111400
.302107901
.300988999
.303025100
.289296500
.291391000
.276726100
.327766701
.303218800
.289713600
.280871400
.271811800
.307260599
.294579700
.296708400
.275080100
.283841700
.301011401
.299353200
.275123200
.298926700
.285568500
.300356000
.288379300
.298213199
.291094100
.279420600
.292078901
.298279600
.280802400
.285996600
.278837600
.279376799
.296246600
.280607801
.280245400
.306683099
.276854801
.287849500
.287467200
.276814300
.300287800
.277888201
.301611299
.285045300
.280146000
.276357100
.286828401
.310333799
.286529100
.295289800
.279274700
.266754500
.343608100
.291604600
.275928600
.269696100
.278456600
.291510801
.279061800
.280634800
.270082400
.272926600
.287107899
.275369900
.292027400
.277330700
.270775500
.277531101
.311319600
.280597000
.285418100
.260579000
.277662100
.280835800
.296268800
.280915000
.281977500
.292897600
.308561100
.277156000
.289379000
.278539900
.280869600
.316095999
.300960500
.282538500
.287615200
.272745400
.316030900
.299296300
.280466400
.275373300
.280778600
.335942400
.303078500
.282823600
.279308300
.272136000
.312804500
.300407800
.297911900
.280399900
.266659800
.301872800
.299630400
.288144500
.287416300
.276575900
.296066700
.284023700
.321506100
.289494300
.286554000
.307108701
.303640500
.284585500
.278299600
.263868000
.310063099
.285941800
.282204400
.285449500
.287697500
.299344301
.300233900
.303582000
.276033700
.281506100
.285639300
.281857100
.291261200
.277143100
.276402300
.275086299
.315004301
.294196700
.278584199
.261214300
.388365601
.292126000
.292142800
.278604200
.289654000
.276732499
.315712600
.340701100
.278390700
.320490600
.311126001
.302065700
.303391900
.323908500
.284320800
.320776700
.293902600
.312070000
.288834500
.272220100
.302787800
.307863400
.310606400
.277369000
.286725999
.283798601
.286545400
.292050400
.269481400
.271913600
.296962499
.299972300
.290831600
.280725801
.266675200
.297613800
.311500699
.295550700
.264740200
.285256400
.306812401
.303241600
.339440800
.285412400
.273299300
.298959500
.308089500
.289591900
.276036600
.291369900
.313220700
.290998900
.301654400
.268437100
.279086799
.295723901
.307073700
.370841700
.274501000
.278745899
.303852801
.310525700
.282097100
.279974200
.331577699
.292839101
.288053700
.276594700
.274804599
.301840300
.298685301
.276985800
.279240200
.274882400
.284640800
.305880100
.283957600
.291891400
.293692500
.272370900
.283222100
.285116700
.266965900
.272976100
.271951100
.272539400
.298668300
.324859500
.272315200
.283053000
.271749300
.326422499
.303676600
.267721100
.275942700
.276604400
.290369201
.300887200
.272622000
.273500900
.274312900
.296239700
.276544300
.282548400
.344196399
.326324600
.493620901
.449624900
.336183600
.383045800
.470073800
.379928700
.256102301
.272378800
.292651200
.288160400
.313389400
.279180700
.258877500
.283651300
.279338200
.300057400
.275881899
.294932999
.296981499
.277551100
.279999400
.272787600
.281733400
.285291200
.264385000
.297038200
.278884000
.282606700
.257936101
.307726100
.292525200
.287146100
.267351000
.268791202
.299478400
.287572900
.287196500
.270436900
.268459100
.280282000
.282123200
.256780600
.281632900
.234152300
.275928901
.278089900
.283511100
.282913900
.277561700
.231496300
.300046200
.307733300
.300552800
.285268700
.283120200
.280602100
.290963200
.269273000
.269014500
.275229600
.297291800
.290055400
.277756000
.265670900
.266588100
.275622101
.287033000
.280587500
.268976600
.263116700
.330513400
.299865100
.283008900
.274823200
.269158400
.272552600
.286857399
.316148700
.297621800
.286575801
.274387900
.301802700
.274549700
.289010000
.268759500
.269351000
.291078900
.294537700
.275653500
.275112700
.271965900
.234555300
.273669400
.298704700
.275868500
.274001000
.275143900
.289789400
.274183700
.275904400
.260305300
.270849300
.277456900
.272577000
.294909700
.301094700
.271005900
.271249800
.321353500
.276898100
.267618600
.238366600
.262497700
.273683800
.290976400
.262800100
.269117000
.279606000
.283065300
.273038000
.272493800
.302942800
.265157100
.249713900
.273542200
.295424600
.278112100
.275803099
.328215100
.355248800
.299697700
.280927100
.272743802
.274014699
.294688800
.284807200
.270508500
.275721100
.268380100
.331203099
.303243300
.264942400
.271289900
.279767200
.292926601
.292058500
.283436000
.242420900
.277710200
.310489500
.298892500
.293200900
.236316700
.278926700
.276831000
.299824000
.293807100
.284660100
.269800400
.267315399
.299619601
.300173500
.276359900
.273214600
.272414599
.303003901
.297111000
.303498500
.284704000
.264971600
.285544600
.272634500
.306967500
.272699800
.272992400
.271064300
.275905900
.310296300
.285198300
.273977200
.259889000
.276575400
.283575400
.276373200
.271698200
.276401400
.290474000
.342444100
.282429300
.266804000
.279701200
.292565400
.304635000
.335318200
.268840200
.267213799
.336644801
.299218900
.281140200
.285792000
.279567300
.288195900
.302075500
.274001100
.269241600
.260971200
.269563500
.278968600
.284798100
.284914200
.275137300
.271819501
.304377700
.279342200
.269844000
.280143300
.268561400
.304816499
.271025500
.279781500
.272286000
.230509900
.269192001
.297756000
.262545700
.270662200
.297589300
.243319000
.299644300
.276669200
.277013600
.280261100
.271812100
.264102299
.272548300
.288250700
.268162600
.267272800
.276242701
.311179000
.276501000
.277038200
.281494799
.316602001
.308851899
.303533900
.272546400
.286383300
.281842600
.297411199
.279882700
.275709000
.272627800
.268240900
.286670201
.260031900
.276897900
.271645900
.242424400
.274825799
.293434600
.272576400
.275781200
.270445500
.273825202
.331464300
.280704100
.267227500
.274259700
.296032601
.281093700
.279253300
.290602400
.267910000
.280976000
.279697199
.272778000
.283675600
.274595200
.238725100
.268966802
.352966699
.292765800
.282845800
.280984500
.294271501
.288665300
.289308900
.265456000
.281633600
.274550700
.291582799
.284086100
.267789600
.276894000
.283393300
.281468701
.291068300
.304321000
.238329500
.276936900
.275487700
.273048500
.294058800
.234977400
.272176900
.278740700
.322426000
.333922900
.273247700
.286429200
.271749000
.301209900
.269217900
.280526100
.282965600
.269008000
.293314800
.268504600
.287462900
.268724400
.239522600
.287063699
.276805900
.270047400
.276529400
.285322300
.245886400
.283984401
.260480500
.280938700
.274952300
.241550500
.294274600
.280909100
.293003400
.286606600
.276843700
.286977600
.291517200
.299275500
.277258900
.273723500
.269358500
.297560599
.280714400
.283804000
.275935500
.279480600
.290690700
.276677200
.295122900
.270869800
.283300300
.359303200
.292620600
.300819600
.268102100
.289734900
.293477100
.295396200
.289396800
.272644000
.271311300
.275089700
.312389600
.288394800
.272711800
.288921700
.309381800
.291157200
.241022700
.315135199
.312865300
.285207001
.297447500
.285512100
.269152400
.280104500
.275978801
.294967201
.284488200
.274407200
.266130100
.275416700
.297093800
.287174500
.288087700
.275153600
.297176300
.299245100
.302388500
.284746300
.271425400
.270091400
.299707500
.285775200
.283370900
.302405000
.247169500
.297871500
.293360300
.280647300
.268687300
.270884900
.275360301
.306903600
.319245199
.300948000
.294733001
.269934801
.287182900
.295616600
.278945700
.275026400
.270799300
.304640700
.283646000
.272760800
.275558200
.273031000
.312255499
.291202700
.286802700
.272246500
.275876300
.317485901
.285901200
.277789700
.271774200
.276724500
.289757200
.285172300
.264802500
.275709000
.243386300
.255660000
.283701001
.294336900
.271356000
.290469800
.265480200
.303034200
.304177400
.284335200
.270411500
.268014499
.312757800
.289973900
